bloom_map_push_elem : 3 : 3 : 3227.3050250520214 : 60 : 1 : 5 : 0 : 0 : 0 : 2 : 1.0 ：0
bloom_map_alloc : 0 : 17 : 45110.17718717323 : 60 : 1 : 11 : 0 : 0 : 2 : 2 : 0.6 ：0
bloom_map_peek_elem : 2 : 3 : 3129.5624937032358 : 60 : 1 : 5 : 0 : 0 : 0 : 2 : 1.0 ：0
bloom_map_free : 1 : 1 : 558.4120552351153 : 60 : 1 : 2 : 0 : 0 : 0 : 1 : 1.0 ：0
