find_ucounts : 0 : 3 : 1410.9130717036835 : 1835 : 3 : 2 : 2 : 0 : 3 : 2 : 1.0 ：0
set_permissions : 2 : 2 : 3403.6167736983616 : 1836 : 1 : 2 : 0 : 0 : 1 : 1 : 1.0 ：0
dec_ucount : 2 : 2 : 1875.5383802421 : 1835 : 1 : 7 : 0 : 0 : 2 : 2 : 1.0 ：0
inc_ucount : 0 : 5 : 8669.022598951258 : 1835 : 1 : 29 : 0 : 0 : 5 : 2 : 1.0 ：0
dec_rlimit_ucounts : 3 : 3 : 4147.5 : 109 : 1 : 2 : 0 : 0 : 3 : 2 : 1.0 ：0
inc_rlimit_ucounts : 3 : 6 : 5038.1699378479325 : 109 : 2 : 2 : 1 : 0 : 5 : 2 : 1.0 ：0
is_ucounts_overlimit : 3 : 4 : 4093.8909352999754 : 109 : 1 : 2 : 0 : 0 : 4 : 2 : 1.0 ：0
hlist_add_ucounts : 1 : 1 : 975.0944678568849 : 109 : 2 : 4 : 1 : 0 : 1 : 1 : 0.8 ：0
atomic_long_inc_below : 2 : 4 : 2051.8877032674613 : 109 : 2 : 4 : 1 : 0 : 2 : 2 : 1.0 ：0
alloc_ucounts : 0 : 5 : 10847.737614814449 : 109 : 2 : 16 : 1 : 0 : 6 : 3 : 0.6 ：0
put_ucounts : 1 : 2 : 842.5056234996445 : 21 : 3 : 4 : 5 : 0 : 0 : 2 : 0.8 ：1
get_ucounts : 0 : 3 : 672.0 : 21 : 1 : 6 : 0 : 0 : 1 : 2 : 1.0 ：0
user_namespace_sysctl_init : 1 : 1 : 3803.0775705247884 : 1836 : 1 : 20 : 0 : 0 : 1 : 1 : 1.0 ：0
retire_userns_sysctls : 1 : 1 : 900.087201098663 : 1836 : 1 : 3 : 0 : 0 : 1 : 1 : 1.0 ：0
setup_userns_sysctls : 1 : 4 : 6958.788913381744 : 1836 : 2 : 8 : 1 : 0 : 4 : 3 : 1.0 ：0
