sfq_change : 2 : 21 : 55735.74713796426 : 3884 : 2 : 29 : 1 : 0 : 6 : 3 : 0.3999999999999999 ：1
slot_dequeue_tail : 0 : 1 : 1798.4836501501493 : 3413 : 4 : 0 : 4 : 0 : 2 : 1 : 1.0 ：0
sfq_drop : 2 : 4 : 14850.392485971503 : 1416 : 3 : 10 : 3 : 0 : 5 : 2 : 1.0 ：0
sfq_dump : 2 : 4 : 20294.734128007665 : 4467 : 1 : 6 : 0 : 0 : 4 : 2 : 1.0 ：0
sfq_init : 3 : 10 : 37921.717207061614 : 5487 : 1 : 71 : 0 : 0 : 6 : 2 : 0.3999999999999999 ：0
sfq_tcf_block : 0 : 2 : 480.37536016615434 : 1074 : 1 : 1 : 0 : 0 : 2 : 1 : 1.0 ：0
sfq_perturbation : 1 : 4 : 4527.661241647748 : 5487 : 2 : 27 : 1 : 0 : 4 : 1 : 0.8 ：0
sfq_dequeue : 0 : 6 : 20923.6972020251 : 3047 : 2 : 10 : 1 : 0 : 7 : 3 : 0.8 ：0
sfq_reset : 1 : 2 : 594.0 : 5487 : 1 : 12 : 0 : 0 : 1 : 1 : 1.0 ：0
sfq_rehash : 1 : 12 : 51401.7607909665 : 3047 : 3 : 19 : 2 : 0 : 8 : 4 : 0.6 ：0
sfq_dump_class_stats : 3 : 3 : 6881.012421283013 : 4467 : 1 : 3 : 0 : 0 : 5 : 2 : 1.0 ：0
slot_queue_add : 2 : 1 : 1250.204990594726 : 3033 : 4 : 0 : 4 : 0 : 0 : 1 : 1.0 ：0
sfq_enqueue : 3 : 29 : 111475.38114279117 : 3047 : 1 : 39 : 0 : 0 : 12 : 5 : 0.3999999999999999 ：0
slot_dequeue_head : 0 : 1 : 1798.4836501501493 : 3033 : 4 : 0 : 10 : 0 : 2 : 1 : 0.8 ：0
sfq_walk : 2 : 6 : 6081.545559656053 : 4467 : 1 : 1 : 0 : 0 : 1 : 3 : 1.0 ：0
sfq_destroy : 1 : 1 : 1397.2673220947722 : 3034 : 1 : 6 : 0 : 0 : 1 : 1 : 0.8 ：0
sfq_classify : 3 : 11 : 11071.533629307536 : 4180 : 2 : 7 : 1 : 0 : 4 : 3 : 0.8 ：0
sfq_link : 2 : 1 : 8555.308073755088 : 5487 : 5 : 1 : 16 : 0 : 2 : 1 : 0.8 ：0
sfq_inc : 2 : 2 : 2561.4183926743162 : 3047 : 4 : 3 : 4 : 0 : 1 : 1 : 1.0 ：0
sfq_dec : 2 : 3 : 2652.7283039886684 : 3047 : 4 : 3 : 9 : 0 : 1 : 1 : 0.8 ：0
