isotp_init : 1 : 3 : 15151.565485087847 : 0 : 1 : 130 : 0 : 0 : 1 : 1 : 1.0 ：0
isotp_module_init : 1 : 2 : 750.0206553595605 : 0 : 1 : 3 : 0 : 0 : 2 : 1 : 1.0 ：0
isotp_getsockopt : 5 : 11 : 14894.220431993457 : 0 : 1 : 5 : 0 : 0 : 4 : 2 : 0.8 ：0
isotp_notifier : 3 : 10 : 12857.776950748024 : 0 : 2 : 99 : 1 : 0 : 7 : 2 : 0.8 ：0
isotp_setsockopt : 5 : 27 : 32995.81978487673 : 0 : 1 : 4 : 0 : 0 : 5 : 3 : 0.6 ：0
isotp_bind : 3 : 31 : 59544.08808117282 : 0 : 1 : 100 : 0 : 0 : 14 : 4 : 0.6 ：0
isotp_getname : 3 : 2 : 4350.4918887137055 : 0 : 1 : 2 : 0 : 0 : 3 : 1 : 1.0 ：1
isotp_tx_timer_handler : 1 : 15 : 59442.73438724741 : 0 : 2 : 22 : 1 : 0 : 9 : 3 : 0.6 ：0
isotp_recvmsg : 4 : 5 : 9462.19132231814 : 0 : 1 : 5 : 0 : 0 : 7 : 2 : 0.6 ：0
isotp_rcv : 2 : 20 : 49515.645150663724 : 0 : 3 : 88 : 4 : 0 : 4 : 4 : 0.6 ：0
isotp_create_fframe : 3 : 4 : 34661.5675035132 : 0 : 2 : 0 : 1 : 0 : 2 : 2 : 1.0 ：0
isotp_release : 1 : 7 : 12974.229272337432 : 0 : 1 : 102 : 0 : 0 : 4 : 4 : 0.8 ：0
isotp_rcv_cf : 4 : 22 : 77761.0195829351 : 0 : 4 : 37 : 5 : 0 : 3 : 3 : 0.3999999999999999 ：0
isotp_rcv_sf : 5 : 7 : 12809.06124394595 : 0 : 4 : 16 : 5 : 0 : 2 : 2 : 0.8 ：0
check_pad : 4 : 8 : 11685.90142218924 : 0 : 5 : 3 : 18 : 0 : 1 : 2 : 0.6 ：0
isotp_sendmsg : 3 : 28 : 100339.24088566327 : 0 : 1 : 21 : 0 : 0 : 13 : 2 : 0.6 ：0
isotp_rcv_ff : 3 : 10 : 54480.1681336786 : 0 : 4 : 20 : 5 : 0 : 4 : 2 : 0.6 ：0
isotp_rcv_skb : 2 : 2 : 3031.240782629211 : 0 : 5 : 4 : 12 : 0 : 1 : 1 : 0.8 ：0
isotp_rcv_fc : 3 : 22 : 59770.847409646114 : 0 : 4 : 10 : 5 : 0 : 1 : 2 : 0.6 ：0
isotp_send_fc : 3 : 8 : 37359.54884754979 : 0 : 5 : 16 : 12 : 0 : 5 : 2 : 0.19999999999999996 ：0
isotp_fill_dataframe : 4 : 8 : 21910.727718817878 : 0 : 3 : 3 : 3 : 0 : 4 : 3 : 0.8 ：0
isotp_rx_timer_handler : 1 : 3 : 4079.6623001306157 : 0 : 2 : 2 : 1 : 0 : 2 : 2 : 1.0 ：0
check_optimized : 2 : 4 : 13613.257813119597 : 0 : 6 : 1 : 19 : 0 : 0 : 1 : 0.8 ：0
