validate_lease : 4 : 13 : 13312.453836758743 : 852 : 3 : 0 : 2 : 0 : 4 : 2 : 0.8 ：0
drm_lease_filter_crtcs : 2 : 6 : 9601.695210935432 : 478 : 1 : 3 : 0 : 0 : 8 : 3 : 0.8 ：0
drm_lease_destroy : 1 : 3 : 11212.501732331324 : 852 : 1 : 10 : 0 : 0 : 1 : 1 : 0.8 ：0
drm_mode_get_lease_ioctl : 3 : 8 : 17530.718228524536 : 852 : 1 : 7 : 0 : 0 : 9 : 2 : 0.6 ：0
drm_lease_create : 0 : 9 : 23799.80184497391 : 852 : 2 : 12 : 1 : 0 : 9 : 2 : 0.3999999999999999 ：0
drm_lease_held : 2 : 4 : 2339.7744374746767 : 306 : 1 : 2 : 0 : 0 : 4 : 0 : 0.8 ：0
drm_lease_owner : 0 : 2 : 336.2567533315453 : 478 : 3 : 0 : 3 : 0 : 1 : 0 : 1.0 ：0
drm_mode_create_lease_ioctl : 3 : 15 : 46448.316478345565 : 852 : 1 : 40 : 0 : 0 : 16 : 1 : 0.6 ：1
drm_lease_revoke : 1 : 1 : 453.3038654722838 : 852 : 1 : 2 : 0 : 0 : 0 : 0 : 0.8 ：0
fill_object_idr : 5 : 24 : 64353.41503901711 : 852 : 2 : 11 : 1 : 0 : 14 : 4 : 0.3999999999999999 ：0
drm_mode_list_lessees_ioctl : 3 : 8 : 14352.258701601831 : 852 : 1 : 7 : 0 : 0 : 6 : 3 : 0.6 ：0
_drm_lease_held_master : 2 : 2 : 616.0225185447213 : 306 : 0 : 0 : 0 : 0 : 1 : 0 : 1.0 ：0
drm_mode_revoke_lease_ioctl : 3 : 7 : 7119.228418352349 : 852 : 1 : 4 : 0 : 0 : 7 : 1 : 0.8 ：0
_drm_lease_held : 2 : 3 : 366.3435320959681 : 306 : 0 : 0 : 0 : 0 : 1 : 0 : 1.0 ：0
_drm_lease_revoke : 1 : 8 : 10317.62641185736 : 852 : 0 : 0 : 0 : 0 : 3 : 2 : 1.0 ：0
_drm_has_leased : 2 : 2 : 752.0421751944784 : 852 : 0 : 0 : 0 : 0 : 3 : 0 : 1.0 ：0
