i2c_smbus_read_i2c_block_data_or_emulated : 4 : 9 : 13916.052848322812 : 0 : 1 : 11 : 0 : 0 : 5 : 3 : 0.8 ：0
__i2c_smbus_xfer : 7 : 15 : 29579.888440611707 : 0 : 0 : 0 : 0 : 0 : 5 : 3 : 0.6 ：0
i2c_setup_smbus_alert : 1 : 6 : 3605.0088237619066 : 0 : 1 : 5 : 0 : 0 : 3 : 1 : 1.0 ：0
i2c_smbus_xfer : 7 : 2 : 1148.749584960968 : 0 : 3 : 1 : 13 : 0 : 3 : 1 : 0.6 ：0
i2c_new_smbus_alert_device : 0 : 1 : 467.09502949906755 : 0 : 2 : 2 : 1 : 0 : 0 : 2 : 1.0 ：0
i2c_smbus_try_get_dmabuf : 2 : 3 : 2863.0039730551516 : 0 : 0 : 0 : 1 : 0 : 1 : 1 : 1.0 ：0
i2c_smbus_write_i2c_block_data : 4 : 2 : 2556.1904761904757 : 0 : 1 : 3 : 0 : 0 : 1 : 1 : 1.0 ：0
i2c_smbus_xfer_emulated : 7 : 52 : 301008.09224697016 : 0 : 0 : 0 : 0 : 0 : 8 : 4 : 0.3999999999999999 ：0
i2c_smbus_read_block_data : 3 : 2 : 2887.5887066254927 : 0 : 1 : 3 : 0 : 0 : 3 : 1 : 0.8 ：0
i2c_smbus_write_byte_data : 3 : 1 : 825.0977007847991 : 0 : 1 : 2 : 0 : 0 : 1 : 1 : 1.0 ：0
i2c_smbus_read_i2c_block_data : 4 : 3 : 4484.027729142765 : 0 : 2 : 3 : 1 : 0 : 3 : 1 : 0.8 ：0
i2c_smbus_write_word_data : 3 : 1 : 825.0977007847991 : 0 : 1 : 2 : 0 : 0 : 1 : 1 : 1.0 ：0
i2c_smbus_read_byte_data : 2 : 1 : 1153.8616791534373 : 0 : 2 : 2 : 1 : 0 : 2 : 1 : 1.0 ：0
i2c_smbus_read_word_data : 2 : 1 : 1153.8616791534373 : 0 : 2 : 2 : 1 : 0 : 2 : 1 : 1.0 ：0
i2c_smbus_read_byte : 1 : 1 : 1210.4301001903852 : 0 : 1 : 2 : 0 : 0 : 2 : 1 : 1.0 ：0
i2c_smbus_write_block_data : 4 : 2 : 2340.2679713827524 : 0 : 1 : 3 : 0 : 0 : 1 : 1 : 1.0 ：0
i2c_smbus_msg_pec : 2 : 1 : 1761.6573187594192 : 0 : 0 : 0 : 5 : 0 : 1 : 1 : 1.0 ：0
i2c_smbus_check_pec : 2 : 2 : 2113.2217328804936 : 0 : 0 : 0 : 1 : 0 : 1 : 2 : 1.0 ：0
i2c_smbus_pec : 3 : 2 : 1070.4777333877835 : 0 : 0 : 0 : 6 : 0 : 2 : 1 : 0.8 ：0
