squashfs_xattr_lookup : 5 : 3 : 7189.8347901974685 : 4612 : 1 : 5 : 0 : 0 : 7 : 1 : 0.8 ：1
squashfs_read_xattr_id_table : 0 : 11 : 58340.210505832096 : 4612 : 1 : 8 : 0 : 0 : 6 : 3 : 0.3999999999999999 ：0
