udf_adinicb_write_begin : 6 : 4 : 2038.474327820626 : 3755 : 1 : 3 : 0 : 0 : 1 : 1 : 1.0 ：0
__udf_adinicb_readpage : 1 : 1 : 5126.171919732968 : 3755 : 0 : 0 : 0 : 0 : 4 : 1 : 1.0 ：0
udf_release_file : 2 : 4 : 2501.307092156068 : 5357 : 1 : 8 : 0 : 0 : 0 : 2 : 0.8 ：0
udf_adinicb_read_folio : 2 : 1 : 356.9395239429004 : 221 : 1 : 3 : 0 : 0 : 0 : 1 : 0.8 ：0
udf_adinicb_writepage : 2 : 1 : 3367.681378380394 : 6453 : 1 : 10 : 0 : 0 : 3 : 1 : 1.0 ：0
udf_file_write_iter : 2 : 7 : 12858.241278512325 : 3146 : 1 : 14 : 0 : 0 : 9 : 4 : 0.6 ：1
udf_ioctl : 3 : 15 : 16493.404638088174 : 5357 : 1 : 10 : 0 : 0 : 3 : 2 : 0.6 ：0
udf_setattr : 3 : 12 : 9724.623345379208 : 4512 : 1 : 11 : 0 : 0 : 5 : 2 : 0.8 ：0
udf_adinicb_write_end : 7 : 2 : 1909.5536354948185 : 2280 : 1 : 4 : 0 : 0 : 3 : 1 : 1.0 ：0
