do_handle_open : 3 : 4 : 5390.442359757577 : 2511 : 2 : 25 : 2 : 0 : 7 : 2 : 1.0 ：0
get_vfsmount_from_fd : 0 : 3 : 3840.0 : 4736 : 5 : 6 : 5 : 0 : 4 : 2 : 0.8 ：0
handle_to_path : 3 : 12 : 15246.478520902803 : 4736 : 3 : 17 : 3 : 0 : 9 : 2 : 0.8 ：0
do_sys_name_to_handle : 4 : 14 : 29376.89555595963 : 4736 : 2 : 8 : 1 : 0 : 4 : 2 : 0.3999999999999999 ：1
do_handle_to_path : 3 : 5 : 6731.442795215516 : 4736 : 4 : 12 : 4 : 0 : 5 : 2 : 1.0 ：0
