cfg80211_leave_ocb : 2 : 1 : 1008.0368485277255 : 3216 : 1 : 2 : 0 : 0 : 3 : 1 : 0.8 ：0
__cfg80211_join_ocb : 3 : 5 : 3873.594207328008 : 3216 : 0 : 0 : 0 : 0 : 3 : 1 : 0.8 ：0
__cfg80211_leave_ocb : 2 : 4 : 3617.7764074773904 : 3216 : 0 : 0 : 0 : 0 : 3 : 1 : 1.0 ：1
cfg80211_join_ocb : 3 : 1 : 1055.8561940127386 : 3216 : 1 : 2 : 0 : 0 : 3 : 1 : 0.8 ：0
