subflow_get_info : 2 : 24 : 19837.786899651168 : 1430 : 2 : 14 : 1 : 0 : 8 : 2 : 0.3999999999999999 ：1
subflow_get_info_size : 1 : 1 : 5257.382781009127 : 1430 : 2 : 2 : 1 : 0 : 2 : 1 : 1.0 ：0
