raw_notify : 3 : 9 : 10447.679317626684 : 978 : 2 : 43 : 1 : 0 : 1 : 3 : 0.8 ：0
raw_module_init : 1 : 4 : 1683.909445409034 : 5865 : 1 : 5 : 0 : 0 : 4 : 2 : 1.0 ：0
raw_sendmsg : 3 : 22 : 36792.25831442868 : 5865 : 1 : 23 : 0 : 0 : 14 : 2 : 0.3999999999999999 ：0
raw_recvmsg : 4 : 6 : 11964.666916431584 : 4869 : 1 : 8 : 0 : 0 : 6 : 2 : 0.8 ：0
raw_setsockopt : 5 : 55 : 129773.04839927645 : 5865 : 1 : 76 : 0 : 0 : 14 : 4 : 0.3999999999999999 ：0
raw_init : 1 : 2 : 9067.679723408422 : 5865 : 1 : 6 : 0 : 0 : 1 : 1 : 0.8 ：0
raw_check_txframe : 3 : 10 : 4779.606082119908 : 6 : 2 : 4 : 1 : 0 : 3 : 1 : 1.0 ：0
raw_put_canxl_vcid : 2 : 5 : 4535.570300092796 : 6 : 2 : 0 : 1 : 0 : 1 : 2 : 0.8 ：0
raw_getname : 3 : 2 : 2416.724095551089 : 5865 : 1 : 2 : 0 : 0 : 4 : 1 : 1.0 ：0
raw_disable_filters : 5 : 2 : 1478.6504064825729 : 5865 : 4 : 15 : 8 : 0 : 1 : 1 : 0.8 ：0
raw_bind : 3 : 21 : 36700.972186877 : 5865 : 1 : 98 : 0 : 0 : 12 : 4 : 0.3999999999999999 ：0
raw_release : 1 : 6 : 14002.767399620545 : 5865 : 1 : 50 : 0 : 0 : 2 : 3 : 0.6 ：0
raw_enable_allfilters : 3 : 3 : 3636.896107798167 : 5865 : 2 : 50 : 1 : 0 : 3 : 2 : 1.0 ：0
raw_disable_allfilters : 3 : 1 : 1314.400988766544 : 5865 : 3 : 33 : 4 : 0 : 1 : 1 : 1.0 ：0
raw_getsockopt : 5 : 32 : 58929.316319979276 : 5865 : 1 : 6 : 0 : 0 : 7 : 4 : 0.6 ：1
raw_notifier : 3 : 6 : 4498.223582951644 : 531 : 1 : 49 : 0 : 0 : 5 : 2 : 0.8 ：0
raw_rcv : 2 : 24 : 48694.15276018735 : 3640 : 5 : 13 : 24 : 0 : 5 : 3 : 0.3999999999999999 ：0
raw_flags : 0 : 1 : 1990.3672606650862 : 4869 : 6 : 1 : 26 : 0 : 0 : 1 : 0.8 ：0
raw_enable_errfilter : 4 : 2 : 754.0102245541952 : 5865 : 3 : 15 : 3 : 0 : 2 : 1 : 1.0 ：0
raw_enable_filters : 5 : 4 : 7633.442154591803 : 5865 : 3 : 16 : 3 : 0 : 3 : 3 : 1.0 ：0
