imon_get_ffdc_type : 1 : 14 : 57627.81688423751 : 4360 : 4 : 2 : 3 : 0 : 3 : 2 : 0.8 ：0
imon_init_intf1 : 0 : 13 : 19341.39640336461 : 4360 : 2 : 84 : 1 : 0 : 9 : 2 : 0.3999999999999999 ：0
imon_find_endpoints : 2 : 17 : 54808.57873339991 : 4360 : 3 : 3 : 4 : 0 : 9 : 3 : 0.6 ：0
imon_set_display_type : 1 : 16 : 10331.575160767867 : 4360 : 4 : 1 : 3 : 0 : 1 : 3 : 0.8 ：0
imon_init_rdev : 0 : 8 : 29028.51766044163 : 4360 : 3 : 66 : 2 : 0 : 6 : 2 : 0.3999999999999999 ：0
imon_init_idev : 0 : 6 : 25378.75443014814 : 4360 : 3 : 11 : 2 : 0 : 7 : 2 : 1.0 ：0
imon_disconnect : 1 : 10 : 16983.51851718013 : 207 : 1 : 17 : 0 : 0 : 3 : 3 : 0.6 ：0
imon_probe : 2 : 16 : 34562.507535464494 : 4360 : 1 : 257 : 0 : 0 : 12 : 3 : 0.6 ：0
imon_incoming_packet : 3 : 49 : 119204.84269174699 : 1721 : 4 : 44 : 8 : 0 : 10 : 3 : 0.19999999999999996 ：0
imon_init_display : 2 : 6 : 5718.714294738537 : 4360 : 2 : 5 : 1 : 0 : 1 : 1 : 1.0 ：0
imon_init_intf0 : 0 : 17 : 37703.31645010926 : 4360 : 2 : 151 : 1 : 0 : 15 : 2 : 0.3999999999999999 ：0
usb_rx_callback_intf0 : 1 : 9 : 8472.28677973405 : 4360 : 3 : 47 : 3 : 0 : 3 : 2 : 0.8 ：0
imon_resume : 1 : 2 : 8524.786068598165 : 4360 : 1 : 100 : 0 : 0 : 4 : 2 : 1.0 ：0
imon_init_touch : 0 : 5 : 17776.478543386926 : 4360 : 3 : 12 : 2 : 0 : 6 : 2 : 0.8 ：0
imon_suspend : 2 : 2 : 1203.3125678441195 : 4360 : 1 : 2 : 0 : 0 : 2 : 1 : 1.0 ：0
usb_rx_callback_intf1 : 1 : 9 : 8376.638433388825 : 4360 : 3 : 47 : 3 : 0 : 3 : 2 : 0.8 ：0
imon_pad_to_keys : 2 : 22 : 141651.35163272353 : 4360 : 5 : 10 : 9 : 0 : 2 : 5 : 0.19999999999999996 ：0
imon_touch_event : 2 : 1 : 5243.647687073112 : 4360 : 5 : 4 : 9 : 0 : 0 : 1 : 0.8 ：0
imon_parse_press_type : 3 : 22 : 25030.301004508914 : 4360 : 5 : 2 : 9 : 0 : 2 : 2 : 0.3999999999999999 ：0
imon_panel_key_lookup : 2 : 3 : 4136.403177873932 : 4360 : 5 : 0 : 9 : 0 : 4 : 3 : 0.8 ：0
imon_touch_display_timeout : 1 : 2 : 2448.4224215442964 : 4360 : 3 : 4 : 2 : 0 : 1 : 1 : 1.0 ：0
imon_remote_key_lookup : 2 : 5 : 5365.7369665978185 : 4360 : 6 : 1 : 19 : 0 : 4 : 2 : 0.8 ：0
imon_ir_change_protocol : 2 : 14 : 27142.583377193303 : 4360 : 4 : 28 : 3 : 0 : 6 : 2 : 0.6 ：0
imon_mce_key_lookup : 2 : 3 : 7345.947201682326 : 4360 : 5 : 1 : 9 : 0 : 2 : 1 : 0.8 ：0
lcd_write : 4 : 10 : 8666.823106974967 : 207 : 1 : 27 : 0 : 0 : 6 : 2 : 0.6 ：0
imon_clock_store : 4 : 20 : 13015.833613852665 : 546 : 1 : 29 : 0 : 1 : 7 : 2 : 0.6 ：0
imon_clock_show : 3 : 3 : 4215.382192337031 : 546 : 1 : 4 : 0 : 0 : 3 : 2 : 0.8 ：0
vfd_write : 4 : 16 : 39083.29176822261 : 207 : 1 : 27 : 0 : 0 : 9 : 3 : 0.3999999999999999 ：1
imon_mouse_event : 3 : 26 : 62651.6020526572 : 4360 : 5 : 6 : 9 : 0 : 4 : 3 : 0.19999999999999996 ：0
associate_remote_store : 4 : 2 : 1387.2256665241507 : 546 : 1 : 28 : 0 : 0 : 2 : 1 : 0.8 ：0
usb_tx_callback : 1 : 3 : 3218.278313397839 : 4360 : 6 : 2 : 14 : 0 : 1 : 1 : 0.8 ：0
associate_remote_show : 3 : 4 : 4306.596937116936 : 546 : 1 : 6 : 0 : 0 : 1 : 1 : 0.8 ：0
send_associate_24g : 1 : 4 : 3881.8413872239507 : 4360 : 2 : 24 : 1 : 0 : 0 : 2 : 1.0 ：0
send_set_imon_clock : 8 : 9 : 57689.645592976616 : 4360 : 2 : 24 : 1 : 0 : 3 : 3 : 0.3999999999999999 ：0
send_packet : 1 : 8 : 35788.937732536804 : 3546 : 5 : 21 : 13 : 0 : 4 : 3 : 0.19999999999999996 ：1
display_open : 2 : 14 : 12279.753856173735 : 207 : 1 : 16 : 0 : 0 : 7 : 2 : 0.6 ：0
free_imon_context : 1 : 1 : 2236.371551106978 : 207 : 2 : 4 : 3 : 0 : 1 : 1 : 0.8 ：0
display_close : 2 : 5 : 4561.121141730663 : 4360 : 1 : 10 : 0 : 0 : 3 : 2 : 0.8 ：0
