vgem_prime_get_sg_table : 0 : 1 : 524.3939421796667 : 1299 : 1 : 2 : 0 : 0 : 1 : 0 : 1.0 ：0
vgem_unpin_pages : 1 : 2 : 1411.8298443298718 : 953 : 2 : 3 : 2 : 0 : 0 : 1 : 0.8 ：0
vgem_prime_pin : 1 : 2 : 2675.192312341534 : 1299 : 1 : 9 : 0 : 0 : 3 : 0 : 1.0 ：0
vgem_prime_import_sg_table : 0 : 3 : 6528.474783000962 : 999 : 1 : 6 : 0 : 0 : 2 : 1 : 1.0 ：0
vgem_prime_import : 0 : 1 : 764.6269524198453 : 999 : 1 : 3 : 0 : 0 : 1 : 0 : 1.0 ：0
vgem_release : 1 : 1 : 939.1781556995272 : 997 : 1 : 5 : 0 : 0 : 1 : 0 : 1.0 ：0
vgem_prime_unpin : 1 : 1 : 200.75790004038475 : 953 : 1 : 5 : 0 : 0 : 1 : 0 : 1.0 ：0
vgem_gem_dumb_map : 4 : 6 : 2951.22345454 : 1766 : 1 : 4 : 0 : 0 : 5 : 1 : 1.0 ：0
vgem_mmap : 2 : 2 : 1918.5699137078927 : 1299 : 1 : 1 : 0 : 0 : 2 : 0 : 1.0 ：0
vgem_gem_create : 0 : 3 : 2206.0730410475526 : 999 : 2 : 5 : 1 : 0 : 2 : 0 : 1.0 ：0
vgem_gem_dumb_create : 3 : 3 : 3917.326029664289 : 1766 : 1 : 10 : 0 : 0 : 1 : 0 : 1.0 ：0
vgem_prime_vmap : 0 : 2 : 1534.507691120787 : 1299 : 1 : 9 : 0 : 0 : 4 : 0 : 1.0 ：0
vgem_init : 1 : 8 : 8859.443253898873 : 1766 : 1 : 11 : 0 : 0 : 5 : 1 : 0.6 ：0
vgem_prime_vunmap : 2 : 1 : 269.8462801008327 : 1299 : 1 : 6 : 0 : 0 : 1 : 0 : 1.0 ：0
vgem_prime_mmap : 2 : 4 : 3057.7395418069173 : 1299 : 1 : 5 : 0 : 0 : 2 : 0 : 1.0 ：0
vgem_pin_pages : 0 : 3 : 3790.5833633916322 : 953 : 2 : 4 : 2 : 0 : 2 : 2 : 0.8 ：0
__vgem_gem_create : 0 : 3 : 2870.5309984309833 : 999 : 0 : 0 : 0 : 0 : 3 : 1 : 0.8 ：0
vgem_postclose : 2 : 1 : 342.6619429851844 : 1054 : 1 : 2 : 0 : 0 : 1 : 0 : 1.0 ：0
vgem_gem_fault : 1 : 10 : 17865.16773375275 : 1766 : 1 : 9 : 0 : 0 : 8 : 2 : 0.3999999999999999 ：0
vgem_gem_free_object : 1 : 2 : 1326.911507110057 : 1766 : 1 : 6 : 0 : 0 : 1 : 0 : 0.8 ：0
vgem_open : 2 : 3 : 2194.2220496685572 : 1293 : 1 : 3 : 0 : 0 : 3 : 1 : 1.0 ：0
