tipc_cmd_show_stats_compat : 1 : 2 : 1194.2203563990515 : 0 : 3 : 6 : 2 : 0 : 0 : 1 : 1.0 ：0
tipc_nl_compat_handle : 1 : 20 : 54988.8238228926 : 0 : 2 : 205 : 1 : 0 : 2 : 2 : 0.8 ：0
tipc_netlink_compat_start : 1 : 2 : 584.1782172295752 : 0 : 1 : 2 : 0 : 0 : 2 : 2 : 1.0 ：0
tipc_nl_compat_net_set : 3 : 7 : 4605.273113156632 : 0 : 3 : 5 : 2 : 0 : 2 : 2 : 0.8 ：0
tipc_nl_compat_publ_dump : 2 : 5 : 8255.800027587557 : 0 : 4 : 7 : 3 : 0 : 6 : 2 : 0.6 ：0
tipc_nl_compat_media_dump : 2 : 3 : 3884.183471906009 : 0 : 3 : 13 : 2 : 0 : 2 : 1 : 1.0 ：0
tipc_nl_compat_recv : 2 : 12 : 25853.874511813727 : 0 : 1 : 232 : 0 : 0 : 10 : 2 : 0.8 ：0
tipc_nl_compat_net_dump : 2 : 3 : 4234.168576181253 : 0 : 3 : 13 : 2 : 0 : 3 : 1 : 1.0 ：0
__tipc_nl_compat_publ_dump : 2 : 4 : 9686.669408137128 : 0 : 0 : 0 : 0 : 0 : 2 : 1 : 1.0 ：0
tipc_nl_compat_name_table_dump : 2 : 17 : 47361.56443922001 : 0 : 3 : 9 : 2 : 0 : 7 : 2 : 0.6 ：0
tipc_nl_compat_name_table_dump_header : 1 : 4 : 7309.157211842403 : 0 : 3 : 6 : 2 : 0 : 3 : 2 : 1.0 ：0
tipc_nl_compat_node_dump : 2 : 3 : 5540.078259120244 : 0 : 3 : 14 : 2 : 0 : 3 : 1 : 1.0 ：0
tipc_nl_compat_media_set : 2 : 4 : 5581.57771587496 : 0 : 4 : 4 : 3 : 0 : 3 : 1 : 1.0 ：0
tipc_nl_compat_link_set : 3 : 5 : 8823.792146365246 : 0 : 3 : 20 : 2 : 0 : 4 : 2 : 0.8 ：0
__fill_bc_link_stat : 3 : 1 : 21843.06789315477 : 0 : 0 : 0 : 0 : 0 : 0 : 1 : 1.0 ：0
__tipc_nl_compat_link_set : 2 : 4 : 5581.57771587496 : 0 : 0 : 0 : 0 : 0 : 3 : 1 : 1.0 ：0
tipc_nl_compat_link_dump : 2 : 3 : 6649.587711500229 : 0 : 3 : 14 : 2 : 0 : 3 : 1 : 1.0 ：0
tipc_nl_compat_link_stat_dump : 2 : 14 : 138067.73294208696 : 0 : 3 : 13 : 2 : 0 : 6 : 2 : 0.6 ：0
tipc_nl_compat_bearer_disable : 3 : 5 : 5333.289045739554 : 0 : 3 : 10 : 2 : 0 : 3 : 1 : 0.8 ：0
tipc_nl_compat_bearer_enable : 3 : 9 : 14195.067290738127 : 0 : 3 : 13 : 2 : 0 : 4 : 2 : 0.8 ：0
tipc_nl_compat_sk_dump : 2 : 9 : 26430.064162318984 : 0 : 3 : 14 : 2 : 1 : 5 : 2 : 0.6 ：0
tipc_nl_compat_link_reset_stats : 3 : 5 : 5333.289045739554 : 0 : 3 : 10 : 2 : 0 : 3 : 1 : 0.8 ：0
tipc_nl_compat_doit : 2 : 6 : 3617.17038354959 : 0 : 3 : 2 : 2 : 0 : 2 : 1 : 1.0 ：0
tipc_nl_compat_bearer_set : 2 : 4 : 5581.57771587496 : 0 : 4 : 4 : 3 : 0 : 3 : 1 : 1.0 ：0
__tipc_nl_compat_dumpit : 3 : 19 : 40498.79069696482 : 0 : 0 : 0 : 0 : 0 : 15 : 4 : 0.3999999999999999 ：0
tipc_nl_compat_bearer_dump : 2 : 3 : 3884.183471906009 : 0 : 3 : 13 : 2 : 0 : 2 : 1 : 1.0 ：0
tipc_tlv_alloc : 0 : 2 : 1833.7427129372943 : 0 : 4 : 0 : 13 : 0 : 4 : 1 : 0.8 ：0
tipc_get_err_tlv : 0 : 2 : 1374.031944152318 : 0 : 2 : 13 : 1 : 0 : 3 : 1 : 1.0 ：0
__tipc_nl_compat_doit : 2 : 10 : 16032.593409436317 : 0 : 0 : 0 : 0 : 0 : 10 : 2 : 0.3999999999999999 ：0
tipc_nl_compat_dumpit : 2 : 11 : 18592.668657624115 : 0 : 3 : 10 : 2 : 0 : 5 : 3 : 0.6 ：1
tipc_add_tlv : 4 : 4 : 3229.084504095806 : 0 : 4 : 9 : 17 : 0 : 1 : 1 : 0.8 ：0
__tipc_add_link_prop : 3 : 4 : 1963.4427650147065 : 0 : 0 : 0 : 0 : 0 : 0 : 2 : 1.0 ：0
tipc_tlv_init : 2 : 1 : 1304.8293821019029 : 0 : 4 : 3 : 6 : 0 : 1 : 1 : 0.8 ：0
tipc_skb_tailroom : 1 : 2 : 952.0 : 0 : 5 : 1 : 18 : 0 : 4 : 1 : 0.8 ：0
