bpf_ctx_init : 0 : 7 : 8562.351594556842 : 244 : 2 : 8 : 4 : 0 : 5 : 3 : 0.6 ：0
bpf_ctx_finish : 4 : 9 : 5789.329214829236 : 244 : 2 : 2 : 4 : 0 : 5 : 2 : 0.8 ：0
bpf_prog_test_run_raw_tp : 3 : 21 : 25950.83541708863 : 527 : 1 : 10 : 0 : 0 : 5 : 2 : 0.6 ：0
xdp_convert_buff_to_md : 2 : 3 : 1371.9053254745206 : 244 : 2 : 1 : 1 : 0 : 0 : 1 : 1.0 ：0
convert_skb_to___skb : 2 : 2 : 5464.024655162585 : 1063 : 2 : 2 : 1 : 0 : 1 : 1 : 1.0 ：0
bpf_prog_test_run_flow_dissector : 3 : 17 : 33275.877498994225 : 1135 : 1 : 32 : 0 : 0 : 12 : 2 : 0.3999999999999999 ：0
bpf_prog_test_run_skb : 3 : 36 : 77904.1624853496 : 1803 : 1 : 67 : 0 : 0 : 17 : 4 : 0.3999999999999999 ：0
bpf_prog_test_run_sk_lookup : 3 : 33 : 55887.53668136626 : 369 : 1 : 34 : 0 : 0 : 14 : 3 : 0.3999999999999999 ：0
verify_user_bpf_flow_keys : 1 : 3 : 2519.674862619547 : 957 : 2 : 4 : 1 : 0 : 0 : 1 : 1.0 ：0
xdp_convert_md_to_buff : 2 : 12 : 11907.089417811905 : 244 : 2 : 3 : 1 : 0 : 4 : 2 : 0.6 ：0
__bpf_prog_test_run_raw_tp : 1 : 1 : 795.2120305166392 : 527 : 0 : 0 : 0 : 0 : 1 : 1 : 0.8 ：0
convert___skb_to_skb : 2 : 13 : 55370.25975999449 : 1063 : 2 : 6 : 1 : 0 : 1 : 2 : 0.6 ：0
bpf_prog_test_run_xdp : 3 : 44 : 112897.18865198945 : 1803 : 1 : 109 : 0 : 0 : 23 : 4 : 0.3999999999999999 ：0
bpf_prog_test_run_tracing : 3 : 20 : 12321.081691972378 : 735 : 1 : 0 : 0 : 0 : 8 : 2 : 0.8 ：0
bpf_prog_test_run_syscall : 3 : 16 : 15889.040606670465 : 294 : 1 : 9 : 0 : 0 : 6 : 2 : 0.6 ：0
BTF_ID : 0 : 6 : 5334.454337622765 : 3 : 0 : 0 : 0 : 0 : 2 : 2 : 0.8 ：0
bpf_kfunc_call_test_acquire : 0 : 2 : 418.8090414263365 : 49 : 0 : 0 : 0 : 0 : 1 : 1 : 1.0 ：0
bpf_test_run : 6 : 6 : 14065.948814735568 : 0 : 2 : 11 : 2 : 0 : 7 : 3 : 0.8 ：0
bpf_test_finish : 7 : 22 : 35049.741496757684 : 369 : 2 : 6 : 4 : 0 : 12 : 5 : 0.6 ：0
bpf_test_run_xdp_live : 5 : 6 : 5033.748874506098 : 0 : 2 : 52 : 1 : 0 : 5 : 2 : 1.0 ：0
xdp_recv_frames : 4 : 5 : 9913.986604969166 : 0 : 4 : 6 : 3 : 0 : 3 : 3 : 1.0 ：0
xdp_test_run_batch : 3 : 16 : 34044.70536463488 : 0 : 3 : 28 : 2 : 0 : 10 : 4 : 0.6 ：0
reset_ctx : 1 : 2 : 2802.9742568748156 : 0 : 4 : 3 : 3 : 0 : 0 : 1 : 1.0 ：0
xdp_test_run_setup : 2 : 8 : 20886.1706647339 : 0 : 3 : 15 : 2 : 0 : 7 : 2 : 0.3999999999999999 ：0
xdp_test_run_init_page : 2 : 1 : 12290.144002661727 : 0 : 4 : 6 : 3 : 0 : 5 : 1 : 1.0 ：0
