udf_unlink : 2 : 10 : 14108.368731253806 : 6461 : 1 : 43 : 0 : 0 : 10 : 2 : 0.8 ：0
udf_rename : 6 : 37 : 98055.33761523386 : 6461 : 1 : 106 : 0 : 0 : 17 : 3 : 0.3999999999999999 ：0
udf_get_parent : 0 : 4 : 5236.979250872435 : 5345 : 1 : 26 : 0 : 0 : 4 : 1 : 1.0 ：0
udf_tmpfile : 4 : 3 : 3503.8225181502576 : 3466 : 1 : 8 : 0 : 0 : 1 : 1 : 0.8 ：0
udf_fh_to_parent : 0 : 3 : 981.9145152614421 : 5345 : 1 : 7 : 0 : 0 : 1 : 1 : 1.0 ：0
udf_link : 3 : 5 : 14576.707975850632 : 6461 : 1 : 58 : 0 : 0 : 4 : 2 : 0.6 ：0
udf_fh_to_dentry : 0 : 4 : 1155.4105501817312 : 5345 : 1 : 7 : 0 : 0 : 1 : 1 : 1.0 ：0
udf_symlink : 4 : 33 : 119111.20958468707 : 2180 : 1 : 86 : 0 : 0 : 20 : 4 : 0.3999999999999999 ：0
udf_add_nondir : 2 : 3 : 11119.354825337998 : 3034 : 2 : 57 : 3 : 0 : 5 : 2 : 1.0 ：0
udf_create : 5 : 3 : 2967.008329017198 : 6461 : 1 : 63 : 0 : 0 : 1 : 1 : 1.0 ：0
udf_mkdir : 4 : 7 : 33599.20801321146 : 6461 : 1 : 61 : 0 : 0 : 8 : 2 : 0.3999999999999999 ：0
udf_mknod : 5 : 3 : 2038.474327820626 : 6461 : 1 : 63 : 0 : 0 : 1 : 1 : 1.0 ：0
udf_nfs_get_inode : 0 : 5 : 3834.5479442394408 : 5345 : 2 : 6 : 2 : 0 : 2 : 2 : 0.8 ：0
udf_rmdir : 2 : 12 : 14670.32727272727 : 4094 : 1 : 51 : 0 : 0 : 9 : 2 : 0.8 ：0
udf_encode_fh : 4 : 6 : 10267.017841577202 : 5345 : 1 : 1 : 0 : 1 : 6 : 2 : 0.8 ：0
empty_dir : 1 : 16 : 47550.431728077005 : 6461 : 2 : 7 : 2 : 0 : 9 : 3 : 0.3999999999999999 ：0
udf_delete_entry : 4 : 2 : 1197.2306215973701 : 6461 : 2 : 13 : 3 : 0 : 0 : 1 : 1.0 ：0
udf_add_entry : 0 : 51 : 312648.4717068918 : 3034 : 3 : 34 : 7 : 0 : 25 : 5 : 0.19999999999999996 ：0
udf_match : 4 : 2 : 358.94557347153267 : 5365 : 3 : 1 : 6 : 0 : 0 : 1 : 0.8 ：0
udf_find_entry : 0 : 35 : 101038.35934957804 : 2778 : 2 : 17 : 5 : 0 : 23 : 6 : 0.3999999999999999 ：0
udf_write_fi : 6 : 23 : 135408.61797878996 : 3034 : 4 : 10 : 19 : 0 : 6 : 3 : 0.3999999999999999 ：0
udf_lookup : 0 : 6 : 8295.750720400742 : 5365 : 1 : 25 : 0 : 0 : 5 : 2 : 0.8 ：0
