smp_call_on_cpu_callback : 1 : 3 : 2899.5302854560596 : 0 : 2 : 3 : 1 : 0 : 1 : 1 : 1.0 ：0
smp_call_on_cpu : 4 : 3 : 3181.666666666667 : 0 : 1 : 9 : 0 : 0 : 0 : 2 : 1.0 ：0
wake_up_all_idle_cpus : 1 : 3 : 609.4749329149288 : 0 : 1 : 6 : 0 : 0 : 1 : 2 : 1.0 ：0
smp_call_function_any : 4 : 9 : 6278.649283181831 : 0 : 1 : 39 : 0 : 0 : 5 : 2 : 1.0 ：0
smp_call_function_many_cond : 5 : 23 : 47375.82046661122 : 0 : 4 : 40 : 4 : 0 : 7 : 4 : 0.3999999999999999 ：0
csd_lock : 1 : 1 : 1235.7626468516642 : 0 : 5 : 4 : 7 : 0 : 0 : 1 : 0.8 ：1
flush_smp_call_function_queue : 1 : 4 : 1756.3487101178093 : 0 : 1 : 6 : 0 : 0 : 0 : 1 : 1.0 ：0
smp_init : 1 : 1 : 3282.9384109608145 : 0 : 1 : 7 : 0 : 0 : 0 : 1 : 1.0 ：0
generic_exec_single : 2 : 6 : 6160.359961411276 : 0 : 3 : 12 : 3 : 0 : 2 : 2 : 0.8 ：1
__csd_lock_wait : 1 : 3 : 1043.1753879099558 : 0 : 0 : 0 : 0 : 0 : 1 : 2 : 1.0 ：0
__flush_smp_call_function_queue : 1 : 19 : 51772.00667182654 : 0 : 0 : 0 : 0 : 0 : 8 : 4 : 0.3999999999999999 ：0
__smp_call_single_queue : 2 : 5 : 13441.96624011962 : 0 : 0 : 0 : 0 : 0 : 2 : 2 : 1.0 ：0
csd_lock_wait_getcpu : 1 : 3 : 1420.9529074881843 : 0 : 0 : 0 : 1 : 0 : 0 : 1 : 1.0 ：1
smp_call_function_single_async : 2 : 3 : 1725.5836476375741 : 0 : 1 : 16 : 0 : 0 : 3 : 2 : 1.0 ：0
on_each_cpu_cond_mask : 5 : 2 : 650.0629785712566 : 0 : 1 : 43 : 0 : 0 : 0 : 1 : 1.0 ：0
csdlock_debug : 1 : 3 : 1014.6253246618936 : 0 : 1 : 3 : 0 : 0 : 1 : 2 : 1.0 ：0
smp_call_function_single : 4 : 5 : 13354.056796043511 : 0 : 2 : 29 : 1 : 0 : 4 : 3 : 0.6 ：0
csd_unlock : 1 : 1 : 992.6242605643473 : 0 : 4 : 2 : 4 : 0 : 0 : 1 : 1.0 ：0
call_function_init : 1 : 1 : 371.21710490061645 : 0 : 1 : 10 : 0 : 0 : 1 : 1 : 1.0 ：1
__csd_lock_record : 1 : 3 : 3961.1874498937686 : 0 : 0 : 0 : 0 : 0 : 0 : 2 : 0.8 ：0
smpcfd_dying_cpu : 1 : 3 : 3272.4041104043367 : 0 : 1 : 1 : 0 : 0 : 0 : 1 : 1.0 ：0
csd_lock_wait : 1 : 2 : 515.4152049644883 : 0 : 6 : 2 : 15 : 0 : 0 : 2 : 0.8 ：1
send_call_function_single_ipi : 1 : 2 : 356.8281156778911 : 0 : 5 : 4 : 5 : 0 : 0 : 2 : 1.0 ：0
csd_lock_wait_toolong : 4 : 17 : 43787.83836406135 : 0 : 0 : 0 : 0 : 0 : 8 : 3 : 0.3999999999999999 ：1
smpcfd_dead_cpu : 1 : 1 : 997.1975165675865 : 0 : 1 : 3 : 0 : 0 : 1 : 1 : 0.8 ：0
smpcfd_prepare_cpu : 1 : 4 : 5059.867564805683 : 0 : 2 : 5 : 1 : 0 : 1 : 2 : 0.8 ：0
