ctrl_cmd_del_lookup : 3 : 6 : 5905.092339629453 : 104 : 3 : 4 : 2 : 0 : 3 : 2 : 0.8 ：0
ctrl_cmd_bye : 1 : 4 : 23322.13459691438 : 104 : 3 : 27 : 2 : 0 : 10 : 3 : 0.8 ：1
say_hello : 1 : 2 : 4596.157615062603 : 93 : 4 : 4 : 4 : 0 : 5 : 2 : 1.0 ：0
server_add : 0 : 7 : 12517.174879175078 : 43 : 4 : 10 : 3 : 0 : 8 : 2 : 0.6 ：0
qrtr_ns_worker : 1 : 19 : 45200.45016018339 : 104 : 2 : 150 : 1 : 0 : 8 : 3 : 0.6 ：0
ctrl_cmd_del_server : 5 : 7 : 6014.932264454629 : 104 : 3 : 21 : 2 : 0 : 1 : 2 : 0.8 ：0
ctrl_cmd_new_lookup : 3 : 4 : 13418.554944975767 : 104 : 3 : 11 : 2 : 0 : 6 : 3 : 1.0 ：1
ctrl_cmd_del_client : 3 : 9 : 34661.79912429367 : 104 : 3 : 31 : 2 : 0 : 13 : 3 : 0.6 ：1
server_del : 2 : 7 : 8905.707786895247 : 104 : 4 : 16 : 9 : 0 : 3 : 2 : 0.6 ：0
ctrl_cmd_hello : 1 : 2 : 482.58223637080135 : 104 : 3 : 18 : 2 : 0 : 2 : 1 : 1.0 ：0
service_announce_del : 2 : 2 : 11982.594966036833 : 43 : 5 : 5 : 10 : 0 : 5 : 2 : 0.8 ：0
service_announce_new : 2 : 1 : 11120.26887958541 : 43 : 5 : 4 : 7 : 0 : 3 : 2 : 0.8 ：0
qrtr_ns_init : 1 : 10 : 15763.581478250157 : 104 : 1 : 167 : 0 : 0 : 6 : 2 : 0.8 ：0
ctrl_cmd_new_server : 5 : 11 : 13634.333625184167 : 104 : 3 : 24 : 2 : 0 : 6 : 3 : 0.8 ：0
announce_servers : 1 : 3 : 4639.193193033244 : 104 : 4 : 12 : 3 : 0 : 5 : 3 : 1.0 ：1
lookup_notify : 3 : 3 : 10623.526864533276 : 104 : 5 : 4 : 16 : 0 : 4 : 2 : 0.8 ：0
node_get : 0 : 3 : 3280.689417638 : 104 : 5 : 3 : 17 : 0 : 4 : 1 : 0.8 ：0
server_match : 2 : 5 : 2008.579240190417 : 104 : 4 : 0 : 3 : 0 : 0 : 1 : 1.0 ：0
