fscrypt_init_keyring : 1 : 4 : 1153.779283825664 : 1160 : 1 : 2 : 0 : 0 : 4 : 1 : 1.0 ：0
fscrypt_ioctl_add_key : 2 : 20 : 27680.071708464977 : 1160 : 1 : 126 : 0 : 0 : 9 : 2 : 0.3999999999999999 ：0
try_to_lock_encrypted_files : 2 : 5 : 17805.50847457627 : 1160 : 3 : 23 : 3 : 0 : 2 : 1 : 1.0 ：0
do_remove_key : 3 : 20 : 40056.02869524734 : 1160 : 2 : 93 : 2 : 0 : 9 : 3 : 0.3999999999999999 ：0
fscrypt_provisioning_key_describe : 2 : 2 : 1978.3679432185293 : 1020 : 1 : 3 : 0 : 0 : 0 : 2 : 1.0 ：0
fscrypt_ioctl_get_key_status : 2 : 15 : 23751.241093073895 : 1160 : 1 : 45 : 0 : 0 : 9 : 3 : 0.3999999999999999 ：0
get_keyring_key : 3 : 7 : 9714.621764239759 : 1020 : 2 : 6 : 1 : 0 : 8 : 1 : 1.0 ：0
fscrypt_provisioning_key_preparse : 1 : 7 : 8542.26333395913 : 1020 : 1 : 1 : 0 : 0 : 1 : 1 : 0.8 ：0
fscrypt_verify_key_added : 2 : 6 : 6159.408744026866 : 1160 : 1 : 37 : 0 : 0 : 6 : 2 : 1.0 ：0
check_for_busy_inodes : 2 : 4 : 13578.935405003587 : 1160 : 4 : 8 : 4 : 0 : 2 : 2 : 0.8 ：0
shrink_dcache_inode : 1 : 3 : 1381.079160477694 : 1160 : 5 : 5 : 5 : 0 : 1 : 3 : 1.0 ：0
add_master_key : 3 : 4 : 5980.628021903016 : 883 : 2 : 107 : 2 : 0 : 3 : 2 : 1.0 ：0
fscrypt_add_test_dummy_key : 2 : 3 : 2830.988424910593 : 159 : 1 : 116 : 0 : 0 : 6 : 1 : 1.0 ：0
fscrypt_get_test_dummy_key_identifier : 1 : 3 : 1887.3256166070619 : 159 : 1 : 9 : 0 : 0 : 4 : 1 : 1.0 ：0
evict_dentries_for_decrypted_inodes : 1 : 2 : 6620.76728165797 : 1160 : 4 : 10 : 4 : 0 : 3 : 3 : 0.8 ：0
fscrypt_get_test_dummy_secret : 1 : 1 : 1907.4352914707074 : 159 : 2 : 3 : 2 : 0 : 0 : 1 : 1.0 ：0
allocate_master_key_users_keyring : 1 : 2 : 2919.429668461555 : 1160 : 5 : 6 : 5 : 0 : 1 : 1 : 1.0 ：0
add_existing_master_key : 2 : 10 : 8672.130938066532 : 1160 : 4 : 32 : 4 : 0 : 4 : 3 : 0.8 ：0
fscrypt_find_master_key : 0 : 12 : 15795.99552695393 : 1160 : 4 : 9 : 9 : 0 : 7 : 3 : 0.3999999999999999 ：0
add_master_key_user : 1 : 2 : 4198.9813836194235 : 1160 : 5 : 11 : 10 : 0 : 3 : 1 : 0.8 ：0
do_add_master_key : 3 : 6 : 13649.061085633492 : 883 : 3 : 103 : 3 : 0 : 3 : 3 : 0.6 ：0
remove_master_key_user : 1 : 2 : 1638.6603185816527 : 1160 : 3 : 15 : 3 : 0 : 3 : 1 : 1.0 ：0
find_master_key_user : 0 : 4 : 6814.780307227364 : 1160 : 5 : 10 : 11 : 0 : 1 : 2 : 0.8 ：0
add_new_master_key : 3 : 7 : 10205.795041285579 : 24 : 4 : 42 : 4 : 0 : 6 : 2 : 0.6 ：0
fscrypt_mk_hash_bucket : 0 : 1 : 2721.73839201811 : 24 : 5 : 2 : 15 : 0 : 0 : 1 : 0.8 ：0
fscrypt_sb_delete : 1 : 3 : 13155.743651189114 : 24 : 1 : 28 : 0 : 0 : 5 : 3 : 1.0 ：0
fscrypt_put_master_key_activeref : 1 : 3 : 15300.01733842771 : 24 : 3 : 18 : 4 : 0 : 3 : 2 : 0.8 ：0
allocate_filesystem_keyring : 1 : 3 : 3819.155145585922 : 1160 : 4 : 3 : 4 : 0 : 1 : 1 : 0.8 ：1
fscrypt_put_master_key : 1 : 2 : 2897.2620903895254 : 24 : 5 : 8 : 19 : 0 : 0 : 1 : 0.6 ：0
fscrypt_user_key_instantiate : 2 : 2 : 1645.7500682159082 : 1160 : 1 : 1 : 0 : 0 : 0 : 1 : 1.0 ：0
fscrypt_free_master_key : 1 : 2 : 2324.6814571115324 : 24 : 6 : 2 : 20 : 0 : 0 : 1 : 0.8 ：0
