gpc_unmap : 2 : 5 : 1211.453440358516 : 471 : 2 : 5 : 2 : 0 : 0 : 1 : 1.0 ：0
kvm_gpc_check : 2 : 7 : 4879.146394517028 : 24 : 1 : 4 : 0 : 0 : 7 : 0 : 0.8 ：0
kvm_gpc_deactivate : 1 : 2 : 11314.499816155594 : 24 : 1 : 13 : 0 : 0 : 3 : 1 : 0.8 ：0
hva_to_pfn_retry : 1 : 15 : 41234.515030346185 : 24 : 0 : 0 : 0 : 0 : 5 : 2 : 0.3999999999999999 ：0
kvm_gpc_refresh : 2 : 2 : 3370.510319422359 : 24 : 1 : 2 : 0 : 0 : 0 : 0 : 1.0 ：1
__kvm_gpc_activate : 4 : 3 : 5931.205757566667 : 24 : 0 : 0 : 0 : 0 : 1 : 1 : 0.8 ：0
__kvm_gpc_refresh : 4 : 22 : 61020.635644969574 : 471 : 0 : 0 : 0 : 0 : 11 : 3 : 0.3999999999999999 ：1
kvm_gpc_init : 2 : 1 : 1003.372114193392 : 24 : 1 : 2 : 0 : 0 : 0 : 0 : 0.8 ：1
mmu_notifier_retry_cache : 2 : 3 : 7022.917721265784 : 660 : 0 : 0 : 1 : 0 : 1 : 0 : 1.0 ：0
gpc_map : 0 : 2 : 506.3859084509693 : 24 : 0 : 0 : 1 : 0 : 1 : 0 : 1.0 ：0
gfn_to_pfn_cache_invalidate_start : 4 : 9 : 9314.59645379033 : 798 : 1 : 8 : 0 : 0 : 1 : 2 : 0.8 ：0
