mark_oom_victim : 1 : 4 : 6828.458248015087 : 1166 : 4 : 7 : 5 : 0 : 1 : 2 : 0.8 ：0
exit_oom_victim : 1 : 2 : 170.28571878425493 : 1161 : 1 : 3 : 0 : 0 : 0 : 1 : 1.0 ：0
oom_reap_task : 1 : 6 : 7055.317084686166 : 54 : 3 : 19 : 2 : 0 : 3 : 1 : 0.8 ：0
task_will_free_mem : 1 : 10 : 12509.863516316613 : 54 : 4 : 9 : 6 : 0 : 8 : 2 : 0.3999999999999999 ：0
oom_kill_memcg_member : 2 : 3 : 713.6518222585223 : 1161 : 4 : 2 : 3 : 0 : 0 : 2 : 1.0 ：0
oom_reaper : 1 : 4 : 2340.503519646461 : 998 : 2 : 23 : 1 : 0 : 1 : 3 : 0.8 ：0
__oom_reap_task_mm : 1 : 9 : 14729.804005797194 : 54 : 0 : 0 : 0 : 0 : 5 : 4 : 0.8 ：0
__task_will_free_mem : 1 : 6 : 3381.782929186314 : 1916 : 0 : 0 : 0 : 0 : 5 : 1 : 1.0 ：0
check_panic_on_oom : 1 : 7 : 4276.927757289668 : 3374 : 3 : 54 : 2 : 0 : 0 : 2 : 0.8 ：0
__oom_kill_process : 2 : 10 : 40394.11766271091 : 1161 : 0 : 0 : 0 : 0 : 3 : 3 : 0.3999999999999999 ：0
out_of_memory : 1 : 24 : 30911.39197925371 : 837 : 2 : 283 : 1 : 0 : 5 : 2 : 0.3999999999999999 ：0
wake_oom_reaper : 1 : 2 : 2113.7904257650666 : 1845 : 4 : 6 : 5 : 0 : 0 : 1 : 0.8 ：0
oom_killer_disable : 1 : 3 : 3490.842067030442 : 1166 : 1 : 7 : 0 : 0 : 3 : 2 : 0.8 ：0
oom_kill_process : 2 : 4 : 10623.481679155002 : 1161 : 3 : 86 : 2 : 0 : 2 : 2 : 0.8 ：0
pagefault_out_of_memory : 1 : 3 : 1610.5190823736054 : 1986 : 1 : 287 : 0 : 0 : 0 : 2 : 0.8 ：0
oom_reap_task_mm : 2 : 8 : 11018.660443580868 : 54 : 4 : 10 : 3 : 0 : 5 : 2 : 0.8 ：0
process_shares_mm : 2 : 2 : 1251.8104654919468 : 966 : 5 : 2 : 7 : 0 : 4 : 2 : 0.8 ：0
dump_header : 2 : 7 : 4338.860803024569 : 4096 : 4 : 50 : 8 : 0 : 0 : 2 : 0.6 ：0
dump_task : 2 : 5 : 11040.6736594592 : 837 : 6 : 24 : 10 : 0 : 2 : 2 : 0.6 ：0
dump_oom_summary : 2 : 1 : 4049.533403124215 : 1033 : 5 : 7 : 9 : 0 : 0 : 1 : 0.8 ：0
dump_tasks : 1 : 2 : 2561.6213896724507 : 4969 : 5 : 31 : 9 : 0 : 1 : 2 : 0.6 ：0
should_dump_unreclaim_slab : 1 : 1 : 1256.2027829147255 : 315 : 5 : 2 : 9 : 0 : 0 : 1 : 0.8 ：0
oom_badness : 2 : 7 : 10365.547711138572 : 966 : 5 : 15 : 4 : 0 : 6 : 2 : 0.8 ：0
select_bad_process : 1 : 3 : 1786.7236690158254 : 1161 : 3 : 38 : 2 : 0 : 1 : 2 : 0.8 ：0
oom_unkillable_task : 1 : 3 : 464.0213811257705 : 4052 : 7 : 1 : 22 : 0 : 3 : 1 : 0.8 ：0
find_lock_task_mm : 0 : 3 : 1592.1170705630782 : 54 : 7 : 6 : 17 : 0 : 3 : 2 : 0.6 ：0
oom_cpuset_eligible : 2 : 5 : 6807.249435624994 : 837 : 7 : 6 : 17 : 0 : 5 : 3 : 0.3999999999999999 ：0
oom_evaluate_task : 2 : 19 : 17123.929730052176 : 1845 : 4 : 32 : 3 : 0 : 8 : 2 : 0.8 ：0
constrained_alloc : 1 : 10 : 25798.07714502131 : 1845 : 3 : 10 : 2 : 0 : 12 : 2 : 0.3999999999999999 ：0
