ext4_update_inline_dir : 3 : 3 : 5184.782608695652 : 3172 : 2 : 43 : 1 : 0 : 4 : 1 : 1.0 ：0
ext4_read_inline_dir : 3 : 34 : 86253.39440850391 : 3172 : 1 : 29 : 0 : 0 : 15 : 4 : 0.3999999999999999 ：0
ext4_inlinedir_to_tree : 7 : 21 : 69056.53805691138 : 787 : 1 : 34 : 0 : 1 : 14 : 4 : 0.6 ：0
ext4_get_first_inline_block : 0 : 2 : 1270.9516051999044 : 3172 : 1 : 2 : 0 : 0 : 2 : 1 : 1.0 ：0
ext4_destroy_inline_data : 2 : 1 : 770.0000000000001 : 3172 : 1 : 22 : 0 : 0 : 1 : 1 : 0.8 ：0
ext4_inline_data_truncate : 2 : 21 : 54565.77708402566 : 3172 : 1 : 30 : 0 : 0 : 11 : 4 : 0.3999999999999999 ：0
ext4_convert_inline_data_nolock : 3 : 20 : 34728.672709630664 : 1157 : 2 : 90 : 2 : 0 : 14 : 2 : 0.3999999999999999 ：0
ext4_try_create_inline_dir : 3 : 5 : 10133.490566037735 : 3172 : 1 : 66 : 0 : 0 : 5 : 1 : 1.0 ：0
ext4_delete_inline_entry : 5 : 11 : 17296.762801902398 : 3172 : 1 : 27 : 0 : 0 : 7 : 2 : 0.6 ：0
ext4_finish_convert_inline_dir : 5 : 4 : 18395.190077798678 : 3172 : 3 : 14 : 3 : 0 : 3 : 1 : 0.8 ：0
empty_inline_dir : 2 : 11 : 24838.88169413424 : 3172 : 1 : 27 : 0 : 0 : 11 : 3 : 0.6 ：0
ext4_try_add_inline_entry : 4 : 16 : 25561.59594198764 : 3172 : 1 : 165 : 0 : 0 : 8 : 2 : 0.3999999999999999 ：0
ext4_convert_inline_data : 1 : 6 : 6468.80359933559 : 1157 : 1 : 102 : 0 : 0 : 5 : 2 : 0.6 ：0
ext4_find_inline_entry : 0 : 12 : 16515.45024861047 : 3172 : 1 : 17 : 0 : 0 : 10 : 2 : 0.8 ：0
ext4_inline_data_iomap : 2 : 5 : 8469.224724095337 : 1415 : 1 : 12 : 0 : 0 : 6 : 1 : 0.8 ：0
ext4_get_inline_entry : 0 : 3 : 4230.472331410691 : 3172 : 2 : 11 : 1 : 0 : 1 : 2 : 1.0 ：0
ext4_get_inline_xattr_pos : 0 : 1 : 3294.8573397344503 : 3172 : 3 : 6 : 7 : 0 : 2 : 1 : 0.8 ：0
ext4_update_final_de : 3 : 4 : 7425.567078400664 : 3172 : 4 : 2 : 6 : 0 : 2 : 3 : 0.8 ：0
ext4_add_dirent_to_inline : 7 : 3 : 10319.192916026144 : 3172 : 2 : 13 : 1 : 0 : 4 : 1 : 1.0 ：0
ext4_show_inline_dir : 4 : 3 : 7885.820078320884 : 3172 : 3 : 5 : 3 : 0 : 3 : 2 : 1.0 ：0
ext4_da_convert_inline_data_to_extent : 4 : 9 : 11952.411634562903 : 3172 : 2 : 41 : 1 : 0 : 6 : 2 : 0.6 ：0
ext4_da_write_inline_data_end : 5 : 5 : 10528.799212381593 : 3172 : 1 : 30 : 0 : 0 : 3 : 2 : 0.8 ：0
ext4_journalled_write_inline_data : 0 : 2 : 3228.910916084765 : 3172 : 1 : 17 : 0 : 0 : 3 : 2 : 0.8 ：0
ext4_da_write_inline_data_begin : 7 : 22 : 31181.5318413429 : 3172 : 1 : 165 : 0 : 0 : 14 : 2 : 0.3999999999999999 ：0
ext4_write_inline_data_end : 5 : 7 : 7927.039468608629 : 3172 : 2 : 25 : 1 : 0 : 5 : 3 : 0.8 ：1
ext4_try_to_write_inline_data : 6 : 22 : 32021.711077433276 : 3172 : 1 : 196 : 0 : 0 : 14 : 3 : 0.3999999999999999 ：0
ext4_read_inline_page : 2 : 5 : 7410.568636535899 : 3172 : 3 : 26 : 7 : 0 : 7 : 2 : 0.8 ：0
ext4_readpage_inline : 2 : 6 : 5961.323100449553 : 3172 : 1 : 35 : 0 : 0 : 1 : 2 : 1.0 ：0
ext4_convert_inline_data_to_extent : 3 : 28 : 42855.92780073147 : 3172 : 2 : 73 : 1 : 0 : 12 : 2 : 0.3999999999999999 ：0
ext4_prepare_inline_data : 3 : 4 : 4138.04347826087 : 3172 : 2 : 58 : 3 : 0 : 2 : 1 : 0.8 ：0
ext4_destroy_inline_data_nolock : 2 : 14 : 23034.753036618695 : 3172 : 3 : 19 : 6 : 0 : 7 : 3 : 0.3999999999999999 ：0
ext4_update_inline_data : 3 : 13 : 34985.31817250823 : 3172 : 3 : 16 : 6 : 0 : 9 : 3 : 0.3999999999999999 ：0
ext4_write_inline_data : 5 : 4 : 12881.047189620118 : 3172 : 4 : 10 : 7 : 0 : 4 : 2 : 0.8 ：0
ext4_create_inline_data : 3 : 10 : 29403.990894058385 : 3172 : 4 : 15 : 8 : 0 : 7 : 3 : 0.3999999999999999 ：0
ext4_read_inline_data : 4 : 4 : 10660.47141041823 : 3041 : 4 : 9 : 13 : 0 : 6 : 1 : 0.8 ：0
ext4_find_inline_data_nolock : 1 : 8 : 14223.910103794136 : 3172 : 1 : 8 : 0 : 0 : 5 : 3 : 0.8 ：0
ext4_get_inline_size : 1 : 2 : 348.8986019961601 : 521 : 4 : 1 : 24 : 0 : 0 : 1 : 0.8 ：0
get_max_inline_xattr_value_size : 2 : 9 : 22153.024274570682 : 3172 : 4 : 13 : 9 : 0 : 6 : 3 : 0.19999999999999996 ：0
ext4_get_max_inline_size : 1 : 4 : 5380.010918579883 : 3172 : 3 : 20 : 6 : 0 : 1 : 2 : 0.8 ：0
