garp_join_timer : 1 : 1 : 1663.3783535558216 : 4698 : 2 : 48 : 1 : 0 : 1 : 1 : 0.8 ：0
garp_pdu_parse_attr : 3 : 13 : 15933.032439120507 : 4698 : 4 : 64 : 3 : 0 : 3 : 2 : 0.8 ：0
garp_pdu_parse_msg : 2 : 6 : 5028.010329957036 : 4698 : 3 : 70 : 2 : 0 : 1 : 2 : 0.8 ：0
garp_init_port : 1 : 2 : 1185.9257041502653 : 4698 : 2 : 2 : 1 : 0 : 1 : 1 : 1.0 ：0
garp_init_applicant : 2 : 8 : 10467.884296560578 : 4698 : 1 : 69 : 0 : 0 : 6 : 2 : 0.6 ：0
garp_uninit_applicant : 2 : 1 : 6778.156958460775 : 4698 : 1 : 53 : 0 : 0 : 2 : 1 : 0.8 ：1
garp_pdu_parse_end_mark : 1 : 3 : 1578.8789135731697 : 4698 : 4 : 2 : 5 : 0 : 0 : 2 : 1.0 ：0
garp_pdu_append_msg : 2 : 2 : 2228.2917753504817 : 4698 : 8 : 2 : 16 : 0 : 1 : 1 : 0.8 ：0
garp_release_port : 1 : 3 : 2931.049315776822 : 4698 : 2 : 3 : 2 : 0 : 1 : 2 : 1.0 ：0
garp_join_timer_arm : 1 : 1 : 832.4272354789623 : 4698 : 3 : 3 : 3 : 0 : 0 : 1 : 1.0 ：0
garp_pdu_append_attr : 3 : 12 : 11928.21483667421 : 4698 : 7 : 21 : 15 : 0 : 7 : 2 : 0.6 ：0
garp_pdu_rcv : 3 : 12 : 11431.8144592464 : 4698 : 2 : 82 : 1 : 0 : 8 : 2 : 0.6 ：0
garp_request_leave : 5 : 2 : 4278.907311745808 : 4698 : 1 : 34 : 0 : 0 : 3 : 2 : 0.8 ：0
garp_gid_event : 2 : 2 : 2814.249982942646 : 4698 : 5 : 30 : 7 : 0 : 1 : 2 : 0.8 ：0
garp_request_join : 5 : 2 : 4541.980111504768 : 4698 : 1 : 38 : 0 : 0 : 3 : 2 : 0.8 ：0
garp_attr_event : 3 : 6 : 8398.089808279217 : 4698 : 6 : 26 : 14 : 0 : 1 : 2 : 0.8 ：0
garp_pdu_queue : 1 : 2 : 2963.045685558709 : 4698 : 8 : 6 : 19 : 0 : 0 : 1 : 0.8 ：0
garp_queue_xmit : 1 : 2 : 500.0 : 4698 : 3 : 2 : 3 : 0 : 1 : 1 : 1.0 ：0
garp_pdu_append_end_mark : 1 : 2 : 575.8287342900792 : 4698 : 9 : 1 : 36 : 0 : 0 : 1 : 0.8 ：0
garp_attr_create : 0 : 6 : 12594.495899214899 : 4698 : 2 : 7 : 1 : 0 : 6 : 3 : 1.0 ：0
garp_pdu_init : 1 : 2 : 5726.539847846934 : 4698 : 8 : 5 : 16 : 0 : 2 : 1 : 0.8 ：1
garp_attr_lookup : 0 : 5 : 3412.5326217459938 : 4698 : 5 : 3 : 5 : 0 : 5 : 2 : 1.0 ：0
garp_attr_cmp : 4 : 3 : 1936.0 : 4698 : 6 : 1 : 8 : 0 : 0 : 1 : 0.8 ：0
