__inet_diag_dump : 3 : 7 : 6012.614102065646 : 63 : 0 : 0 : 0 : 0 : 4 : 2 : 0.8 ：0
inet_diag_dump_icsk : 4 : 49 : 113184.26295727267 : 3065 : 1 : 153 : 0 : 0 : 27 : 5 : 0.3999999999999999 ：0
inet_diag_dump_compat : 2 : 1 : 3675.541834087024 : 3068 : 3 : 2 : 3 : 0 : 2 : 1 : 1.0 ：0
inet_diag_bc_audit : 2 : 33 : 29816.497952700047 : 63 : 0 : 0 : 0 : 0 : 4 : 3 : 0.6 ：0
inet_diag_handler_get_info : 2 : 7 : 14578.49371789677 : 1781 : 1 : 21 : 0 : 0 : 7 : 2 : 0.6 ：0
inet_diag_init : 1 : 8 : 3873.1488597699126 : 5358 : 1 : 28 : 0 : 0 : 6 : 1 : 0.8 ：0
inet_diag_rcv_msg_compat : 2 : 4 : 3465.3739647970333 : 3068 : 2 : 22 : 2 : 0 : 2 : 3 : 1.0 ：0
inet_diag_unregister : 1 : 2 : 864.4436676127684 : 5358 : 1 : 2 : 0 : 0 : 1 : 1 : 0.8 ：0
inet_diag_type2proto : 1 : 3 : 279.3426775860091 : 3068 : 4 : 0 : 8 : 0 : 2 : 2 : 0.8 ：0
inet_diag_dump_done : 1 : 1 : 607.1410802100007 : 63 : 3 : 2 : 4 : 0 : 1 : 1 : 1.0 ：0
__inet_diag_dump_start : 2 : 7 : 14123.750114911249 : 63 : 0 : 0 : 0 : 0 : 7 : 3 : 0.6 ：0
inet_diag_handler_cmd : 2 : 4 : 4058.1418474514494 : 1597 : 1 : 19 : 0 : 0 : 2 : 3 : 1.0 ：0
inet_diag_get_exact_compat : 2 : 1 : 3104.2498558865186 : 3068 : 3 : 11 : 3 : 0 : 2 : 1 : 1.0 ：0
twsk_build_assert : 1 : 2 : 6825.334329366117 : 1883 : 2 : 2 : 1 : 0 : 0 : 1 : 1.0 ：0
inet_diag_register : 1 : 4 : 2186.0813961356685 : 4536 : 1 : 2 : 0 : 0 : 4 : 2 : 0.8 ：0
inet_diag_exit : 1 : 1 : 225.3405000453298 : 5358 : 1 : 26 : 0 : 0 : 0 : 1 : 1.0 ：0
valid_devcond : 3 : 2 : 714.8496605572433 : 1402 : 0 : 0 : 1 : 0 : 2 : 1 : 1.0 ：0
valid_cc : 3 : 6 : 3225.5211192573333 : 5358 : 0 : 0 : 1 : 0 : 1 : 2 : 1.0 ：0
valid_hostcond : 3 : 7 : 9090.071270703442 : 2699 : 0 : 0 : 1 : 0 : 7 : 2 : 0.8 ：0
inet_diag_bc_run : 2 : 33 : 78981.35119712247 : 1671 : 3 : 8 : 2 : 0 : 10 : 6 : 0.6 ：1
inet_diag_cmd_exact : 4 : 7 : 5793.8579123167965 : 1597 : 4 : 8 : 5 : 1 : 3 : 3 : 0.8 ：0
inet_diag_bc_sk : 2 : 5 : 7660.708847445075 : 1883 : 2 : 17 : 1 : 0 : 2 : 1 : 1.0 ：1
valid_port_comparison : 3 : 2 : 1125.0061251874379 : 2699 : 0 : 0 : 1 : 0 : 2 : 1 : 1.0 ：0
inet_diag_find_one_icsk : 0 : 9 : 33234.45144753463 : 1597 : 2 : 8 : 1 : 0 : 2 : 2 : 0.6 ：0
sk_diag_fill : 6 : 3 : 2505.4501820614446 : 63 : 2 : 71 : 2 : 0 : 0 : 1 : 1.0 ：0
entry_fill_addrs : 2 : 3 : 1587.7455436320852 : 1671 : 3 : 0 : 2 : 0 : 0 : 2 : 1.0 ：0
bitstring_match : 3 : 5 : 4585.489261596161 : 5358 : 4 : 2 : 3 : 0 : 2 : 2 : 0.8 ：0
inet_diag_dump_one_icsk : 3 : 8 : 9975.584642941336 : 3065 : 1 : 94 : 0 : 0 : 9 : 2 : 0.8 ：0
inet_req_diag_fill : 5 : 4 : 9614.95286360991 : 1671 : 3 : 14 : 3 : 0 : 4 : 1 : 1.0 ：0
inet_twsk_diag_fill : 4 : 2 : 7691.407146641475 : 1872 : 3 : 11 : 3 : 0 : 4 : 1 : 1.0 ：0
inet_sk_diag_fill : 7 : 52 : 126786.67373831148 : 63 : 3 : 42 : 4 : 0 : 26 : 3 : 0.3999999999999999 ：0
inet_diag_msg_attrs_fill : 6 : 26 : 22048.91523302449 : 1476 : 4 : 12 : 5 : 0 : 9 : 2 : 0.6 ：0
inet_diag_msg_common_fill : 2 : 3 : 14437.255662979269 : 1476 : 4 : 3 : 14 : 0 : 0 : 2 : 0.8 ：0
inet_diag_lock_handler : 0 : 3 : 1332.3624645915804 : 1781 : 5 : 3 : 7 : 0 : 0 : 1 : 0.8 ：0
inet_sk_attr_size : 3 : 3 : 5570.876898886268 : 1875 : 2 : 2 : 1 : 0 : 2 : 1 : 1.0 ：0
