nilfs_sufile_trim_fs : 2 : 21 : 82089.86072060732 : 3507 : 1 : 35 : 0 : 0 : 9 : 5 : 0.3999999999999999 ：0
nilfs_sufile_set_segment_usage : 4 : 4 : 5881.774666169082 : 5103 : 1 : 27 : 0 : 0 : 6 : 1 : 0.8 ：1
nilfs_sufile_do_set_error : 4 : 3 : 3853.3174344083363 : 5324 : 1 : 23 : 0 : 0 : 3 : 2 : 1.0 ：0
nilfs_sufile_set_alloc_range : 3 : 3 : 2473.0728601866936 : 4567 : 1 : 6 : 0 : 0 : 4 : 2 : 1.0 ：0
nilfs_sufile_read : 4 : 13 : 17879.34478465786 : 5103 : 1 : 18 : 0 : 0 : 11 : 2 : 0.3999999999999999 ：0
nilfs_sufile_get_stat : 2 : 3 : 8483.788060049368 : 5103 : 1 : 13 : 0 : 0 : 7 : 1 : 0.8 ：0
nilfs_sufile_resize : 2 : 12 : 22469.652486008043 : 4567 : 1 : 70 : 0 : 0 : 11 : 2 : 0.3999999999999999 ：0
nilfs_sufile_mark_dirty : 2 : 2 : 4466.815201246158 : 5103 : 1 : 24 : 0 : 0 : 5 : 2 : 1.0 ：1
nilfs_sufile_do_free : 4 : 2 : 6774.7011555003 : 5324 : 1 : 27 : 0 : 0 : 3 : 2 : 1.0 ：0
nilfs_sufile_do_cancel_free : 4 : 2 : 4081.0031268116454 : 5324 : 1 : 24 : 0 : 0 : 2 : 2 : 1.0 ：0
nilfs_sufile_alloc : 2 : 19 : 57785.36650045763 : 151 : 1 : 45 : 0 : 0 : 9 : 4 : 0.3999999999999999 ：1
nilfs_sufile_truncate_range : 3 : 19 : 42730.09199588392 : 4567 : 2 : 52 : 1 : 0 : 13 : 4 : 0.3999999999999999 ：0
nilfs_sufile_get_suinfo : 5 : 7 : 27536.260059813398 : 5330 : 1 : 35 : 0 : 0 : 9 : 3 : 0.6 ：0
nilfs_sufile_update : 4 : 5 : 5925.6670788689225 : 5266 : 1 : 16 : 0 : 0 : 3 : 2 : 1.0 ：0
nilfs_sufile_set_suinfo : 4 : 31 : 55439.12288488705 : 3507 : 1 : 43 : 0 : 0 : 10 : 3 : 0.3999999999999999 ：0
nilfs_sufile_do_scrap : 4 : 3 : 8670.407701585602 : 5324 : 1 : 25 : 0 : 0 : 2 : 2 : 0.8 ：0
nilfs_sufile_mod_counter : 3 : 1 : 2093.164561984705 : 3507 : 3 : 5 : 7 : 0 : 2 : 1 : 0.8 ：0
nilfs_sufile_segment_usages_in_block : 3 : 1 : 540.4222801869237 : 3507 : 2 : 8 : 2 : 0 : 0 : 1 : 1.0 ：0
nilfs_sufile_updatev : 6 : 17 : 28673.49688579731 : 5266 : 1 : 15 : 0 : 0 : 9 : 3 : 0.3999999999999999 ：0
nilfs_sufile_get_blkoff : 2 : 1 : 767.3386881195472 : 3507 : 4 : 4 : 14 : 0 : 1 : 1 : 0.8 ：0
