tcf_ct_act_nat : 6 : 21 : 17009.46642404644 : 240 : 2 : 15 : 1 : 1 : 6 : 2 : 0.8 ：0
tcf_ct_dump : 4 : 20 : 20860.880193866677 : 240 : 1 : 20 : 0 : 0 : 11 : 2 : 0.3999999999999999 ：0
ct_init_net : 1 : 2 : 2477.202749363077 : 240 : 1 : 5 : 0 : 0 : 1 : 2 : 1.0 ：0
tcf_ct_cleanup : 1 : 2 : 1202.5028876256188 : 240 : 1 : 19 : 0 : 0 : 2 : 1 : 1.0 ：0
tcf_ct_dump_nat : 2 : 12 : 11882.21894232328 : 240 : 2 : 3 : 1 : 0 : 1 : 3 : 0.8 ：0
tcf_ct_init : 10 : 21 : 44617.565917432 : 240 : 1 : 46 : 0 : 0 : 15 : 3 : 0.3999999999999999 ：0
ct_exit_net : 1 : 2 : 1739.993269023679 : 240 : 1 : 6 : 0 : 0 : 2 : 2 : 0.8 ：0
tcf_ct_set_key_val : 6 : 5 : 2584.0691063995973 : 240 : 3 : 2 : 2 : 0 : 0 : 1 : 1.0 ：0
tcf_ct_act : 3 : 29 : 48354.63125484048 : 240 : 1 : 110 : 0 : 0 : 20 : 3 : 0.6 ：0
tcf_ct_act_set_labels : 3 : 3 : 852.3984696193656 : 240 : 2 : 3 : 1 : 0 : 1 : 1 : 1.0 ：0
tcf_ct_fill_params_nat : 4 : 10 : 24015.985266529995 : 240 : 3 : 5 : 2 : 1 : 2 : 2 : 0.6 ：0
ct_init_module : 1 : 6 : 2343.9526061130246 : 240 : 1 : 7 : 0 : 0 : 4 : 1 : 1.0 ：0
tcf_stats_update : 5 : 1 : 1331.4731102094238 : 240 : 1 : 3 : 0 : 0 : 1 : 1 : 1.0 ：0
tcf_ct_dump_key_val : 6 : 6 : 2728.7271989013047 : 240 : 2 : 2 : 1 : 0 : 3 : 2 : 0.8 ：0
tcf_ct_fill_params : 5 : 12 : 32596.142813006332 : 240 : 2 : 15 : 1 : 0 : 5 : 3 : 0.6 ：0
tcf_ct_act_set_mark : 3 : 5 : 2152.911278303559 : 240 : 2 : 2 : 1 : 0 : 1 : 2 : 0.8 ：0
ct_nat_execute : 5 : 25 : 19869.691244003807 : 92 : 3 : 11 : 2 : 0 : 7 : 4 : 0.6 ：0
tcf_ct_params_free : 1 : 2 : 1314.400988766544 : 240 : 2 : 15 : 1 : 0 : 0 : 1 : 1.0 ：0
tcf_ct_ipv4_is_fragment : 2 : 3 : 2439.732622944234 : 240 : 3 : 5 : 2 : 0 : 0 : 1 : 1.0 ：0
tcf_ct_skb_nf_family : 1 : 3 : 984.3452059538727 : 240 : 2 : 1 : 1 : 0 : 2 : 2 : 1.0 ：0
tcf_ct_ipv6_is_fragment : 2 : 4 : 5180.575847114415 : 240 : 3 : 4 : 2 : 0 : 1 : 1 : 1.0 ：0
tcf_ct_flow_table_lookup : 3 : 12 : 17425.33751597826 : 2 : 2 : 18 : 1 : 0 : 15 : 2 : 0.8 ：0
tcf_ct_skb_nfct_cached : 4 : 7 : 4989.759927916294 : 240 : 2 : 9 : 1 : 0 : 7 : 2 : 0.8 ：0
tcf_ct_flow_table_put : 1 : 2 : 1998.215026155259 : 2 : 3 : 11 : 2 : 0 : 1 : 2 : 0.8 ：1
tcf_ct_flow_table_fill_tuple_ipv6 : 3 : 7 : 14404.400008607281 : 2 : 3 : 3 : 2 : 0 : 7 : 1 : 0.8 ：0
tcf_ct_flow_table_process_conn : 3 : 8 : 2614.0346041912126 : 2 : 2 : 9 : 1 : 0 : 1 : 2 : 0.8 ：0
tcf_ct_handle_fragments : 4 : 16 : 17768.44965286009 : 240 : 2 : 23 : 1 : 0 : 12 : 2 : 0.3999999999999999 ：0
tcf_ct_flow_table_cleanup_work : 1 : 1 : 1092.0399192383695 : 2 : 4 : 5 : 3 : 0 : 1 : 1 : 1.0 ：0
tcf_ct_flow_table_get : 1 : 9 : 9788.086300794108 : 2 : 2 : 8 : 1 : 0 : 7 : 1 : 0.6 ：1
tcf_ct_flow_table_fill_tuple_ipv4 : 3 : 9 : 16557.6863372606 : 2 : 3 : 5 : 2 : 0 : 8 : 1 : 0.8 ：0
tcf_ct_skb_network_trim : 2 : 3 : 2626.624807470569 : 240 : 2 : 4 : 1 : 0 : 2 : 2 : 1.0 ：0
tcf_ct_flow_table_add : 3 : 7 : 7024.94508525132 : 2 : 3 : 6 : 2 : 0 : 4 : 2 : 0.6 ：0
