vt_disallocate_all : 1 : 6 : 6352.099004715112 : 2471 : 3 : 6 : 2 : 0 : 1 : 3 : 0.8 ：0
reset_vc : 1 : 2 : 3723.4795234119015 : 3398 : 4 : 4 : 6 : 0 : 0 : 0 : 0.8 ：0
compat_fontx_ioctl : 4 : 7 : 17466.786457366095 : 3398 : 2 : 4 : 1 : 0 : 3 : 1 : 0.6 ：0
compat_unimap_ioctl : 4 : 7 : 4478.834688197543 : 3398 : 2 : 4 : 1 : 0 : 1 : 1 : 0.8 ：0
change_console : 1 : 15 : 46292.85565291587 : 3398 : 1 : 23 : 0 : 0 : 1 : 2 : 0.6 ：0
vt_move_to_console : 2 : 9 : 8248.614404394246 : 3398 : 1 : 6 : 0 : 0 : 2 : 1 : 0.6 ：0
complete_change_console : 1 : 17 : 36168.84484265511 : 3398 : 3 : 16 : 3 : 0 : 1 : 3 : 0.6 ：0
compat_kdfontop_ioctl : 4 : 6 : 5149.558639609521 : 3398 : 2 : 4 : 1 : 0 : 2 : 0 : 0.6 ：0
do_unimap_ioctl : 4 : 7 : 3631.9637659380865 : 3398 : 3 : 3 : 2 : 0 : 1 : 2 : 0.8 ：0
do_fontx_ioctl : 4 : 7 : 17272.231396967112 : 3398 : 3 : 3 : 2 : 0 : 3 : 3 : 0.6 ：0
vc_SAK : 1 : 3 : 4044.2380670840707 : 3398 : 1 : 8 : 0 : 0 : 2 : 1 : 0.8 ：0
vt_waitactive : 1 : 5 : 2778.765129212971 : 3398 : 3 : 0 : 3 : 0 : 1 : 3 : 1.0 ：0
vt_disallocate : 1 : 6 : 2086.392036173 : 2471 : 3 : 6 : 2 : 0 : 3 : 2 : 0.8 ：0
vt_ioctl : 3 : 178 : 689595.0662580761 : 499 : 2 : 90 : 0 : 0 : 23 : 6 : 0.19999999999999996 ：0
pm_set_vt_switch : 1 : 1 : 103.02256254687514 : 3398 : 1 : 2 : 0 : 0 : 0 : 0 : 0.8 ：0
vt_compat_ioctl : 3 : 29 : 16552.99121152087 : 3398 : 1 : 109 : 0 : 0 : 3 : 1 : 0.8 ：0
vt_event_post : 3 : 3 : 9389.938507150597 : 3398 : 4 : 6 : 4 : 0 : 1 : 2 : 0.8 ：0
__vt_event_dequeue : 1 : 1 : 816.8444099337116 : 2768 : 0 : 0 : 0 : 0 : 0 : 1 : 0.8 ：0
vt_event_wait_ioctl : 1 : 6 : 4895.563742878377 : 3398 : 3 : 3 : 2 : 0 : 1 : 2 : 0.6 ：0
__vt_event_queue : 1 : 1 : 1869.5269141335125 : 2768 : 0 : 0 : 0 : 0 : 0 : 1 : 0.8 ：0
