exfat_get_dentry_set : 0 : 19 : 52187.811240655145 : 0 : 4 : 34 : 3 : 0 : 17 : 3 : 0.3999999999999999 ：0
exfat_validate_entry : 2 : 18 : 10218.59966535474 : 0 : 5 : 1 : 4 : 0 : 14 : 3 : 0.8 ：0
exfat_walk_fat_chain : 4 : 5 : 5968.443331316127 : 0 : 5 : 5 : 16 : 0 : 1 : 4 : 0.8 ：0
exfat_find_location : 5 : 2 : 6397.7821892848615 : 0 : 4 : 12 : 11 : 0 : 3 : 1 : 0.8 ：0
exfat_count_dir_entries : 2 : 9 : 12800.971320432796 : 0 : 1 : 36 : 0 : 0 : 7 : 3 : 0.8 ：0
exfat_get_dentry : 0 : 7 : 6313.224132637696 : 0 : 3 : 25 : 10 : 0 : 5 : 2 : 0.6 ：0
exfat_get_dentry_cached : 0 : 1 : 2638.7409711181176 : 0 : 5 : 2 : 8 : 0 : 3 : 1 : 0.8 ：0
exfat_find_dir_entry : 7 : 49 : 187828.7998389397 : 0 : 1 : 42 : 0 : 1 : 12 : 5 : 0.6 ：0
exfat_update_dir_chksum_with_entry_set : 1 : 2 : 4200.882790877928 : 0 : 1 : 5 : 0 : 0 : 2 : 2 : 1.0 ：0
exfat_dir_readahead : 2 : 7 : 14656.98113207547 : 0 : 4 : 8 : 11 : 0 : 2 : 2 : 0.3999999999999999 ：0
exfat_count_ext_entries : 4 : 5 : 4852.905170634703 : 0 : 1 : 33 : 0 : 0 : 3 : 2 : 1.0 ：0
exfat_free_dentry_set : 2 : 4 : 4367.340553897508 : 0 : 5 : 4 : 7 : 0 : 1 : 1 : 0.8 ：0
exfat_init_ext_entry : 5 : 5 : 17964.611749825624 : 0 : 1 : 66 : 0 : 0 : 6 : 2 : 1.0 ：0
exfat_init_dir_entry : 6 : 3 : 24511.70525316487 : 0 : 1 : 39 : 0 : 0 : 6 : 1 : 1.0 ：0
exfat_calc_num_entries : 1 : 2 : 1655.4361132328156 : 0 : 1 : 0 : 0 : 0 : 1 : 1 : 1.0 ：0
exfat_init_stream_entry : 4 : 1 : 2840.9474010392933 : 0 : 2 : 4 : 1 : 0 : 0 : 1 : 1.0 ：0
exfat_update_dir_chksum : 3 : 5 : 11373.096426150554 : 0 : 2 : 31 : 1 : 0 : 6 : 3 : 1.0 ：0
exfat_remove_entries : 5 : 3 : 3793.50188828922 : 0 : 1 : 31 : 0 : 0 : 5 : 2 : 1.0 ：0
exfat_iterate : 2 : 23 : 49173.6444412304 : 0 : 1 : 116 : 0 : 0 : 16 : 3 : 0.3999999999999999 ：1
exfat_get_entry_type : 1 : 18 : 10918.516351990724 : 0 : 5 : 5 : 12 : 0 : 18 : 3 : 0.6 ：0
exfat_alloc_new_dir : 2 : 2 : 1359.4811531936678 : 0 : 1 : 4 : 0 : 0 : 2 : 1 : 1.0 ：0
exfat_free_namebuf : 1 : 2 : 354.9112875713945 : 0 : 2 : 1 : 1 : 0 : 0 : 1 : 1.0 ：1
exfat_set_entry_type : 2 : 18 : 8551.797110001497 : 0 : 3 : 1 : 6 : 0 : 0 : 2 : 0.6 ：0
exfat_get_uniname_from_ext_entry : 4 : 4 : 7076.384289354184 : 0 : 3 : 51 : 2 : 0 : 3 : 2 : 1.0 ：0
exfat_init_name_entry : 2 : 3 : 5430.292259140095 : 0 : 2 : 3 : 1 : 0 : 1 : 3 : 1.0 ：0
exfat_readdir : 3 : 22 : 125442.42436428131 : 0 : 2 : 100 : 1 : 0 : 7 : 4 : 0.6 ：0
exfat_alloc_namebuf : 1 : 2 : 586.4444444444445 : 0 : 2 : 0 : 1 : 0 : 0 : 1 : 1.0 ：0
exfat_extract_uni_name : 2 : 3 : 3677.6265153740665 : 0 : 4 : 1 : 4 : 0 : 2 : 2 : 1.0 ：0
