efivarfs_fileattr_get : 2 : 2 : 1135.245118502818 : 0 : 1 : 2 : 0 : 0 : 0 : 1 : 1.0 ：0
efivarfs_unlink : 2 : 2 : 997.3939255417616 : 0 : 1 : 4 : 0 : 0 : 1 : 1 : 1.0 ：0
efivarfs_get_inode : 0 : 4 : 3617.261079851015 : 0 : 2 : 4 : 1 : 0 : 2 : 3 : 1.0 ：0
efivarfs_fileattr_set : 3 : 4 : 1891.4520392259724 : 0 : 1 : 3 : 0 : 0 : 0 : 1 : 1.0 ：0
efivarfs_create : 5 : 13 : 29681.053009556 : 0 : 1 : 16 : 0 : 0 : 7 : 2 : 0.6 ：0
efivarfs_valid_name : 2 : 4 : 4779.540482157662 : 0 : 2 : 1 : 1 : 0 : 3 : 1 : 1.0 ：1
efivarfs_kill_sb : 1 : 1 : 424.7927513443585 : 0 : 1 : 5 : 0 : 0 : 0 : 1 : 1.0 ：1
efivarfs_alloc_dentry : 0 : 3 : 3122.772367045858 : 0 : 4 : 9 : 3 : 0 : 4 : 1 : 1.0 ：0
efivarfs_fill_super : 2 : 5 : 7217.17977274963 : 0 : 2 : 38 : 1 : 0 : 4 : 1 : 0.8 ：1
efivarfs_init : 1 : 2 : 225.85263754543283 : 0 : 1 : 2 : 0 : 0 : 0 : 1 : 1.0 ：0
efivarfs_d_compare : 4 : 5 : 4154.715918781687 : 0 : 1 : 2 : 0 : 0 : 1 : 1 : 1.0 ：0
efivarfs_callback : 4 : 10 : 39639.8013725227 : 0 : 3 : 28 : 2 : 0 : 12 : 2 : 0.3999999999999999 ：1
efivarfs_d_hash : 2 : 5 : 5225.380861904347 : 0 : 5 : 5 : 4 : 0 : 0 : 1 : 1.0 ：0
efivar_entry_size : 2 : 3 : 2632.4063478467 : 0 : 1 : 4 : 0 : 0 : 3 : 1 : 0.8 ：0
efivar_entry_iter : 3 : 3 : 1896.878669517393 : 0 : 1 : 3 : 0 : 0 : 3 : 2 : 0.8 ：0
efivar_entry_delete : 1 : 4 : 2704.73875214436 : 0 : 1 : 7 : 0 : 0 : 3 : 2 : 0.8 ：0
__efivar_entry_get : 4 : 1 : 827.1071577663389 : 0 : 0 : 0 : 0 : 0 : 1 : 1 : 1.0 ：0
efivar_entry_set_get_size : 5 : 14 : 24696.137717636037 : 0 : 1 : 17 : 0 : 0 : 9 : 3 : 0.3999999999999999 ：0
efivar_init : 4 : 13 : 16909.297264227574 : 0 : 1 : 17 : 0 : 0 : 6 : 4 : 0.3999999999999999 ：1
variable_is_present : 3 : 4 : 3938.3467444154862 : 0 : 2 : 4 : 1 : 0 : 2 : 3 : 1.0 ：0
efivar_entry_add : 2 : 2 : 787.7974661295376 : 0 : 1 : 3 : 0 : 0 : 2 : 1 : 0.8 ：0
efivar_entry_get : 4 : 2 : 800.3803423246623 : 0 : 1 : 2 : 0 : 0 : 2 : 1 : 0.8 ：0
efivar_variable_is_removable : 3 : 5 : 6725.748970022362 : 0 : 1 : 2 : 0 : 0 : 4 : 3 : 1.0 ：0
validate_ascii_string : 4 : 4 : 1828.1755841373545 : 0 : 1 : 0 : 0 : 0 : 4 : 2 : 1.0 ：0
variable_matches : 4 : 7 : 6813.891856940529 : 0 : 3 : 0 : 3 : 0 : 3 : 3 : 1.0 ：0
efivar_validate : 4 : 6 : 12391.401076162416 : 0 : 2 : 6 : 1 : 0 : 6 : 3 : 0.6 ：0
validate_load_option : 4 : 10 : 22395.6565795683 : 0 : 1 : 4 : 0 : 0 : 6 : 2 : 0.8 ：0
validate_device_path : 4 : 8 : 8912.991960235193 : 0 : 2 : 0 : 1 : 0 : 5 : 2 : 1.0 ：0
var_name_strnsize : 2 : 3 : 5345.142357997049 : 0 : 2 : 1 : 1 : 0 : 1 : 2 : 1.0 ：0
dup_variable_bug : 3 : 3 : 3887.349826308201 : 0 : 2 : 3 : 1 : 0 : 1 : 1 : 1.0 ：1
validate_boot_order : 4 : 2 : 605.1105673289378 : 0 : 1 : 0 : 0 : 0 : 2 : 1 : 1.0 ：0
validate_uint16 : 4 : 2 : 509.20171008854743 : 0 : 1 : 0 : 0 : 0 : 2 : 1 : 1.0 ：0
