qt2_tiocmget : 1 : 6 : 12438.778272533327 : 3298 : 1 : 6 : 0 : 0 : 8 : 1 : 1.0 ：0
qt2_write_room : 1 : 2 : 2465.217391304348 : 3298 : 1 : 3 : 0 : 0 : 4 : 1 : 0.8 ：0
qt2_write : 4 : 5 : 13055.762370356573 : 3298 : 1 : 8 : 0 : 0 : 6 : 2 : 0.8 ：0
qt2_read_bulk_callback : 1 : 3 : 3916.6341429649856 : 3298 : 3 : 20 : 2 : 0 : 2 : 2 : 1.0 ：0
qt2_update_msr : 2 : 8 : 8605.723156276657 : 3298 : 6 : 4 : 5 : 0 : 2 : 2 : 0.6 ：0
qt2_process_read_urb : 1 : 18 : 61240.268073372325 : 490 : 4 : 16 : 3 : 0 : 6 : 5 : 0.6 ：0
qt2_dtr_rts : 2 : 4 : 4149.510439705812 : 3298 : 1 : 11 : 0 : 0 : 2 : 2 : 1.0 ：0
qt2_port_remove : 1 : 1 : 839.2923700700695 : 3130 : 1 : 3 : 0 : 0 : 1 : 1 : 0.8 ：0
qt2_update_lsr : 2 : 9 : 9090.65855691707 : 3298 : 6 : 3 : 5 : 0 : 3 : 2 : 0.6 ：0
qt2_break_ctl : 2 : 2 : 2989.7218636278526 : 3298 : 1 : 5 : 0 : 0 : 4 : 1 : 1.0 ：0
qt2_write_bulk_callback : 1 : 1 : 2020.6360858926528 : 3298 : 2 : 4 : 1 : 0 : 2 : 1 : 0.8 ：0
qt2_attach : 1 : 7 : 10374.113158829665 : 3298 : 1 : 36 : 0 : 0 : 6 : 2 : 0.6 ：1
qt2_tiocmset : 3 : 1 : 596.4090228874793 : 3298 : 1 : 7 : 0 : 0 : 1 : 1 : 1.0 ：0
qt2_setup_urbs : 1 : 3 : 8145.202276457559 : 3298 : 2 : 28 : 1 : 0 : 4 : 2 : 1.0 ：0
qt2_port_probe : 1 : 6 : 12455.693237920994 : 3130 : 1 : 13 : 0 : 0 : 5 : 1 : 0.8 ：0
qt2_process_status : 2 : 3 : 934.063200323078 : 3298 : 5 : 9 : 4 : 0 : 0 : 2 : 1.0 ：0
qt2_close : 1 : 4 : 22588.776335646286 : 3298 : 1 : 6 : 0 : 0 : 3 : 1 : 1.0 ：1
qt2_open : 2 : 8 : 31392.180757761667 : 3298 : 1 : 30 : 0 : 0 : 8 : 2 : 0.3999999999999999 ：0
qt2_calc_num_ports : 2 : 3 : 5148.294504375806 : 3298 : 1 : 2 : 0 : 0 : 2 : 2 : 1.0 ：0
qt2_setregister : 4 : 1 : 711.7252863345127 : 3298 : 3 : 2 : 4 : 0 : 1 : 1 : 1.0 ：0
update_mctrl : 3 : 5 : 7834.032869788187 : 3298 : 2 : 5 : 2 : 0 : 5 : 2 : 0.8 ：0
qt2_getregister : 4 : 3 : 2377.073887140937 : 3298 : 2 : 2 : 1 : 0 : 2 : 2 : 1.0 ：0
qt2_set_port_config : 4 : 1 : 1213.5944175944612 : 3298 : 3 : 3 : 3 : 0 : 2 : 1 : 1.0 ：0
qt2_set_termios : 3 : 14 : 23678.07863391987 : 3298 : 2 : 14 : 1 : 0 : 7 : 2 : 0.6 ：0
calc_baud_divisor : 1 : 3 : 2043.9061585420945 : 3298 : 4 : 0 : 4 : 0 : 1 : 1 : 1.0 ：0
qt2_release : 1 : 1 : 1134.2196003923088 : 3298 : 1 : 4 : 0 : 0 : 1 : 1 : 0.8 ：0
