tipc_parse_udp_addr : 3 : 9 : 11335.87374477501 : 1204 : 2 : 4 : 2 : 2 : 2 : 4 : 0.8 ：0
tipc_udp_enable : 3 : 39 : 97919.18560159052 : 1744 : 1 : 85 : 0 : 0 : 22 : 3 : 0.3999999999999999 ：0
__tipc_nl_add_udp_addr : 3 : 7 : 8548.72962525329 : 1204 : 0 : 0 : 0 : 0 : 2 : 2 : 0.8 ：0
cleanup_bearer : 1 : 1 : 3803.7991191848887 : 1744 : 2 : 8 : 1 : 0 : 1 : 2 : 1.0 ：0
tipc_udp_recv : 2 : 10 : 7584.911528415235 : 1744 : 2 : 38 : 1 : 0 : 7 : 2 : 0.8 ：0
tipc_udp_nl_bearer_add : 2 : 6 : 8796.622684165026 : 1204 : 1 : 25 : 0 : 0 : 4 : 2 : 0.8 ：0
tipc_udp_rcast_disc : 2 : 9 : 11716.23248488527 : 1204 : 3 : 25 : 2 : 0 : 4 : 2 : 0.8 ：0
tipc_udp_is_known_peer : 2 : 3 : 2967.5369508278873 : 1204 : 4 : 4 : 4 : 0 : 4 : 2 : 1.0 ：0
tipc_udp_nl_add_bearer_data : 2 : 11 : 9572.299946902624 : 1204 : 1 : 6 : 0 : 0 : 8 : 2 : 0.8 ：0
tipc_udp_nl_dump_remoteip : 2 : 15 : 40144.28610816918 : 1204 : 1 : 14 : 0 : 0 : 17 : 3 : 0.3999999999999999 ：0
tipc_udp_rcast_add : 2 : 8 : 8710.597723274625 : 1204 : 4 : 8 : 5 : 0 : 2 : 2 : 0.8 ：0
tipc_udp_disable : 1 : 2 : 2798.761562142591 : 1744 : 1 : 15 : 0 : 0 : 1 : 2 : 1.0 ：0
tipc_udp_xmit : 6 : 9 : 25195.71232755002 : 1204 : 2 : 12 : 1 : 0 : 6 : 4 : 0.6 ：1
tipc_udp_send_msg : 4 : 11 : 16379.80762162242 : 1744 : 1 : 21 : 0 : 0 : 11 : 3 : 0.8 ：0
tipc_udp_addr2msg : 2 : 1 : 1178.544360162114 : 1744 : 1 : 2 : 0 : 0 : 0 : 1 : 1.0 ：0
enable_mcast : 2 : 3 : 3371.341019843241 : 1744 : 2 : 2 : 1 : 0 : 4 : 2 : 1.0 ：0
tipc_udp_addr2str : 3 : 4 : 3777.5978977046507 : 1744 : 1 : 3 : 0 : 0 : 1 : 1 : 1.0 ：0
tipc_udp_msg2addr : 3 : 2 : 1751.0910032519766 : 1744 : 1 : 7 : 0 : 0 : 1 : 1 : 1.0 ：0
tipc_udp_media_addr_set : 2 : 2 : 1235.6473939443515 : 1744 : 2 : 6 : 2 : 0 : 0 : 1 : 1.0 ：0
tipc_udp_is_mcast_addr : 1 : 3 : 872.2216898430717 : 1204 : 4 : 3 : 8 : 0 : 0 : 1 : 0.8 ：0
