iopt_fill_domain : 2 : 10 : 20273.445354973792 : 204 : 2 : 11 : 1 : 0 : 7 : 3 : 0.3999999999999999 ：0
iopt_table_remove_domain : 2 : 6 : 9734.800623708805 : 204 : 1 : 33 : 0 : 0 : 2 : 1 : 0.8 ：0
iopt_table_enforce_group_resv_regions : 4 : 15 : 15681.709592251626 : 204 : 1 : 14 : 0 : 0 : 8 : 3 : 0.6 ：0
iopt_enable_large_pages : 1 : 1 : 1789.278231283368 : 204 : 1 : 18 : 0 : 0 : 1 : 1 : 1.0 ：0
iopt_remove_access : 2 : 1 : 1835.1046858076288 : 204 : 1 : 18 : 0 : 0 : 0 : 1 : 1.0 ：0
iopt_add_access : 2 : 5 : 3783.889422774297 : 204 : 1 : 18 : 0 : 0 : 4 : 2 : 0.8 ：0
iopt_cut_iova : 3 : 4 : 5280.0 : 204 : 1 : 21 : 0 : 0 : 4 : 2 : 1.0 ：0
iopt_check_iova_alignment : 2 : 7 : 5836.634350281041 : 204 : 3 : 8 : 7 : 0 : 2 : 2 : 0.8 ：0
iopt_disable_large_pages : 1 : 9 : 5876.917565944856 : 204 : 1 : 19 : 0 : 0 : 4 : 2 : 0.6 ：0
iopt_destroy_table : 1 : 3 : 4201.425717838786 : 204 : 1 : 11 : 0 : 0 : 1 : 2 : 1.0 ：0
__iopt_remove_reserved_iova : 2 : 3 : 2890.971601315389 : 204 : 0 : 0 : 0 : 0 : 0 : 3 : 1.0 ：0
iopt_unfill_domain : 2 : 8 : 18374.958122849697 : 204 : 2 : 12 : 1 : 0 : 3 : 3 : 0.6 ：0
iopt_calculate_iova_alignment : 1 : 4 : 8556.856204622987 : 204 : 2 : 13 : 5 : 0 : 4 : 2 : 1.0 ：0
iopt_init_table : 1 : 1 : 3829.5200475247316 : 204 : 1 : 2 : 0 : 0 : 0 : 1 : 1.0 ：0
iopt_area_split : 2 : 21 : 48638.086921246686 : 204 : 2 : 17 : 1 : 0 : 11 : 2 : 0.3999999999999999 ：0
iopt_table_add_domain : 2 : 18 : 33770.53779947046 : 204 : 1 : 35 : 0 : 0 : 11 : 3 : 0.3999999999999999 ：0
iopt_reserve_iova : 4 : 4 : 4230.0 : 204 : 2 : 5 : 2 : 0 : 1 : 1 : 1.0 ：0
iopt_set_allow_iova : 2 : 3 : 4781.739130434783 : 204 : 1 : 6 : 0 : 0 : 1 : 3 : 1.0 ：0
iopt_unmap_all : 2 : 2 : 1380.6893354573099 : 204 : 1 : 21 : 0 : 0 : 2 : 1 : 1.0 ：0
iopt_unmap_iova : 4 : 3 : 991.5656581923052 : 204 : 1 : 22 : 0 : 0 : 0 : 1 : 1.0 ：0
iopt_unmap_iova_range : 4 : 12 : 25501.873567244995 : 204 : 2 : 20 : 2 : 0 : 7 : 3 : 0.3999999999999999 ：0
iopt_fill_domains_pages : 1 : 4 : 3734.555718398433 : 204 : 3 : 3 : 2 : 0 : 5 : 2 : 1.0 ：0
iopt_map_pages : 6 : 4 : 7127.210210738546 : 204 : 2 : 34 : 1 : 0 : 5 : 2 : 0.8 ：0
iopt_map_user_pages : 7 : 7 : 8656.505238976855 : 204 : 1 : 48 : 0 : 0 : 3 : 2 : 0.8 ：0
iopt_free_pages_list : 1 : 4 : 2473.257499474172 : 204 : 2 : 11 : 1 : 0 : 1 : 2 : 1.0 ：0
iopt_abort_area : 1 : 3 : 1647.1190335420354 : 204 : 3 : 6 : 6 : 0 : 0 : 2 : 0.8 ：0
iopt_get_pages : 4 : 7 : 12444.548376524135 : 204 : 1 : 23 : 0 : 0 : 7 : 3 : 0.6 ：0
iopt_alloc_area_pages : 6 : 15 : 21455.003387262004 : 204 : 3 : 24 : 2 : 0 : 8 : 3 : 0.3999999999999999 ：0
iopt_insert_area : 7 : 7 : 12897.145544437415 : 204 : 4 : 4 : 5 : 0 : 0 : 1 : 0.8 ：0
iopt_check_iova : 3 : 5 : 4072.0925063595296 : 204 : 4 : 4 : 3 : 0 : 0 : 1 : 0.8 ：0
iopt_alloc_iova : 4 : 8 : 14881.427350201993 : 204 : 4 : 6 : 3 : 0 : 2 : 3 : 0.3999999999999999 ：0
__alloc_iova_check_used : 4 : 5 : 2675.934922185214 : 204 : 0 : 0 : 0 : 0 : 3 : 1 : 1.0 ：0
__alloc_iova_check_hole : 4 : 5 : 2675.934922185214 : 204 : 0 : 0 : 0 : 0 : 3 : 1 : 1.0 ：0
iopt_area_contig_next : 0 : 6 : 8091.521448896981 : 204 : 1 : 3 : 0 : 0 : 4 : 2 : 0.8 ：0
iopt_area_contig_init : 0 : 3 : 2897.57801675005 : 204 : 1 : 2 : 0 : 0 : 2 : 2 : 1.0 ：0
