wdm_suspend : 2 : 7 : 10309.016960293136 : 0 : 1 : 17 : 0 : 0 : 3 : 2 : 0.6 ：0
recover_from_urb_loss : 1 : 3 : 1513.5557691097188 : 0 : 2 : 2 : 2 : 0 : 2 : 2 : 1.0 ：0
wdm_resume : 1 : 1 : 1515.6203913146055 : 0 : 1 : 9 : 0 : 0 : 3 : 1 : 1.0 ：0
wdm_pre_reset : 1 : 1 : 6416.666666666667 : 0 : 1 : 13 : 0 : 0 : 1 : 1 : 0.8 ：0
usb_cdc_wdm_register : 0 : 3 : 790.8058737050139 : 0 : 1 : 86 : 0 : 0 : 2 : 1 : 1.0 ：0
wdm_disconnect : 1 : 2 : 10729.02923539203 : 0 : 1 : 24 : 0 : 0 : 1 : 1 : 0.8 ：0
wdm_create : 5 : 23 : 51238.85717961112 : 0 : 2 : 84 : 2 : 0 : 15 : 2 : 0.3999999999999999 ：0
wdm_post_reset : 1 : 1 : 2159.9902987128357 : 0 : 1 : 11 : 0 : 0 : 3 : 1 : 0.8 ：0
wdm_manage_power : 2 : 2 : 1182.9111257270536 : 0 : 2 : 2 : 1 : 0 : 1 : 1 : 1.0 ：0
wdm_wwan_port_tx : 2 : 3 : 9100.0 : 0 : 1 : 15 : 0 : 0 : 6 : 1 : 1.0 ：0
wdm_rxwork : 1 : 6 : 9154.311926751472 : 0 : 3 : 8 : 3 : 0 : 3 : 3 : 0.6 ：0
service_interrupt_work : 1 : 2 : 2082.84778804452 : 0 : 3 : 13 : 3 : 0 : 1 : 2 : 0.8 ：0
wdm_wwan_rx : 2 : 3 : 3127.51974376214 : 0 : 4 : 4 : 4 : 0 : 2 : 1 : 1.0 ：0
wdm_wwan_port_tx_complete : 1 : 1 : 1016.7504090493038 : 0 : 2 : 4 : 1 : 0 : 2 : 1 : 1.0 ：0
wdm_probe : 2 : 6 : 7500.809085171279 : 0 : 1 : 90 : 0 : 0 : 10 : 1 : 1.0 ：0
wdm_ioctl : 3 : 3 : 1787.6071660476518 : 0 : 1 : 1 : 0 : 0 : 3 : 2 : 1.0 ：0
wdm_wwan_init : 1 : 4 : 5276.886275130485 : 0 : 3 : 5 : 3 : 0 : 2 : 2 : 1.0 ：0
wdm_open : 2 : 12 : 21113.150943396227 : 0 : 1 : 13 : 0 : 0 : 9 : 3 : 0.6 ：0
wdm_wwan_port_stop : 1 : 1 : 2120.86784906562 : 0 : 1 : 6 : 0 : 0 : 1 : 1 : 1.0 ：0
wdm_wwan_deinit : 1 : 2 : 496.47566218392996 : 0 : 2 : 1 : 1 : 0 : 0 : 1 : 1.0 ：0
wdm_read : 4 : 31 : 77035.81022108722 : 0 : 1 : 21 : 0 : 0 : 14 : 4 : 0.3999999999999999 ：0
service_outstanding_interrupt : 1 : 12 : 9775.505785619134 : 0 : 4 : 7 : 5 : 0 : 5 : 2 : 0.6 ：0
wdm_wait_for_response : 2 : 6 : 9030.873738636605 : 0 : 2 : 5 : 2 : 0 : 2 : 1 : 0.8 ：0
wdm_release : 2 : 3 : 8464.119062765343 : 0 : 1 : 16 : 0 : 0 : 1 : 3 : 0.8 ：0
wdm_write : 4 : 20 : 43960.026332549816 : 0 : 1 : 30 : 0 : 0 : 11 : 2 : 0.3999999999999999 ：0
poison_urbs : 1 : 1 : 747.2505602584623 : 0 : 2 : 1 : 5 : 0 : 0 : 1 : 1.0 ：0
unpoison_urbs : 1 : 1 : 1009.6289692592577 : 0 : 2 : 1 : 4 : 0 : 0 : 1 : 1.0 ：0
wdm_out_callback : 1 : 1 : 2675.775932116266 : 0 : 2 : 5 : 1 : 0 : 1 : 1 : 0.8 ：0
wdm_poll : 2 : 7 : 6171.899909320033 : 0 : 1 : 4 : 0 : 0 : 4 : 2 : 0.6 ：0
wdm_wwan_port_start : 1 : 2 : 5124.487520904211 : 0 : 1 : 6 : 0 : 0 : 1 : 2 : 0.8 ：0
wdm_int_callback : 1 : 24 : 49426.11410808118 : 0 : 3 : 11 : 3 : 0 : 10 : 3 : 0.3999999999999999 ：1
wdm_in_callback : 1 : 17 : 34945.89357241391 : 0 : 3 : 15 : 3 : 0 : 7 : 3 : 0.3999999999999999 ：0
wdm_find_device_by_minor : 0 : 3 : 1411.8774021974466 : 0 : 2 : 3 : 1 : 0 : 3 : 1 : 0.8 ：0
wdm_find_device : 0 : 3 : 1361.7338627141833 : 0 : 2 : 3 : 5 : 0 : 3 : 1 : 0.8 ：0
