rds_get_mr : 3 : 3 : 1755.7419344234845 : 164 : 1 : 1 : 0 : 0 : 1 : 1 : 1.0 ：0
rds_atomic_free_op : 1 : 4 : 2393.3116213542135 : 3771 : 1 : 3 : 0 : 0 : 1 : 1 : 1.0 ：0
rds_cmsg_atomic : 3 : 19 : 76103.01842439541 : 3771 : 1 : 16 : 0 : 0 : 9 : 3 : 0.3999999999999999 ：0
rds_rdma_unuse : 3 : 7 : 15923.261809930036 : 4330 : 1 : 12 : 0 : 0 : 2 : 2 : 0.6 ：0
rds_cmsg_rdma_dest : 3 : 5 : 10083.624943957535 : 4330 : 1 : 12 : 0 : 0 : 4 : 2 : 0.8 ：0
rds_free_mr : 3 : 10 : 12756.747762897714 : 164 : 1 : 12 : 0 : 0 : 2 : 2 : 0.6 ：0
__rds_put_mr_final : 1 : 1 : 648.0 : 271 : 0 : 0 : 0 : 0 : 1 : 1 : 1.0 ：0
rds_rdma_pages : 2 : 5 : 6652.886154514178 : 3771 : 2 : 1 : 1 : 0 : 2 : 2 : 1.0 ：0
rds_rdma_extra_size : 2 : 8 : 20112.778454751286 : 3771 : 1 : 3 : 0 : 0 : 2 : 2 : 0.8 ：1
__rds_rdma_map : 5 : 46 : 157272.7184453102 : 4084 : 0 : 0 : 0 : 2 : 19 : 3 : 0.3999999999999999 ：0
rds_get_mr_for_dest : 3 : 3 : 5549.351668826618 : 164 : 1 : 1 : 0 : 0 : 2 : 1 : 1.0 ：0
rds_cmsg_rdma_map : 3 : 3 : 1251.2861847798602 : 4330 : 1 : 2 : 0 : 0 : 0 : 1 : 1.0 ：0
rds_cmsg_rdma_args : 4 : 43 : 176982.4456337848 : 4330 : 1 : 31 : 0 : 0 : 23 : 4 : 0.3999999999999999 ：0
rds_rdma_drop_keys : 1 : 5 : 8642.60767273824 : 4330 : 1 : 7 : 0 : 0 : 2 : 2 : 0.8 ：0
rds_rdma_free_op : 1 : 6 : 7269.715711202884 : 4330 : 2 : 4 : 1 : 0 : 1 : 3 : 1.0 ：0
rds_pin_pages : 4 : 4 : 1829.4000377877412 : 3771 : 2 : 2 : 2 : 0 : 2 : 2 : 1.0 ：0
rds_destroy_mr : 1 : 3 : 4481.101472577494 : 271 : 0 : 0 : 0 : 0 : 2 : 1 : 0.8 ：0
rds_mr_tree_walk : 0 : 6 : 6628.695652173914 : 4330 : 2 : 4 : 3 : 0 : 5 : 2 : 1.0 ：0
rds_pages_in_vec : 1 : 3 : 2039.0052064529207 : 3719 : 3 : 0 : 4 : 0 : 0 : 1 : 1.0 ：0
