blk_rq_unmap_user : 1 : 5 : 3404.2243417501836 : 0 : 3 : 3 : 2 : 0 : 3 : 2 : 1.0 ：0
blk_rq_map_kern : 5 : 9 : 11862.343603941226 : 0 : 1 : 17 : 0 : 0 : 4 : 2 : 0.8 ：0
blk_rq_map_user : 6 : 2 : 1258.1432330724535 : 0 : 1 : 15 : 0 : 0 : 4 : 1 : 1.0 ：0
__blk_rq_map_user_iov : 5 : 4 : 7127.210210738546 : 0 : 0 : 0 : 0 : 0 : 3 : 2 : 1.0 ：0
blk_rq_map_user_iov : 5 : 14 : 8678.810773216388 : 0 : 2 : 11 : 1 : 0 : 7 : 2 : 0.8 ：0
blk_rq_append_bio : 2 : 4 : 7759.435680591586 : 0 : 2 : 5 : 1 : 0 : 3 : 4 : 1.0 ：1
__blk_rq_unmap_user : 1 : 3 : 857.1091298419153 : 0 : 0 : 0 : 0 : 0 : 2 : 2 : 1.0 ：0
