pn533_usb_probe : 2 : 27 : 75021.32526352798 : 0 : 1 : 39 : 0 : 0 : 19 : 3 : 0.3999999999999999 ：0
pn533_acr122_tx_frame_init : 2 : 1 : 16581.83619555452 : 0 : 1 : 0 : 0 : 0 : 1 : 1 : 1.0 ：0
pn533_acr122_poweron_rdr : 1 : 5 : 23574.258272585896 : 0 : 2 : 13 : 1 : 0 : 7 : 2 : 1.0 ：0
pn533_send_complete : 1 : 5 : 3690.0294673205067 : 0 : 2 : 2 : 1 : 0 : 1 : 2 : 1.0 ：0
pn533_usb_disconnect : 1 : 2 : 4739.579277239811 : 0 : 1 : 8 : 0 : 0 : 1 : 1 : 0.8 ：0
pn533_acr122_rx_frame_size : 1 : 1 : 1217.8820650922728 : 0 : 1 : 0 : 0 : 0 : 1 : 1 : 1.0 ：0
pn533_acr122_is_rx_frame_valid : 2 : 4 : 2679.250639340422 : 0 : 1 : 0 : 0 : 0 : 5 : 1 : 1.0 ：0
pn533_usb_abort_cmd : 2 : 3 : 4226.906861498682 : 0 : 1 : 4 : 0 : 0 : 1 : 1 : 1.0 ：0
pn533_acr122_poweron_rdr_resp : 1 : 1 : 1819.5652173913045 : 0 : 3 : 3 : 2 : 0 : 1 : 1 : 1.0 ：0
pn533_usb_send_frame : 2 : 15 : 10511.312408924263 : 0 : 1 : 24 : 0 : 1 : 5 : 2 : 0.8 ：1
pn533_usb_send_ack : 2 : 3 : 7552.7957855704835 : 0 : 2 : 2 : 1 : 0 : 1 : 2 : 1.0 ：0
pn533_recv_response : 1 : 3 : 3166.6417825573894 : 0 : 5 : 4 : 5 : 0 : 2 : 3 : 1.0 ：0
pn533_recv_ack : 1 : 11 : 13954.45524502246 : 0 : 3 : 11 : 2 : 0 : 9 : 2 : 1.0 ：0
