dm_write : 4 : 3 : 1114.605665972448 : 3888 : 4 : 1 : 3 : 0 : 2 : 1 : 1.0 ：0
dm9601_bind : 2 : 12 : 44790.82982711661 : 5978 : 1 : 58 : 0 : 0 : 7 : 3 : 0.6 ：0
dm9601_tx_fixup : 0 : 9 : 17048.676879259205 : 5978 : 1 : 5 : 0 : 0 : 3 : 2 : 0.8 ：0
dm9601_rx_fixup : 2 : 8 : 18560.5096177968 : 5978 : 1 : 4 : 0 : 0 : 2 : 2 : 0.8 ：0
dm9601_mdio_read : 3 : 2 : 3450.9249384627433 : 5978 : 2 : 16 : 1 : 0 : 2 : 2 : 1.0 ：1
dm9601_get_eeprom : 3 : 5 : 6443.300007232343 : 5978 : 1 : 15 : 0 : 0 : 3 : 2 : 1.0 ：0
dm9601_link_reset : 1 : 1 : 1687.0782029628563 : 5978 : 1 : 4 : 0 : 0 : 1 : 2 : 1.0 ：0
dm9601_set_mac_address : 2 : 2 : 2317.26854858029 : 5368 : 1 : 4 : 0 : 0 : 2 : 2 : 1.0 ：0
dm9601_mdio_write : 4 : 2 : 3132.0191221930113 : 5978 : 2 : 15 : 1 : 0 : 2 : 2 : 1.0 ：0
dm_read_shared_word : 4 : 7 : 12540.991752809045 : 5978 : 3 : 12 : 4 : 0 : 4 : 2 : 0.8 ：0
dm9601_status : 2 : 3 : 5288.445780361118 : 5978 : 1 : 3 : 0 : 0 : 2 : 2 : 1.0 ：0
dm_write_shared_word : 4 : 9 : 11157.511718784563 : 5978 : 3 : 11 : 2 : 0 : 5 : 2 : 0.6 ：0
dm9601_set_multicast : 1 : 8 : 10415.952644588786 : 5978 : 2 : 10 : 1 : 0 : 5 : 3 : 1.0 ：0
dm_read : 4 : 3 : 1141.1438961146491 : 3888 : 5 : 1 : 16 : 0 : 2 : 1 : 0.8 ：0
