af_ieee802154_init : 1 : 8 : 3872.203035872533 : 2393 : 1 : 4 : 0 : 0 : 6 : 1 : 1.0 ：0
ieee802154_rcv : 4 : 8 : 3914.9433548015163 : 2393 : 1 : 31 : 0 : 0 : 4 : 1 : 0.8 ：0
af_ieee802154_remove : 1 : 1 : 225.3405000453298 : 2393 : 1 : 3 : 0 : 0 : 0 : 1 : 1.0 ：0
ieee802154_dgram_deliver : 2 : 5 : 8561.729839888258 : 2393 : 2 : 13 : 1 : 0 : 4 : 4 : 0.6 ：0
ieee802154_match_sock : 4 : 7 : 2609.6593832265467 : 2393 : 3 : 0 : 2 : 0 : 4 : 1 : 1.0 ：0
dgram_connect : 3 : 5 : 4058.9083794486132 : 2393 : 1 : 5 : 0 : 0 : 5 : 2 : 1.0 ：0
dgram_getsockopt : 5 : 13 : 8562.199639489334 : 2393 : 1 : 6 : 0 : 0 : 1 : 2 : 0.8 ：0
dgram_sendmsg : 3 : 20 : 41154.73491686888 : 2393 : 1 : 31 : 0 : 0 : 12 : 2 : 0.6 ：0
dgram_recvmsg : 6 : 13 : 18158.74932770831 : 2393 : 1 : 11 : 0 : 0 : 9 : 2 : 0.6 ：0
dgram_rcv_skb : 2 : 3 : 1033.5727742211332 : 2393 : 3 : 3 : 2 : 0 : 3 : 2 : 1.0 ：0
dgram_setsockopt : 5 : 18 : 19608.21654891518 : 2393 : 1 : 7 : 0 : 0 : 5 : 3 : 0.6 ：0
dgram_disconnect : 2 : 1 : 723.8989802503853 : 2393 : 1 : 4 : 0 : 0 : 1 : 1 : 1.0 ：0
ieee802154_create : 4 : 14 : 15108.262645022947 : 2393 : 1 : 6 : 0 : 0 : 9 : 3 : 0.6 ：0
dgram_bind : 3 : 9 : 8015.733396446627 : 2393 : 1 : 18 : 0 : 0 : 10 : 2 : 0.8 ：0
dgram_ioctl : 3 : 4 : 6504.608892664567 : 2393 : 1 : 6 : 0 : 0 : 2 : 4 : 0.8 ：0
dgram_init : 1 : 1 : 585.4574702025006 : 2393 : 1 : 2 : 0 : 0 : 1 : 1 : 1.0 ：0
dgram_unhash : 1 : 2 : 632.3305015414275 : 2393 : 1 : 5 : 0 : 0 : 0 : 1 : 0.8 ：0
ieee802154_raw_deliver : 2 : 4 : 2741.358675550489 : 2393 : 2 : 10 : 1 : 0 : 2 : 3 : 0.8 ：0
raw_recvmsg : 6 : 8 : 6703.241039631447 : 2393 : 1 : 4 : 0 : 0 : 7 : 2 : 0.8 ：0
dgram_hash : 1 : 1 : 669.0485833673647 : 2393 : 1 : 5 : 0 : 0 : 0 : 1 : 0.8 ：0
raw_unhash : 1 : 2 : 632.3305015414275 : 2393 : 1 : 5 : 0 : 0 : 0 : 1 : 0.8 ：0
raw_sendmsg : 3 : 12 : 23990.013728322596 : 2393 : 1 : 18 : 0 : 0 : 8 : 2 : 0.3999999999999999 ：0
raw_rcv_skb : 2 : 3 : 1033.5727742211332 : 2393 : 3 : 3 : 2 : 0 : 3 : 2 : 1.0 ：0
raw_bind : 3 : 5 : 6119.161506774573 : 2393 : 1 : 17 : 0 : 0 : 6 : 2 : 1.0 ：0
ieee802154_sock_ioctl : 3 : 4 : 2510.580601142311 : 2393 : 1 : 7 : 0 : 0 : 1 : 2 : 1.0 ：0
ieee802154_sock_connect : 4 : 3 : 2393.350425376443 : 2393 : 1 : 0 : 0 : 0 : 1 : 1 : 1.0 ：0
raw_hash : 1 : 1 : 669.0485833673647 : 2393 : 1 : 5 : 0 : 0 : 0 : 1 : 0.8 ：0
ieee802154_get_dev : 0 : 10 : 13344.01108757236 : 2393 : 2 : 10 : 3 : 0 : 3 : 4 : 0.6 ：0
ieee802154_sock_release : 1 : 2 : 1311.4414129536071 : 2393 : 1 : 0 : 0 : 0 : 1 : 2 : 1.0 ：0
ieee802154_dev_ioctl : 3 : 7 : 9175.723877751323 : 2393 : 2 : 6 : 1 : 0 : 4 : 1 : 0.6 ：0
ieee802154_sock_bind : 3 : 2 : 1726.145345087801 : 2393 : 1 : 1 : 0 : 0 : 1 : 1 : 1.0 ：0
