set_disk_ro : 2 : 4 : 1133.0446995945938 : 0 : 1 : 5 : 0 : 0 : 0 : 2 : 1.0 ：0
__alloc_disk_node : 0 : 12 : 19662.943186197685 : 0 : 0 : 0 : 0 : 0 : 9 : 1 : 0.3999999999999999 ：0
set_disk_ro_uevent : 2 : 2 : 1571.8270417463812 : 0 : 2 : 2 : 1 : 0 : 0 : 2 : 1.0 ：0
disk_visible : 3 : 3 : 1485.9023444260838 : 0 : 1 : 3 : 0 : 0 : 2 : 1 : 1.0 ：0
__blk_alloc_disk : 0 : 3 : 3319.761909441969 : 0 : 0 : 0 : 0 : 0 : 4 : 2 : 1.0 ：0
disk_release : 1 : 10 : 11141.13049708605 : 0 : 1 : 16 : 0 : 0 : 1 : 1 : 0.8 ：1
part_fail_store : 4 : 3 : 714.5587783547105 : 0 : 1 : 2 : 0 : 0 : 2 : 1 : 1.0 ：0
diskstats_show : 2 : 6 : 43829.294192371635 : 0 : 1 : 22 : 0 : 0 : 3 : 3 : 0.3999999999999999 ：0
block_devnode : 0 : 2 : 1051.996588550992 : 0 : 1 : 1 : 0 : 0 : 2 : 1 : 1.0 ：0
part_devt : 2 : 2 : 1210.4301001903852 : 0 : 1 : 3 : 0 : 0 : 3 : 1 : 0.8 ：0
part_inflight_show : 3 : 2 : 2708.014074873878 : 0 : 1 : 8 : 0 : 0 : 2 : 1 : 1.0 ：0
disk_seqf_stop : 2 : 2 : 1261.6776785594204 : 0 : 1 : 2 : 0 : 0 : 1 : 2 : 1.0 ：0
disk_ext_range_show : 3 : 1 : 654.300925786818 : 0 : 1 : 2 : 0 : 0 : 1 : 1 : 1.0 ：0
part_stat_show : 3 : 3 : 35602.957242161145 : 0 : 1 : 17 : 0 : 0 : 3 : 2 : 0.8 ：0
disk_hidden_show : 3 : 1 : 654.300925786818 : 0 : 1 : 2 : 0 : 0 : 1 : 1 : 1.0 ：0
disk_badblocks_show : 3 : 2 : 1055.8561940127386 : 0 : 1 : 3 : 0 : 0 : 1 : 1 : 1.0 ：0
disk_removable_show : 3 : 1 : 654.300925786818 : 0 : 1 : 2 : 0 : 0 : 1 : 1 : 1.0 ：0
show_partition_start : 0 : 3 : 993.8161892963119 : 0 : 1 : 8 : 0 : 0 : 2 : 1 : 1.0 ：0
disk_seqf_start : 0 : 5 : 3260.0461886732173 : 0 : 2 : 5 : 1 : 0 : 4 : 2 : 1.0 ：0
genhd_device_init : 1 : 2 : 1686.7436422404282 : 0 : 1 : 5 : 0 : 0 : 2 : 1 : 0.8 ：0
show_partition : 2 : 4 : 3580.184127086034 : 0 : 1 : 8 : 0 : 0 : 2 : 2 : 0.8 ：0
disk_seqf_next : 0 : 2 : 954.7532064160264 : 0 : 1 : 2 : 0 : 0 : 2 : 1 : 1.0 ：0
blk_request_module : 1 : 5 : 8588.901902700725 : 0 : 1 : 6 : 0 : 0 : 1 : 3 : 0.8 ：0
disk_scan_partitions : 2 : 9 : 12564.193156594534 : 0 : 0 : 11 : 2 : 0 : 4 : 2 : 0.8 ：0
disk_badblocks_store : 4 : 2 : 944.7134367482398 : 0 : 1 : 2 : 0 : 0 : 1 : 1 : 1.0 ：0
unregister_blkdev : 2 : 5 : 6400.414550448123 : 0 : 1 : 8 : 0 : 0 : 3 : 2 : 0.8 ：0
blk_report_disk_dead : 2 : 2 : 3855.6212499539133 : 0 : 2 : 7 : 2 : 0 : 1 : 2 : 0.8 ：0
invalidate_disk : 1 : 1 : 875.1904392146909 : 0 : 1 : 3 : 0 : 0 : 1 : 1 : 1.0 ：0
__register_blkdev : 3 : 17 : 32086.04501351062 : 0 : 0 : 0 : 0 : 0 : 4 : 3 : 0.3999999999999999 ：0
del_gendisk : 1 : 10 : 29308.654827999853 : 0 : 1 : 40 : 0 : 0 : 2 : 2 : 0.3999999999999999 ：0
device_add_disk : 3 : 49 : 91424.85922226375 : 0 : 1 : 57 : 0 : 0 : 15 : 3 : 0.3999999999999999 ：0
part_in_flight_rw : 2 : 3 : 8384.540504081484 : 0 : 2 : 2 : 1 : 0 : 1 : 2 : 1.0 ：0
__blk_mark_disk_dead : 1 : 3 : 3200.786766126781 : 0 : 0 : 0 : 0 : 0 : 0 : 1 : 1.0 ：0
blk_alloc_ext_minor : 1 : 2 : 806.7599110456409 : 0 : 2 : 1 : 1 : 0 : 2 : 1 : 1.0 ：0
part_in_flight : 1 : 2 : 2959.9477368705057 : 0 : 2 : 2 : 2 : 0 : 2 : 2 : 1.0 ：0
disk_uevent : 2 : 4 : 2472.790158401797 : 0 : 2 : 9 : 1 : 0 : 1 : 2 : 0.8 ：0
blkdev_show : 2 : 3 : 2595.0994815774843 : 0 : 1 : 4 : 0 : 0 : 1 : 1 : 0.8 ：0
set_capacity_and_notify : 2 : 8 : 8884.552924116779 : 0 : 1 : 7 : 0 : 0 : 4 : 2 : 1.0 ：0
part_stat_read_all : 2 : 2 : 9548.317440214214 : 0 : 2 : 3 : 2 : 0 : 3 : 3 : 1.0 ：0
