helper_rfc4106_decrypt : 1 : 5 : 15931.107984301514 : 2309 : 1 : 41 : 0 : 0 : 5 : 1 : 1.0 ：0
aesni_init : 1 : 11 : 12753.686466394021 : 4510 : 1 : 15 : 0 : 0 : 5 : 2 : 0.8 ：0
gcmaes_crypt_by_sg : 8 : 28 : 96513.54821459575 : 1219 : 3 : 26 : 6 : 0 : 7 : 3 : 0.3999999999999999 ：0
generic_gcmaes_set_key : 3 : 1 : 1083.6418833288633 : 1499 : 1 : 19 : 0 : 0 : 1 : 1 : 1.0 ：0
aesni_exit : 1 : 1 : 484.45443385545633 : 1670 : 1 : 4 : 0 : 0 : 0 : 1 : 1.0 ：0
gcmaes_encrypt : 5 : 2 : 3948.782724403307 : 1499 : 2 : 30 : 2 : 0 : 3 : 1 : 1.0 ：0
generic_gcmaes_decrypt : 1 : 1 : 6024.297024728432 : 1499 : 1 : 41 : 0 : 0 : 5 : 1 : 1.0 ：0
helper_rfc4106_encrypt : 1 : 5 : 15931.107984301514 : 2309 : 1 : 39 : 0 : 0 : 5 : 1 : 1.0 ：0
xts_aesni_setkey : 3 : 5 : 6545.878517503762 : 3231 : 1 : 12 : 0 : 0 : 4 : 1 : 1.0 ：0
common_rfc4106_set_key : 3 : 3 : 3887.855119487083 : 2309 : 1 : 20 : 0 : 0 : 1 : 1 : 1.0 ：0
generic_gcmaes_set_authsize : 2 : 8 : 618.4382931272494 : 1499 : 1 : 0 : 0 : 0 : 0 : 2 : 1.0 ：0
generic_gcmaes_encrypt : 1 : 1 : 6024.297024728432 : 1499 : 1 : 39 : 0 : 0 : 5 : 1 : 1.0 ：0
common_rfc4106_set_authsize : 2 : 4 : 374.56023127094016 : 2309 : 1 : 0 : 0 : 0 : 0 : 2 : 1.0 ：0
xts_crypt : 2 : 13 : 96910.71109995009 : 168 : 2 : 20 : 2 : 0 : 10 : 2 : 0.6 ：1
rfc4106_set_hash_subkey : 3 : 2 : 3546.429126826631 : 1499 : 2 : 4 : 2 : 0 : 3 : 1 : 1.0 ：0
gcmaes_decrypt : 5 : 3 : 8499.547751366015 : 1499 : 2 : 32 : 2 : 0 : 3 : 2 : 1.0 ：0
aesni_ctr_enc_avx_tfm : 5 : 5 : 4969.0182120419595 : 2562 : 2 : 3 : 1 : 0 : 0 : 1 : 1.0 ：0
ctr_crypt : 1 : 5 : 19666.517027586768 : 154 : 1 : 13 : 0 : 0 : 5 : 3 : 1.0 ：0
cbc_encrypt : 1 : 2 : 5193.225839226438 : 173 : 2 : 10 : 1 : 0 : 5 : 2 : 1.0 ：0
cts_cbc_decrypt : 1 : 8 : 34773.00175731146 : 173 : 1 : 27 : 0 : 0 : 9 : 2 : 0.3999999999999999 ：0
cbc_decrypt : 1 : 2 : 5193.225839226438 : 173 : 2 : 10 : 1 : 0 : 5 : 2 : 1.0 ：0
cts_cbc_encrypt : 1 : 8 : 34773.00175731146 : 173 : 1 : 27 : 0 : 0 : 9 : 2 : 0.3999999999999999 ：0
ecb_decrypt : 1 : 2 : 4883.984915208083 : 4510 : 1 : 10 : 0 : 0 : 5 : 2 : 1.0 ：0
aes_ctx : 0 : 2 : 1220.3885023905295 : 154 : 3 : 2 : 20 : 0 : 0 : 1 : 0.8 ：0
ecb_encrypt : 1 : 2 : 4883.984915208083 : 4510 : 1 : 10 : 0 : 0 : 5 : 2 : 1.0 ：0
aesni_encrypt : 3 : 2 : 1191.8077900224876 : 700 : 1 : 9 : 0 : 0 : 1 : 2 : 1.0 ：0
aesni_decrypt : 3 : 2 : 1191.8077900224876 : 700 : 1 : 9 : 0 : 0 : 1 : 2 : 1.0 ：0
aes_set_key_common : 4 : 5 : 2533.0070238901976 : 1499 : 2 : 8 : 5 : 0 : 3 : 2 : 1.0 ：0
aesni_rfc4106_gcm_ctx_get : 0 : 2 : 575.8287342900792 : 1281 : 2 : 3 : 3 : 0 : 0 : 1 : 1.0 ：0
generic_gcmaes_ctx_get : 0 : 2 : 575.8287342900792 : 1281 : 2 : 3 : 3 : 0 : 0 : 1 : 1.0 ：0
