copy_fpregs_to_sigframe : 1 : 6 : 2742.849001713971 : 779 : 2 : 6 : 1 : 0 : 2 : 1 : 1.0 ：0
check_for_xstate : 3 : 11 : 11217.200065602367 : 2203 : 0 : 0 : 0 : 0 : 0 : 1 : 1.0 ：0
__fpu__restore_sig : 3 : 34 : 92338.49955063935 : 2203 : 0 : 0 : 0 : 0 : 17 : 3 : 0.3999999999999999 ：1
copy_fpstate_to_sigframe : 3 : 16 : 14781.229491708984 : 2203 : 1 : 28 : 0 : 0 : 5 : 3 : 0.6 ：0
copy_user_to_fpregs_zeroing : 3 : 8 : 4541.3289611724385 : 779 : 0 : 0 : 0 : 0 : 4 : 3 : 0.8 ：0
fpu__init_prepare_fx_sw_frame : 1 : 3 : 2045.5295193355103 : 2203 : 1 : 2 : 0 : 0 : 2 : 2 : 1.0 ：0
fpu__alloc_mathframe : 4 : 3 : 2166.6089325806593 : 2203 : 1 : 4 : 0 : 0 : 1 : 2 : 1.0 ：0
fpu__restore_sig : 2 : 3 : 1782.6334202803855 : 2203 : 1 : 3 : 0 : 0 : 1 : 2 : 1.0 ：0
sanitize_restored_user_xstate : 4 : 6 : 13436.782942307182 : 382 : 0 : 0 : 0 : 0 : 2 : 2 : 0.8 ：0
save_xstate_epilog : 2 : 4 : 21841.99984232455 : 2203 : 2 : 1 : 1 : 0 : 5 : 1 : 1.0 ：0
save_fsave_header : 2 : 8 : 7257.9604102589155 : 2203 : 2 : 6 : 1 : 0 : 3 : 2 : 0.6 ：0
