ovl_ioctl_set_fsflags : 3 : 2 : 948.7405633202123 : 194 : 3 : 45 : 2 : 0 : 0 : 1 : 1.0 ：0
ovl_fadvise : 4 : 2 : 2590.143907366811 : 475 : 1 : 29 : 0 : 0 : 5 : 1 : 1.0 ：0
ovl_ioctl_set_fsxflags : 3 : 2 : 1567.6113322922088 : 194 : 3 : 46 : 2 : 0 : 1 : 1 : 1.0 ：0
ovl_remap_file_range : 6 : 6 : 4614.37343355289 : 419 : 1 : 36 : 0 : 0 : 1 : 1 : 1.0 ：0
ovl_fsflags_to_iflags : 1 : 5 : 1073.482378127129 : 194 : 4 : 0 : 3 : 0 : 1 : 1 : 0.8 ：0
ovl_ioctl : 3 : 5 : 2449.4513642313023 : 194 : 2 : 123 : 1 : 0 : 2 : 2 : 1.0 ：0
ovl_read_iter : 2 : 3 : 4308.270834535261 : 522 : 1 : 36 : 0 : 0 : 6 : 1 : 1.0 ：0
ovl_mmap : 2 : 4 : 6940.703873988152 : 522 : 1 : 12 : 0 : 0 : 4 : 2 : 1.0 ：0
ovl_copyfile : 7 : 6 : 13217.442805981627 : 419 : 2 : 33 : 2 : 0 : 6 : 2 : 1.0 ：0
ovl_fsxflags_to_iflags : 1 : 5 : 1073.482378127129 : 194 : 4 : 0 : 3 : 0 : 1 : 1 : 0.8 ：0
ovl_ioctl_set_flags : 4 : 8 : 7118.202044986182 : 194 : 4 : 42 : 6 : 0 : 6 : 1 : 0.3999999999999999 ：0
ovl_fsync : 4 : 4 : 4972.431702490649 : 522 : 1 : 29 : 0 : 0 : 5 : 2 : 1.0 ：1
ovl_real_ioctl : 3 : 2 : 2539.3158832274084 : 522 : 5 : 29 : 9 : 0 : 5 : 1 : 0.8 ：0
ovl_write_iter : 2 : 6 : 10768.725547174809 : 522 : 1 : 38 : 0 : 0 : 8 : 1 : 0.8 ：0
ovl_fallocate : 4 : 2 : 4398.129239611552 : 522 : 1 : 31 : 0 : 0 : 6 : 1 : 1.0 ：0
ovl_compat_ioctl : 3 : 3 : 993.8161892963119 : 522 : 1 : 124 : 0 : 0 : 0 : 2 : 1.0 ：0
ovl_file_accessed : 1 : 5 : 4896.739950770195 : 522 : 2 : 4 : 2 : 0 : 0 : 2 : 1.0 ：0
ovl_iocb_to_rwf : 1 : 5 : 1450.870927801733 : 522 : 2 : 0 : 2 : 0 : 3 : 1 : 0.8 ：0
ovl_llseek : 3 : 7 : 13692.941143433365 : 522 : 1 : 32 : 0 : 0 : 6 : 2 : 0.6 ：0
ovl_open : 2 : 3 : 3801.146893102468 : 230 : 1 : 16 : 0 : 0 : 3 : 1 : 1.0 ：0
ovl_change_flags : 2 : 9 : 8364.153495644385 : 522 : 8 : 5 : 21 : 0 : 3 : 2 : 0.3999999999999999 ：0
ovl_real_fdget_meta : 3 : 4 : 8534.339711696313 : 520 : 7 : 22 : 20 : 0 : 2 : 2 : 0.8 ：0
ovl_whatisit : 2 : 3 : 470.3999999999999 : 520 : 9 : 2 : 23 : 0 : 0 : 1 : 0.8 ：0
ovl_open_realfile : 0 : 1 : 6944.218559630374 : 522 : 8 : 10 : 22 : 0 : 5 : 1 : 0.8 ：0
