genlmsg_multicast_allns : 5 : 2 : 1036.0378720979402 : 3980 : 4 : 6 : 6 : 0 : 0 : 1 : 0.8 ：0
genl_bind : 2 : 7 : 5585.5074342505595 : 1987 : 2 : 3 : 1 : 0 : 4 : 3 : 1.0 ：0
ctrl_fill_mcgrp_info : 8 : 12 : 8951.07376108768 : 4705 : 5 : 10 : 7 : 0 : 7 : 1 : 0.6 ：0
ctrl_fill_info : 6 : 29 : 47197.656661638335 : 5321 : 5 : 10 : 9 : 0 : 17 : 3 : 0.3999999999999999 ：0
genl_notify : 5 : 3 : 3292.015466590017 : 3107 : 1 : 4 : 0 : 0 : 3 : 1 : 1.0 ：0
genl_pernet_init : 1 : 4 : 3273.4543219143484 : 3980 : 1 : 87 : 0 : 0 : 0 : 2 : 1.0 ：0
genl_ctrl_event : 4 : 8 : 7574.763109096082 : 2394 : 3 : 44 : 5 : 0 : 1 : 2 : 0.6 ：0
ctrl_getfamily : 2 : 8 : 15798.573252951539 : 5321 : 1 : 34 : 0 : 0 : 6 : 3 : 0.6 ：0
genl_rcv_msg : 3 : 4 : 2364.8390936321784 : 5321 : 3 : 71 : 2 : 0 : 3 : 1 : 0.8 ：0
ctrl_dumppolicy : 2 : 19 : 32873.36040768464 : 35 : 1 : 20 : 0 : 0 : 10 : 3 : 0.6 ：0
ctrl_build_family_msg : 0 : 3 : 2561.006131106378 : 4705 : 4 : 14 : 7 : 0 : 3 : 2 : 0.8 ：0
genl_init : 1 : 5 : 1264.1608516608974 : 5321 : 1 : 87 : 0 : 0 : 3 : 1 : 1.0 ：0
ctrl_build_mcgrp_msg : 0 : 3 : 2660.0656325656796 : 4705 : 4 : 14 : 6 : 0 : 3 : 2 : 0.8 ：0
genl_unbind : 2 : 4 : 3451.7233386432745 : 1987 : 2 : 3 : 1 : 0 : 2 : 3 : 1.0 ：0
genlmsg_mcast : 4 : 11 : 9099.363419258063 : 3980 : 5 : 4 : 7 : 0 : 7 : 4 : 0.6 ：0
ctrl_dumpfamily : 2 : 5 : 7187.337924978363 : 5321 : 1 : 15 : 0 : 0 : 4 : 3 : 1.0 ：0
genl_family_rcv_msg_doit : 7 : 7 : 14838.823264713295 : 243 : 5 : 12 : 4 : 0 : 5 : 2 : 0.8 ：0
genl_family_rcv_msg : 4 : 10 : 12530.93630578987 : 243 : 4 : 64 : 3 : 0 : 4 : 1 : 0.8 ：0
genl_family_rcv_msg_dumpit : 7 : 8 : 18921.05802276457 : 243 : 5 : 43 : 4 : 0 : 5 : 3 : 0.3999999999999999 ：1
genl_parallel_done : 1 : 2 : 2434.5024011076957 : 243 : 6 : 5 : 5 : 0 : 4 : 1 : 1.0 ：0
genl_lock_done : 1 : 2 : 2750.103041341718 : 2472 : 6 : 9 : 5 : 0 : 4 : 2 : 0.8 ：1
genl_lock_start : 1 : 2 : 1284.3163061675418 : 1633 : 6 : 5 : 5 : 0 : 3 : 2 : 0.8 ：1
genl_lock_dumpit : 2 : 1 : 1111.427572644988 : 2472 : 6 : 5 : 5 : 0 : 3 : 1 : 0.8 ：0
genl_family_rcv_msg_attrs_parse : 0 : 6 : 6429.062405541701 : 243 : 6 : 3 : 10 : 0 : 4 : 2 : 0.6 ：0
genl_validate_ops : 1 : 9 : 10751.658970049695 : 2393 : 3 : 1 : 2 : 0 : 1 : 2 : 0.8 ：0
genl_register_family : 1 : 21 : 34395.80698563627 : 1316 : 2 : 84 : 1 : 0 : 7 : 3 : 0.3999999999999999 ：0
genl_unregister_mc_groups : 1 : 4 : 7283.131845781858 : 4705 : 2 : 51 : 1 : 0 : 3 : 2 : 0.8 ：0
genlmsg_put : 0 : 2 : 3464.182831098555 : 35 : 6 : 2 : 19 : 0 : 3 : 1 : 0.8 ：0
genl_unregister_family : 1 : 2 : 2186.6666666666665 : 2394 : 1 : 114 : 0 : 0 : 0 : 2 : 0.8 ：0
genl_allocate_reserve_groups : 2 : 12 : 28445.031387932446 : 2389 : 4 : 8 : 3 : 0 : 5 : 4 : 0.6 ：0
genl_validate_assign_mc_groups : 1 : 22 : 38704.303900207786 : 2389 : 3 : 20 : 2 : 1 : 7 : 4 : 0.3999999999999999 ：0
genl_get_cmd : 0 : 3 : 1839.5155426878848 : 2394 : 5 : 0 : 4 : 0 : 2 : 1 : 1.0 ：0
genl_family_find_byname : 0 : 2 : 1155.4105501817312 : 35 : 3 : 2 : 4 : 0 : 3 : 1 : 1.0 ：0
