ovl_upper_fh_to_d : 0 : 3 : 3685.596603797479 : 2076 : 2 : 88 : 1 : 0 : 5 : 1 : 1.0 ：0
ovl_lookup_real_ancestor : 0 : 7 : 13376.708140188175 : 2053 : 0 : 24 : 8 : 0 : 2 : 3 : 0.6 ：0
ovl_get_name : 3 : 1 : 925.2993694576064 : 2076 : 1 : 1 : 0 : 0 : 0 : 1 : 1.0 ：0
ovl_fh_to_dentry : 0 : 11 : 12369.022181317989 : 2076 : 1 : 197 : 0 : 0 : 9 : 1 : 0.8 ：0
ovl_lookup_real : 0 : 19 : 44696.035020477524 : 2053 : 0 : 56 : 8 : 0 : 6 : 4 : 0.3999999999999999 ：0
ovl_lookup_real_inode : 0 : 13 : 32136.09251116002 : 2076 : 0 : 19 : 8 : 0 : 9 : 2 : 0.3999999999999999 ：0
ovl_get_parent : 0 : 1 : 770.2917753504819 : 2076 : 1 : 2 : 0 : 0 : 0 : 1 : 1.0 ：0
ovl_obtain_alias : 0 : 11 : 20095.4125475557 : 2076 : 4 : 19 : 5 : 0 : 8 : 2 : 0.3999999999999999 ：0
ovl_lower_fh_to_d : 0 : 24 : 46326.962528658405 : 2076 : 2 : 96 : 1 : 0 : 17 : 3 : 0.6 ：0
ovl_lookup_real_one : 0 : 15 : 27261.805241917213 : 2076 : 0 : 17 : 9 : 2 : 7 : 2 : 0.19999999999999996 ：0
ovl_dentry_to_fid : 4 : 7 : 8104.896955029259 : 1391 : 2 : 42 : 1 : 0 : 5 : 1 : 0.8 ：0
ovl_get_dentry : 0 : 4 : 9293.199613926152 : 2076 : 3 : 81 : 4 : 0 : 3 : 1 : 1.0 ：0
ovl_check_encode_origin : 1 : 17 : 15473.350707868023 : 2053 : 3 : 32 : 2 : 0 : 2 : 1 : 0.8 ：1
ovl_fid_to_fh : 0 : 6 : 5371.377945275162 : 1391 : 2 : 3 : 1 : 0 : 2 : 1 : 0.8 ：0
ovl_encode_fh : 4 : 5 : 5215.241647146315 : 50 : 1 : 46 : 0 : 0 : 7 : 1 : 0.8 ：0
ovl_dentry_real_at : 0 : 4 : 4038.1654125963414 : 2076 : 0 : 4 : 28 : 0 : 4 : 2 : 0.8 ：0
ovl_connectable_layer : 1 : 4 : 4837.4720020008135 : 2053 : 5 : 6 : 4 : 0 : 1 : 1 : 1.0 ：0
ovl_encode_maybe_copy_up : 1 : 4 : 2008.7022252889574 : 2076 : 5 : 5 : 4 : 0 : 2 : 2 : 1.0 ：0
ovl_connect_layer : 1 : 10 : 16035.227873196929 : 2053 : 4 : 24 : 3 : 0 : 4 : 3 : 0.8 ：0
