nilfs_bmap_restore : 2 : 1 : 1289.412799445984 : 4399 : 1 : 1 : 0 : 0 : 0 : 1 : 0.8 ：0
nilfs_bmap_assign : 4 : 1 : 1230.803126743894 : 4963 : 1 : 3 : 0 : 0 : 1 : 1 : 1.0 ：0
nilfs_bmap_mark : 3 : 2 : 1795.0128190323328 : 4803 : 1 : 3 : 0 : 0 : 1 : 1 : 1.0 ：0
nilfs_bmap_save : 2 : 1 : 1289.412799445984 : 4399 : 1 : 1 : 0 : 0 : 0 : 1 : 0.8 ：0
nilfs_bmap_init_gc : 1 : 1 : 1770.1287123376596 : 4399 : 1 : 4 : 0 : 0 : 0 : 1 : 1.0 ：0
nilfs_bmap_find_target_in_group : 1 : 1 : 2256.456544997769 : 4963 : 1 : 2 : 0 : 0 : 1 : 1 : 1.0 ：0
nilfs_bmap_find_target_seq : 2 : 4 : 1589.3431659039454 : 4963 : 1 : 1 : 0 : 0 : 2 : 1 : 0.8 ：0
nilfs_bmap_write : 2 : 2 : 1448.2789249398802 : 4963 : 1 : 3 : 0 : 0 : 0 : 1 : 1.0 ：0
nilfs_bmap_read : 2 : 6 : 9189.111854573921 : 4963 : 1 : 7 : 0 : 0 : 0 : 2 : 0.8 ：0
nilfs_bmap_data_get_key : 2 : 2 : 1901.6591097127496 : 4963 : 1 : 2 : 0 : 0 : 3 : 1 : 1.0 ：0
nilfs_bmap_delete : 2 : 1 : 997.8767904307476 : 4899 : 1 : 5 : 0 : 0 : 1 : 1 : 1.0 ：0
nilfs_bmap_clear : 1 : 2 : 897.3639336788317 : 4963 : 1 : 2 : 0 : 0 : 0 : 1 : 1.0 ：0
nilfs_bmap_propagate : 2 : 1 : 1149.6328732400384 : 4963 : 1 : 3 : 0 : 0 : 1 : 1 : 1.0 ：0
nilfs_bmap_test_and_clear_dirty : 1 : 1 : 793.3333333333334 : 4963 : 1 : 4 : 0 : 0 : 2 : 1 : 1.0 ：0
nilfs_bmap_truncate : 2 : 1 : 997.8767904307476 : 4963 : 1 : 6 : 0 : 0 : 1 : 1 : 1.0 ：0
nilfs_bmap_do_truncate : 2 : 7 : 6752.853593936479 : 4963 : 2 : 2 : 1 : 0 : 5 : 3 : 0.8 ：0
nilfs_bmap_seek_key : 3 : 2 : 1598.325224473478 : 2762 : 1 : 3 : 0 : 0 : 2 : 1 : 1.0 ：0
nilfs_bmap_last_key : 2 : 2 : 1559.5269432034434 : 4963 : 1 : 3 : 0 : 0 : 2 : 1 : 1.0 ：0
nilfs_bmap_do_delete : 2 : 7 : 10870.660473912032 : 4963 : 3 : 1 : 3 : 0 : 3 : 3 : 0.8 ：0
nilfs_bmap_insert : 3 : 1 : 1037.262742772967 : 4963 : 1 : 5 : 0 : 0 : 1 : 1 : 1.0 ：0
nilfs_bmap_do_insert : 3 : 7 : 11146.358303109624 : 4963 : 2 : 1 : 1 : 0 : 3 : 3 : 0.8 ：0
nilfs_bmap_lookup_contig : 4 : 1 : 1230.803126743894 : 4899 : 1 : 3 : 0 : 0 : 1 : 1 : 1.0 ：0
nilfs_bmap_lookup_at_level : 4 : 5 : 4175.217391304348 : 4803 : 1 : 6 : 0 : 0 : 4 : 2 : 0.8 ：1
nilfs_bmap_convert_error : 3 : 2 : 1532.0371811078676 : 2762 : 2 : 0 : 10 : 0 : 2 : 2 : 0.8 ：1
