ima_audit_measurement : 2 : 6 : 13110.283986528888 : 0 : 1 : 9 : 0 : 0 : 5 : 1 : 1.0 ：0
ima_collect_measurement : 6 : 16 : 35217.89633602223 : 0 : 1 : 9 : 0 : 0 : 12 : 2 : 0.6 ：0
ima_store_template : 5 : 3 : 5914.394201650005 : 0 : 2 : 3 : 2 : 0 : 4 : 3 : 1.0 ：0
ima_d_path : 0 : 4 : 3427.138022066855 : 0 : 1 : 3 : 0 : 0 : 2 : 3 : 1.0 ：0
ima_add_violation : 5 : 4 : 7199.042416060974 : 0 : 1 : 18 : 0 : 0 : 5 : 2 : 1.0 ：0
ima_alloc_init_template : 3 : 7 : 19928.353293206066 : 0 : 2 : 8 : 2 : 0 : 5 : 2 : 0.6 ：1
ima_store_measurement : 8 : 9 : 18066.70964238068 : 0 : 1 : 17 : 0 : 0 : 4 : 2 : 0.8 ：0
ima_free_template_entry : 1 : 2 : 1794.9212265015121 : 0 : 3 : 1 : 5 : 0 : 1 : 1 : 0.8 ：0
ima_get_action : 10 : 1 : 727.3311984913058 : 0 : 1 : 1 : 0 : 0 : 1 : 1 : 1.0 ：0
