do_compat_fcntl64 : 3 : 23 : 26715.021000082757 : 1002 : 2 : 82 : 1 : 0 : 7 : 2 : 0.3999999999999999 ：0
send_sigio : 3 : 5 : 7505.206177039944 : 892 : 3 : 21 : 2 : 0 : 4 : 3 : 0.8 ：1
convert_fcntl_cmd : 1 : 4 : 406.31662194328595 : 1307 : 3 : 0 : 2 : 0 : 4 : 2 : 1.0 ：0
fasync_add_entry : 3 : 4 : 3880.07921102733 : 4031 : 2 : 11 : 1 : 0 : 1 : 2 : 0.8 ：0
kill_fasync : 3 : 2 : 948.971861614171 : 3905 : 1 : 30 : 0 : 0 : 0 : 2 : 0.8 ：0
fasync_remove_entry : 2 : 3 : 5406.9664698960805 : 3716 : 2 : 8 : 1 : 0 : 2 : 2 : 0.8 ：0
get_compat_flock64 : 2 : 2 : 737.1924205621889 : 1307 : 3 : 2 : 2 : 0 : 1 : 1 : 0.8 ：0
send_sigurg : 1 : 5 : 7490.639301821851 : 892 : 1 : 16 : 0 : 0 : 6 : 3 : 0.8 ：1
sigio_perm : 3 : 6 : 4593.22132708991 : 5736 : 5 : 4 : 6 : 0 : 3 : 1 : 0.6 ：0
send_sigio_to_task : 5 : 14 : 26584.158606195666 : 892 : 4 : 11 : 3 : 0 : 2 : 3 : 0.6 ：0
fcntl_init : 1 : 2 : 3252.1187563522585 : 3793 : 1 : 3 : 0 : 0 : 0 : 1 : 1.0 ：0
kill_fasync_rcu : 3 : 6 : 5183.929119825394 : 3905 : 2 : 26 : 1 : 0 : 1 : 3 : 0.8 ：0
fixup_compat_flock : 1 : 3 : 743.5301164767462 : 1140 : 3 : 0 : 2 : 0 : 0 : 1 : 0.8 ：0
put_compat_flock : 2 : 2 : 1284.6100122034438 : 1352 : 3 : 3 : 2 : 0 : 1 : 1 : 0.8 ：0
fasync_insert_entry : 0 : 4 : 6862.454603257419 : 3716 : 3 : 6 : 2 : 0 : 2 : 2 : 0.8 ：0
put_compat_flock64 : 2 : 2 : 2929.0063665469156 : 1352 : 3 : 4 : 2 : 0 : 1 : 1 : 0.8 ：0
get_compat_flock : 2 : 2 : 737.1924205621889 : 1307 : 3 : 2 : 2 : 0 : 1 : 1 : 0.8 ：0
check_fcntl_cmd : 1 : 6 : 349.0909090909091 : 1307 : 3 : 0 : 3 : 0 : 0 : 2 : 1.0 ：0
do_fcntl : 4 : 38 : 44863.60593205539 : 1307 : 3 : 56 : 3 : 0 : 3 : 3 : 0.19999999999999996 ：0
fcntl_rw_hint : 3 : 11 : 16329.067353958115 : 1281 : 4 : 9 : 4 : 0 : 3 : 2 : 0.3999999999999999 ：0
rw_hint_valid : 1 : 7 : 411.3791395653666 : 1281 : 5 : 0 : 5 : 0 : 2 : 2 : 1.0 ：0
f_getowner_uids : 2 : 1 : 6970.148421416043 : 3073 : 4 : 5 : 4 : 0 : 3 : 1 : 0.8 ：0
f_setown_ex : 2 : 7 : 6482.44609858014 : 4114 : 4 : 4 : 4 : 0 : 5 : 2 : 0.8 ：0
f_modown : 4 : 4 : 4849.985252206738 : 5736 : 2 : 5 : 1 : 0 : 1 : 3 : 0.8 ：0
f_getown_ex : 2 : 6 : 7090.871189339005 : 4114 : 4 : 5 : 4 : 0 : 3 : 2 : 0.8 ：0
f_getown : 1 : 2 : 1726.7765019111507 : 3073 : 4 : 3 : 4 : 0 : 2 : 1 : 0.8 ：0
f_setown : 3 : 6 : 5105.264298316371 : 4114 : 4 : 3 : 4 : 0 : 4 : 2 : 0.6 ：0
