isotp_getsockopt : 5 : 11 : 14894.220431993457 : 520 : 1 : 5 : 0 : 0 : 4 : 2 : 0.8 ：0
isotp_getname : 3 : 2 : 3842.1159302385454 : 520 : 1 : 2 : 0 : 0 : 4 : 1 : 1.0 ：0
isotp_notify : 3 : 9 : 9145.498534549195 : 268 : 2 : 105 : 1 : 0 : 1 : 2 : 0.8 ：0
isotp_module_init : 1 : 2 : 1185.0129882871993 : 520 : 1 : 5 : 0 : 0 : 2 : 1 : 1.0 ：0
isotp_setsockopt_locked : 5 : 27 : 32921.077889417305 : 304 : 2 : 4 : 1 : 0 : 5 : 3 : 0.6 ：0
isotp_tx_timer_handler : 1 : 15 : 60417.98712353154 : 520 : 2 : 24 : 1 : 0 : 9 : 3 : 0.6 ：0
isotp_notifier : 3 : 6 : 4498.223582951644 : 268 : 1 : 111 : 0 : 0 : 5 : 2 : 0.8 ：0
isotp_bind : 3 : 33 : 59342.029153549556 : 520 : 1 : 107 : 0 : 0 : 16 : 4 : 0.6 ：1
isotp_rcv : 2 : 21 : 55220.84513463117 : 520 : 3 : 95 : 4 : 0 : 5 : 4 : 0.3999999999999999 ：0
isotp_release : 1 : 8 : 15420.637257847917 : 520 : 1 : 113 : 0 : 0 : 4 : 4 : 0.3999999999999999 ：0
isotp_init : 1 : 3 : 15443.637233235633 : 520 : 1 : 36 : 0 : 0 : 1 : 1 : 0.8 ：0
isotp_create_fframe : 3 : 4 : 34661.5675035132 : 520 : 2 : 0 : 1 : 0 : 2 : 2 : 1.0 ：0
isotp_fill_dataframe : 4 : 8 : 21910.727718817878 : 520 : 3 : 3 : 3 : 0 : 4 : 3 : 0.8 ：0
isotp_sendmsg : 3 : 38 : 117927.86540931938 : 520 : 1 : 23 : 0 : 0 : 20 : 3 : 0.3999999999999999 ：0
isotp_setsockopt : 5 : 2 : 1697.9099193863838 : 304 : 1 : 7 : 0 : 0 : 3 : 1 : 1.0 ：0
isotp_recvmsg : 4 : 5 : 9523.237717946 : 520 : 1 : 5 : 0 : 0 : 7 : 2 : 0.6 ：0
isotp_rcv_cf : 4 : 22 : 76777.8880891111 : 520 : 4 : 39 : 5 : 0 : 3 : 3 : 0.3999999999999999 ：0
isotp_rcv_ff : 3 : 10 : 54480.1681336786 : 520 : 4 : 21 : 5 : 0 : 4 : 2 : 0.6 ：0
isotp_rcv_fc : 3 : 22 : 58890.42109658426 : 520 : 4 : 11 : 5 : 0 : 1 : 2 : 0.6 ：0
isotp_rcv_sf : 5 : 7 : 12516.292371545018 : 520 : 4 : 17 : 5 : 0 : 2 : 2 : 0.8 ：0
isotp_send_fc : 3 : 7 : 35648.030400133335 : 520 : 5 : 17 : 12 : 0 : 5 : 2 : 0.19999999999999996 ：0
check_optimized : 2 : 4 : 13613.257813119597 : 520 : 6 : 1 : 19 : 0 : 0 : 1 : 0.8 ：0
check_pad : 4 : 8 : 11685.90142218924 : 520 : 5 : 3 : 18 : 0 : 1 : 2 : 0.6 ：0
isotp_rx_timer_handler : 1 : 3 : 3921.1831107793873 : 520 : 2 : 3 : 1 : 0 : 2 : 2 : 1.0 ：0
isotp_rcv_skb : 2 : 2 : 3031.240782629211 : 520 : 5 : 4 : 12 : 0 : 1 : 1 : 0.8 ：0
