mulaw_transfer : 4 : 11 : 16421.949549938145 : 5610 : 2 : 1 : 1 : 0 : 2 : 3 : 0.8 ：0
cvt_s16_to_native : 3 : 3 : 2872.999029407296 : 4698 : 3 : 3 : 2 : 0 : 0 : 1 : 1.0 ：0
snd_pcm_plugin_build_mulaw : 4 : 9 : 13588.790948600676 : 5610 : 1 : 26 : 0 : 0 : 6 : 2 : 0.8 ：1
init_data : 2 : 3 : 5996.8173575211085 : 4698 : 2 : 5 : 1 : 0 : 0 : 2 : 1.0 ：0
mulaw_decode : 4 : 5 : 25628.767610054816 : 5610 : 2 : 6 : 1 : 0 : 6 : 3 : 1.0 ：0
cvt_native_to_s16 : 2 : 2 : 2036.2106479852966 : 4698 : 3 : 2 : 2 : 0 : 1 : 1 : 1.0 ：0
mulaw_encode : 4 : 5 : 25628.767610054816 : 5610 : 2 : 6 : 1 : 0 : 6 : 3 : 1.0 ：0
val_seg : 1 : 4 : 1694.1958131958463 : 5610 : 4 : 0 : 3 : 0 : 2 : 2 : 1.0 ：0
