open_dummy_log : 1 : 4 : 7745.461152315919 : 0 : 2 : 548 : 1 : 0 : 2 : 3 : 0.8 ：0
jfs_flush_journal : 2 : 22 : 52559.349384514266 : 0 : 3 : 80 : 5 : 0 : 4 : 4 : 0.3999999999999999 ：0
jfs_lmstats_proc_show : 2 : 1 : 2712.7407511428282 : 0 : 1 : 1 : 0 : 0 : 0 : 1 : 1.0 ：0
write_special_inodes : 2 : 1 : 1325.3912824321246 : 0 : 4 : 1 : 9 : 0 : 1 : 2 : 0.8 ：0
open_inline_log : 1 : 3 : 9836.815654004226 : 0 : 2 : 549 : 1 : 0 : 4 : 2 : 0.8 ：0
