dev_siocdevprivate : 4 : 3 : 1567.3014640489696 : 0 : 3 : 1 : 2 : 0 : 1 : 2 : 1.0 ：0
dev_ifsioc : 4 : 41 : 59533.74310642021 : 3081 : 2 : 26 : 1 : 0 : 5 : 3 : 0.6 ：1
dev_ioctl : 5 : 56 : 76008.12013053885 : 3081 : 1 : 50 : 2 : 0 : 8 : 3 : 0.3999999999999999 ：0
dev_ifconf : 2 : 7 : 17403.01954845686 : 1280 : 1 : 8 : 0 : 0 : 4 : 3 : 0.6 ：0
dev_siocwandev : 2 : 3 : 1471.4500819916882 : 0 : 3 : 1 : 2 : 0 : 1 : 2 : 1.0 ：0
dev_load : 2 : 5 : 2345.3811711254 : 166 : 2 : 5 : 1 : 0 : 2 : 1 : 0.8 ：0
dev_getifmap : 2 : 2 : 9030.066969628831 : 4 : 3 : 1 : 2 : 0 : 2 : 2 : 1.0 ：0
dev_setifmap : 2 : 3 : 6673.044144432111 : 4 : 3 : 1 : 2 : 0 : 1 : 3 : 1.0 ：0
dev_eth_ioctl : 3 : 5 : 3243.825988328395 : 0 : 3 : 2 : 2 : 0 : 4 : 2 : 1.0 ：0
net_hwtstamp_validate : 1 : 28 : 10462.40751427901 : 3081 : 3 : 1 : 2 : 0 : 5 : 2 : 0.6 ：0
dev_ifsioc_locked : 3 : 10 : 9276.156757712544 : 3081 : 2 : 5 : 1 : 0 : 3 : 2 : 1.0 ：0
dev_siocbond : 3 : 3 : 1518.539580238847 : 0 : 3 : 1 : 2 : 0 : 1 : 2 : 1.0 ：0
