iommufd_test_access_item_destroy : 3 : 3 : 5553.755013364953 : 0 : 2 : 13 : 1 : 0 : 2 : 3 : 0.8 ：0
iommufd_test_alloc_access : 0 : 3 : 4688.649993303628 : 0 : 3 : 8 : 2 : 0 : 3 : 2 : 0.8 ：0
iommufd_test_create_access : 3 : 9 : 10231.637210581084 : 0 : 2 : 18 : 1 : 0 : 9 : 2 : 0.6 ：0
iommufd_test : 1 : 11 : 26354.475925871437 : 0 : 1 : 125 : 0 : 0 : 1 : 2 : 1.0 ：0
iommufd_selftest_destroy : 1 : 2 : 1391.9946152189432 : 0 : 1 : 2 : 0 : 0 : 1 : 2 : 1.0 ：0
iommufd_test_access_pages : 6 : 20 : 40701.83132002974 : 0 : 2 : 30 : 1 : 0 : 14 : 2 : 0.3999999999999999 ：0
iommufd_test_staccess_release : 2 : 2 : 1513.0376252379815 : 0 : 1 : 10 : 0 : 0 : 1 : 2 : 1.0 ：0
iommufd_test_check_pages : 3 : 5 : 5842.499999999999 : 0 : 3 : 3 : 2 : 0 : 2 : 2 : 1.0 ：0
iommufd_test_access_rw : 6 : 15 : 14552.85730901192 : 0 : 2 : 18 : 1 : 0 : 9 : 3 : 0.19999999999999996 ：0
iommufd_test_syz_conv_iova_id : 4 : 3 : 2005.7052773762045 : 0 : 1 : 9 : 0 : 0 : 1 : 1 : 1.0 ：0
iommufd_test_add_reserved : 4 : 2 : 3265.5152112275614 : 0 : 2 : 7 : 1 : 0 : 3 : 1 : 1.0 ：0
iommufd_test_md_check_refs : 4 : 8 : 11300.2273214775 : 0 : 2 : 5 : 1 : 0 : 2 : 4 : 0.8 ：0
get_md_pagetable : 0 : 3 : 4043.92246325307 : 0 : 3 : 6 : 2 : 0 : 3 : 2 : 1.0 ：0
iommufd_test_access_unmap : 3 : 3 : 5388.824737602382 : 0 : 2 : 6 : 1 : 0 : 3 : 2 : 0.8 ：0
iommufd_test_md_check_pa : 5 : 13 : 20190.062188449425 : 0 : 2 : 16 : 1 : 0 : 9 : 3 : 0.8 ：0
iommufd_test_mock_domain : 2 : 6 : 18472.22222222222 : 0 : 2 : 9 : 1 : 0 : 8 : 2 : 1.0 ：0
iommufd_access_get : 0 : 3 : 1723.008667161762 : 0 : 3 : 3 : 6 : 0 : 1 : 2 : 0.8 ：0
mock_domain_iova_to_phys : 2 : 1 : 2253.818204104 : 0 : 1 : 4 : 0 : 0 : 1 : 1 : 1.0 ：0
mock_domain_free : 1 : 1 : 934.0632003230779 : 0 : 1 : 4 : 0 : 0 : 0 : 1 : 1.0 ：0
iommufd_test_syz_conv_iova : 2 : 3 : 5859.692918557929 : 0 : 3 : 5 : 5 : 0 : 4 : 3 : 1.0 ：0
mock_domain_map_pages : 8 : 8 : 14284.340167272956 : 0 : 1 : 9 : 0 : 0 : 2 : 4 : 1.0 ：0
mock_domain_unmap_pages : 5 : 6 : 12877.867444274532 : 0 : 1 : 4 : 0 : 0 : 5 : 4 : 1.0 ：0
mock_domain_alloc : 0 : 3 : 3323.1521739130435 : 0 : 1 : 3 : 0 : 0 : 3 : 1 : 1.0 ：0
