tipc_crypto_rcv_complete : 5 : 26 : 70751.29354149241 : 289 : 4 : 111 : 4 : 0 : 16 : 3 : 0.3999999999999999 ：0
tipc_crypto_key_synch : 3 : 10 : 18274.050529955963 : 289 : 5 : 22 : 5 : 0 : 3 : 2 : 0.8 ：0
tipc_crypto_do_cmd : 2 : 8 : 76333.21905962938 : 289 : 2 : 18 : 1 : 0 : 4 : 4 : 0.6 ：0
tipc_crypto_key_dump : 0 : 9 : 23438.559987142675 : 289 : 3 : 6 : 2 : 0 : 4 : 2 : 0.6 ：0
tipc_crypto_key_pick_tx : 0 : 13 : 24684.07722058925 : 289 : 2 : 10 : 1 : 0 : 5 : 3 : 0.6 ：0
tipc_crypto_key_flush : 1 : 2 : 4381.89885760507 : 289 : 1 : 11 : 0 : 0 : 1 : 1 : 0.8 ：0
tipc_crypto_start : 3 : 4 : 8894.796098793027 : 289 : 1 : 12 : 0 : 0 : 1 : 2 : 0.8 ：0
tipc_crypto_rcv : 4 : 24 : 46968.78735463751 : 289 : 1 : 319 : 0 : 0 : 15 : 3 : 0.3999999999999999 ：0
tipc_crypto_xmit : 5 : 29 : 52042.938781275945 : 289 : 0 : 0 : 1 : 0 : 15 : 4 : 0.6 ：0
tipc_crypto_timeout : 1 : 40 : 184713.3009920256 : 289 : 1 : 46 : 0 : 0 : 17 : 1 : 0.3999999999999999 ：0
tipc_crypto_key_init : 3 : 3 : 5335.108915162578 : 289 : 1 : 54 : 0 : 0 : 3 : 2 : 1.0 ：0
tipc_crypto_key_attach : 3 : 20 : 38254.836506255764 : 289 : 5 : 15 : 6 : 1 : 8 : 4 : 0.19999999999999996 ：0
tipc_crypto_stop : 1 : 6 : 15644.936318183216 : 289 : 1 : 27 : 0 : 0 : 2 : 3 : 0.6 ：0
tipc_key_change_dump : 0 : 9 : 19240.707322991013 : 289 : 7 : 1 : 17 : 0 : 4 : 2 : 0.6 ：0
tipc_crypto_key_try_align : 2 : 14 : 34619.683318883355 : 289 : 2 : 21 : 1 : 0 : 10 : 2 : 0.6 ：0
tipc_crypto_key_revoke : 2 : 2 : 6530.845073794866 : 289 : 0 : 0 : 3 : 0 : 2 : 1 : 0.8 ：0
tipc_crypto_key_set_state : 4 : 1 : 5404.837302450924 : 289 : 6 : 5 : 16 : 0 : 1 : 1 : 0.8 ：0
tipc_ehdr_build : 5 : 11 : 25326.994436414603 : 289 : 0 : 0 : 2 : 0 : 6 : 3 : 0.6 ：0
tipc_aead_encrypt_done : 2 : 4 : 9190.33274265356 : 289 : 0 : 0 : 3 : 0 : 6 : 2 : 0.8 ：0
tipc_aead_decrypt : 4 : 19 : 43172.36726905878 : 289 : 2 : 154 : 1 : 0 : 14 : 3 : 0.6 ：0
tipc_aead_decrypt_done : 2 : 5 : 9722.308491962247 : 289 : 3 : 120 : 2 : 0 : 5 : 2 : 1.0 ：0
tipc_ehdr_validate : 1 : 6 : 6317.621641845968 : 289 : 1 : 3 : 0 : 0 : 8 : 1 : 0.8 ：0
tipc_aead_encrypt : 5 : 23 : 82380.93071656892 : 289 : 0 : 0 : 2 : 0 : 14 : 3 : 0.3999999999999999 ：0
tipc_aead_init : 3 : 13 : 50249.58055699034 : 289 : 2 : 21 : 1 : 0 : 4 : 4 : 0.3999999999999999 ：0
tipc_aead_users_inc : 2 : 2 : 914.1510636158296 : 289 : 6 : 4 : 6 : 0 : 1 : 1 : 0.6 ：0
tipc_aead_clone : 2 : 6 : 13356.973615911771 : 289 : 5 : 12 : 5 : 0 : 2 : 2 : 0.6 ：0
tipc_aead_mem_alloc : 0 : 2 : 12941.080455025873 : 289 : 3 : 7 : 5 : 0 : 2 : 1 : 1.0 ：0
tipc_aead_users_dec : 2 : 2 : 1080.5100860035752 : 289 : 6 : 4 : 12 : 0 : 1 : 1 : 0.6 ：0
tipc_aead_users : 1 : 2 : 1104.1610259723839 : 289 : 6 : 4 : 11 : 0 : 3 : 1 : 0.6 ：0
tipc_aead_tfm_next : 0 : 1 : 921.5534253187509 : 289 : 3 : 2 : 5 : 0 : 1 : 1 : 1.0 ：0
tipc_aead_users_set : 2 : 5 : 2369.0216179431104 : 289 : 5 : 5 : 6 : 0 : 2 : 3 : 0.6 ：1
tipc_aead_free : 1 : 2 : 7268.712534436421 : 289 : 0 : 11 : 20 : 0 : 1 : 3 : 0.6 ：1
tipc_aead_key_validate : 1 : 8 : 5677.690550552656 : 289 : 1 : 4 : 0 : 0 : 1 : 2 : 0.8 ：0
tipc_aead_get : 0 : 3 : 1021.7206066525363 : 289 : 5 : 5 : 8 : 0 : 2 : 1 : 0.6 ：0
