access_error : 2 : 11 : 18430.723604808805 : 1794 : 4 : 3 : 3 : 0 : 1 : 2 : 0.8 ：0
do_sigbus : 4 : 8 : 9950.496788616401 : 4883 : 4 : 102 : 3 : 0 : 2 : 2 : 0.8 ：0
fault_in_kernel_space : 1 : 3 : 1804.014406245581 : 4511 : 3 : 3 : 2 : 0 : 1 : 1 : 1.0 ：0
__bad_area_nosemaphore : 5 : 9 : 11594.227282509179 : 4527 : 0 : 0 : 0 : 0 : 1 : 2 : 0.8 ：0
handle_page_fault : 3 : 3 : 4686.218181818182 : 107 : 2 : 365 : 1 : 0 : 0 : 2 : 1.0 ：0
do_user_addr_fault : 3 : 56 : 146299.73376510735 : 367 : 3 : 306 : 2 : 0 : 6 : 3 : 0.3999999999999999 ：0
spurious_kernel_fault_check : 2 : 5 : 672.0000000000001 : 978 : 5 : 2 : 4 : 0 : 0 : 1 : 1.0 ：0
do_kern_addr_fault : 3 : 10 : 29779.1142667547 : 978 : 3 : 42 : 2 : 0 : 0 : 2 : 0.3999999999999999 ：0
show_signal_msg : 4 : 3 : 5111.847805584055 : 4495 : 0 : 0 : 0 : 0 : 1 : 1 : 1.0 ：0
__bad_area : 5 : 2 : 2071.846542704437 : 1942 : 0 : 0 : 0 : 0 : 1 : 1 : 1.0 ：0
bad_area_access_from_pkeys : 2 : 4 : 2540.166671461859 : 1942 : 5 : 2 : 4 : 0 : 5 : 1 : 1.0 ：0
kernelmode_fixup_or_oops : 5 : 8 : 11053.62927367709 : 123 : 5 : 78 : 7 : 0 : 0 : 3 : 0.6 ：1
exc_page_fault : 0 : 4 : 20190.37631935608 : 367 : 0 : 0 : 0 : 0 : 1 : 1 : 1.0 ：0
bad_area_access_error : 4 : 3 : 17232.74982160877 : 4527 : 4 : 4 : 3 : 0 : 1 : 2 : 1.0 ：0
trace_page_fault_entries : 3 : 3 : 648.0 : 2773 : 3 : 4 : 2 : 0 : 0 : 1 : 1.0 ：0
spurious_kernel_fault : 2 : 12 : 21736.15081509627 : 978 : 4 : 17 : 3 : 0 : 7 : 1 : 0.6 ：0
page_fault_oops : 3 : 13 : 43021.70874454992 : 123 : 6 : 56 : 11 : 0 : 2 : 2 : 0.3999999999999999 ：0
set_signal_archinfo : 2 : 1 : 708.8872502451931 : 936 : 6 : 0 : 12 : 0 : 1 : 1 : 0.8 ：0
sanitize_error_code : 2 : 2 : 2785.2514029631575 : 207 : 6 : 0 : 12 : 0 : 0 : 1 : 0.8 ：0
pgtable_bad : 3 : 2 : 2438.90230580701 : 4883 : 4 : 29 : 3 : 0 : 2 : 1 : 1.0 ：0
show_ldttss : 3 : 4 : 12067.338713480965 : 934 : 8 : 2 : 13 : 0 : 2 : 2 : 0.8 ：0
show_fault_oops : 3 : 18 : 38754.40478474138 : 4883 : 7 : 45 : 12 : 0 : 2 : 2 : 0.3999999999999999 ：0
is_f00f_bug : 3 : 4 : 380.3296723500879 : 4883 : 4 : 3 : 3 : 0 : 0 : 2 : 1.0 ：0
is_errata100 : 2 : 4 : 692.3396352002255 : 4883 : 0 : 0 : 0 : 0 : 0 : 1 : 1.0 ：0
dump_pagetable : 1 : 11 : 16873.634417535628 : 4495 : 8 : 25 : 17 : 0 : 8 : 1 : 0.8 ：0
is_errata93 : 2 : 12 : 4134.97674263847 : 4883 : 4 : 2 : 3 : 0 : 0 : 2 : 0.8 ：0
vmalloc_sync_one : 0 : 6 : 16267.114671895211 : 283 : 5 : 11 : 5 : 0 : 7 : 1 : 0.8 ：0
vmalloc_fault : 1 : 6 : 6686.111111111111 : 283 : 4 : 16 : 3 : 0 : 2 : 1 : 0.8 ：0
arch_sync_kernel_mappings : 2 : 4 : 4406.897001935613 : 376 : 1 : 17 : 0 : 0 : 2 : 3 : 0.8 ：0
is_prefetch : 3 : 10 : 11630.952899734097 : 123 : 6 : 13 : 12 : 0 : 2 : 3 : 0.6 ：0
check_prefetch_opcode : 4 : 13 : 11921.411696526138 : 4495 : 7 : 3 : 13 : 0 : 0 : 2 : 0.8 ：0
is_amd_k8_pre_npt : 1 : 4 : 736.4432787349593 : 123 : 7 : 2 : 13 : 0 : 1 : 1 : 0.8 ：0
kmmio_fault : 2 : 3 : 653.9940546000541 : 4768 : 3 : 3 : 2 : 0 : 0 : 1 : 1.0 ：0
