ovl_parse_layer : 3 : 11 : 9212.44315192134 : 7 : 2 : 25 : 1 : 0 : 8 : 2 : 0.6 ：0
ovl_parse_param : 2 : 24 : 29569.24032630444 : 7 : 1 : 52 : 0 : 0 : 8 : 3 : 0.6 ：0
ovl_fs_params_verify : 2 : 50 : 168466.20248742797 : 127 : 1 : 5 : 0 : 0 : 1 : 3 : 0.6 ：0
ovl_mount_dir_check : 5 : 11 : 15575.363013556958 : 7 : 3 : 3 : 4 : 0 : 1 : 2 : 0.8 ：0
ovl_init_fs_context : 1 : 7 : 11432.644061060018 : 127 : 1 : 11 : 0 : 0 : 4 : 1 : 0.8 ：0
ovl_ctx_realloc_lower : 1 : 3 : 5211.0784467807325 : 7 : 3 : 3 : 2 : 0 : 3 : 1 : 1.0 ：0
ovl_unescape : 1 : 4 : 1887.0281576789143 : 140 : 4 : 0 : 5 : 0 : 1 : 2 : 1.0 ：0
ovl_fs_context_free : 1 : 1 : 680.3522738925122 : 127 : 2 : 5 : 2 : 0 : 0 : 1 : 1.0 ：0
ovl_reconfigure : 1 : 6 : 3909.653499582497 : 127 : 1 : 8 : 0 : 0 : 5 : 3 : 1.0 ：0
ovl_parse_param_lowerdir : 2 : 24 : 52795.42376150938 : 127 : 2 : 22 : 1 : 0 : 14 : 4 : 0.3999999999999999 ：1
ovl_free_fs : 1 : 6 : 29176.63068938922 : 127 : 2 : 8 : 1 : 0 : 2 : 2 : 0.8 ：0
ovl_free : 1 : 4 : 3364.2793558404287 : 127 : 1 : 15 : 0 : 0 : 2 : 1 : 0.8 ：0
ovl_show_options : 2 : 17 : 63496.93729510216 : 127 : 1 : 13 : 0 : 0 : 3 : 2 : 0.6 ：0
ovl_mount_dir : 2 : 2 : 1366.7619338657976 : 7 : 3 : 6 : 4 : 0 : 3 : 2 : 1.0 ：0
ovl_reset_lowerdirs : 1 : 2 : 4446.633416214477 : 7 : 3 : 2 : 5 : 0 : 1 : 2 : 1.0 ：0
ovl_add_layer : 4 : 5 : 10943.417505895775 : 7 : 3 : 3 : 2 : 0 : 4 : 2 : 1.0 ：0
ovl_next_opt : 0 : 7 : 5303.723288005353 : 26 : 2 : 0 : 1 : 1 : 4 : 3 : 0.8 ：0
ovl_parse_param_split_lowerdirs : 1 : 10 : 13233.430728521435 : 140 : 3 : 1 : 2 : 1 : 2 : 4 : 0.8 ：0
ovl_mount_dir_noesc : 2 : 5 : 2359.5133921168963 : 7 : 4 : 2 : 7 : 0 : 4 : 2 : 0.8 ：0
