io_wq_put_and_exit : 1 : 1 : 411.19433158222125 : 226 : 1 : 441 : 0 : 0 : 0 : 1 : 1.0 ：0
io_wq_worker_cancel : 2 : 4 : 4046.847252933802 : 702 : 3 : 3 : 2 : 0 : 1 : 2 : 0.8 ：0
__io_wq_cpu_online : 3 : 1 : 1608.2707727905852 : 121 : 0 : 0 : 0 : 0 : 1 : 2 : 0.8 ：0
io_wq_worker_affinity : 2 : 2 : 1361.7338627141833 : 359 : 0 : 0 : 0 : 0 : 2 : 1 : 1.0 ：0
io_task_work_match : 2 : 3 : 1423.630856473919 : 187 : 3 : 381 : 2 : 0 : 2 : 1 : 1.0 ：0
io_wqe_cancel_pending_work : 2 : 5 : 2995.6567086190007 : 187 : 3 : 15 : 3 : 0 : 3 : 3 : 0.8 ：0
io_wqe_hash_wake : 4 : 3 : 4109.224733488171 : 233 : 2 : 6 : 1 : 0 : 3 : 2 : 0.8 ：0
io_wq_init : 1 : 2 : 1085.1855327353146 : 359 : 1 : 5 : 0 : 0 : 2 : 1 : 1.0 ：0
io_wq_cancel_cb : 4 : 11 : 15930.008751762818 : 310 : 1 : 32 : 0 : 0 : 8 : 2 : 0.8 ：0
io_wq_cpu_affinity : 2 : 2 : 2315.637607677476 : 121 : 1 : 5 : 0 : 0 : 2 : 2 : 0.8 ：0
io_wq_hash_work : 2 : 1 : 540.4222801869237 : 580 : 1 : 1 : 0 : 0 : 0 : 1 : 1.0 ：0
io_wq_exit_workers : 1 : 3 : 14440.539274447845 : 143 : 2 : 415 : 1 : 0 : 5 : 2 : 0.8 ：1
io_wq_destroy : 1 : 1 : 3385.326791183678 : 187 : 2 : 22 : 1 : 0 : 2 : 3 : 0.8 ：0
io_wqe_remove_pending : 3 : 6 : 6746.877134641933 : 419 : 0 : 6 : 26 : 0 : 2 : 2 : 0.8 ：0
io_wq_max_workers : 2 : 5 : 14079.646668136324 : 48 : 1 : 6 : 0 : 0 : 1 : 3 : 0.8 ：0
io_wq_create : 0 : 14 : 44117.52477894218 : 717 : 1 : 31 : 0 : 0 : 8 : 3 : 0.3999999999999999 ：0
io_wqe_enqueue : 2 : 11 : 13406.309374754694 : 580 : 2 : 269 : 1 : 0 : 4 : 4 : 0.6 ：0
io_wqe_insert_work : 2 : 4 : 5160.415184103698 : 571 : 3 : 6 : 2 : 0 : 3 : 2 : 1.0 ：0
create_io_worker : 3 : 7 : 11977.717126942007 : 187 : 0 : 230 : 18 : 0 : 6 : 2 : 0.3999999999999999 ：0
io_workqueue_create : 1 : 2 : 2003.5337048759325 : 44 : 0 : 134 : 18 : 0 : 2 : 2 : 0.6 ：0
io_run_cancel : 2 : 3 : 1139.9892745168604 : 220 : 0 : 0 : 28 : 0 : 1 : 2 : 0.8 ：0
create_worker_cont : 1 : 6 : 11722.564219642247 : 44 : 0 : 110 : 18 : 0 : 4 : 4 : 0.6 ：0
io_wq_worker_sleeping : 1 : 4 : 2542.8449608981823 : 717 : 1 : 198 : 0 : 0 : 1 : 1 : 0.8 ：0
io_init_new_worker : 3 : 1 : 2586.6588011769268 : 44 : 0 : 6 : 38 : 0 : 0 : 1 : 0.6 ：0
io_wqe_worker : 1 : 10 : 18391.489727645174 : 44 : 0 : 70 : 29 : 0 : 8 : 3 : 0.19999999999999996 ：0
io_should_retry_thread : 1 : 5 : 451.47885019265107 : 44 : 0 : 0 : 38 : 0 : 2 : 2 : 0.8 ：0
io_wq_worker_running : 1 : 4 : 1705.349809033352 : 717 : 1 : 4 : 0 : 0 : 1 : 1 : 1.0 ：0
io_wait_on_hash : 2 : 3 : 4208.206687561162 : 233 : 1 : 5 : 0 : 0 : 1 : 3 : 0.8 ：0
io_assign_current_work : 2 : 2 : 728.0 : 254 : 1 : 7 : 0 : 0 : 0 : 2 : 0.8 ：0
io_flush_signals : 1 : 2 : 311.5745249997793 : 236 : 0 : 3 : 31 : 0 : 2 : 2 : 0.8 ：0
io_wq_for_each_worker : 3 : 5 : 2943.181818181818 : 233 : 3 : 7 : 4 : 0 : 3 : 3 : 0.8 ：0
io_queue_worker_create : 3 : 9 : 9647.109907571225 : 44 : 0 : 14 : 46 : 0 : 7 : 1 : 0.3999999999999999 ：0
create_worker_cb : 1 : 3 : 9661.146678131028 : 187 : 0 : 12 : 22 : 0 : 5 : 2 : 0.6 ：1
io_wqe_create_worker : 2 : 4 : 5996.928147340007 : 46 : 3 : 236 : 2 : 0 : 1 : 2 : 0.8 ：0
io_worker_exit : 1 : 3 : 4389.79081287604 : 717 : 0 : 50 : 28 : 0 : 1 : 1 : 0.6 ：1
io_acct_run_queue : 1 : 3 : 429.1835983312856 : 44 : 0 : 2 : 57 : 0 : 2 : 1 : 0.8 ：0
