update_if_frozen : 1 : 9 : 9184.456074710357 : 1524 : 2 : 11 : 1 : 0 : 6 : 3 : 0.8 ：0
freezer_attach : 1 : 4 : 10111.039179837593 : 1524 : 1 : 9 : 0 : 0 : 3 : 4 : 0.8 ：0
freezer_change_state : 2 : 3 : 6407.027441183118 : 1524 : 2 : 27 : 1 : 0 : 3 : 2 : 0.8 ：0
freezer_write : 4 : 4 : 2306.3706957862382 : 1524 : 1 : 34 : 0 : 0 : 2 : 1 : 0.8 ：0
freezer_apply_state : 3 : 6 : 5579.634065832735 : 1524 : 3 : 12 : 2 : 0 : 1 : 3 : 0.6 ：0
freezer_fork : 1 : 5 : 5843.12764844312 : 1524 : 1 : 10 : 0 : 0 : 1 : 1 : 0.8 ：0
freezer_css_online : 1 : 3 : 1952.0064482565817 : 1524 : 1 : 8 : 0 : 0 : 2 : 2 : 0.8 ：1
freezer_state_strs : 0 : 3 : 291.409627803611 : 1524 : 2 : 0 : 2 : 0 : 0 : 1 : 1.0 ：0
cgroup_freezing : 1 : 1 : 444.88888888888897 : 1524 : 1 : 6 : 0 : 0 : 2 : 1 : 0.8 ：0
freezer_read : 2 : 2 : 3718.0070780962023 : 1524 : 1 : 25 : 0 : 0 : 1 : 2 : 0.8 ：0
freezer_css_offline : 1 : 2 : 973.0672444309869 : 1524 : 1 : 5 : 0 : 0 : 1 : 1 : 0.8 ：1
freezer_css_alloc : 0 : 2 : 1169.8792372023634 : 1524 : 1 : 2 : 0 : 0 : 1 : 1 : 0.8 ：0
unfreeze_cgroup : 1 : 2 : 1261.1615650707708 : 1524 : 4 : 3 : 3 : 0 : 2 : 1 : 1.0 ：0
freeze_cgroup : 1 : 2 : 1261.1615650707708 : 1524 : 4 : 4 : 3 : 0 : 2 : 1 : 1.0 ：0
