z_erofs_load_cluster_from_disk : 3 : 3 : 1420.4736580487395 : 471 : 6 : 37 : 27 : 0 : 0 : 1 : 0.8 ：0
z_erofs_do_map_blocks : 3 : 39 : 96714.54908948932 : 67 : 4 : 169 : 5 : 1 : 8 : 3 : 0.6 ：1
z_erofs_get_extent_decompressedlen : 1 : 12 : 26814.645417605236 : 471 : 5 : 41 : 6 : 0 : 6 : 3 : 0.6 ：0
unpack_compacted_index : 4 : 24 : 94353.70677077323 : 1196 : 8 : 11 : 29 : 0 : 2 : 5 : 0.3999999999999999 ：0
legacy_load_cluster_from_disk : 2 : 9 : 31505.265291140968 : 1196 : 7 : 12 : 28 : 0 : 2 : 4 : 0.3999999999999999 ：0
get_compacted_la_distance : 5 : 5 : 5579.911901996151 : 471 : 9 : 3 : 30 : 0 : 3 : 2 : 0.8 ：0
z_erofs_extent_lookback : 2 : 9 : 19108.75050595091 : 261 : 5 : 41 : 6 : 0 : 2 : 4 : 0.6 ：0
z_erofs_fill_inode_lazy : 1 : 31 : 85118.02375023064 : 1104 : 3 : 190 : 2 : 0 : 13 : 3 : 0.3999999999999999 ：0
z_erofs_iomap_begin_report : 6 : 6 : 11272.634500460843 : 471 : 1 : 367 : 0 : 0 : 3 : 2 : 1.0 ：0
compacted_load_cluster_from_disk : 3 : 11 : 25886.581176532723 : 1196 : 7 : 22 : 28 : 0 : 3 : 2 : 0.3999999999999999 ：0
z_erofs_get_extent_compressedlen : 2 : 21 : 38309.58749008974 : 602 : 5 : 41 : 6 : 0 : 4 : 2 : 0.3999999999999999 ：0
z_erofs_fill_inode : 1 : 5 : 4550.065006366804 : 1104 : 1 : 6 : 0 : 0 : 1 : 2 : 1.0 ：0
z_erofs_map_blocks_iter : 3 : 9 : 11792.115743191802 : 471 : 2 : 365 : 1 : 0 : 5 : 2 : 0.8 ：0
decode_compactedbits : 5 : 1 : 1210.430100190385 : 471 : 10 : 1 : 61 : 0 : 1 : 1 : 0.8 ：0
