check_research_for_paste : 2 : 8 : 12080.490294726358 : 4267 : 2 : 11 : 1 : 0 : 1 : 2 : 0.8 ：0
unmap_buffers : 2 : 6 : 10025.773584905659 : 5710 : 4 : 3 : 3 : 0 : 3 : 5 : 1.0 ：0
reiserfs_do_truncate : 4 : 34 : 90460.19675235976 : 2404 : 2 : 364 : 1 : 0 : 12 : 4 : 0.3999999999999999 ：0
reiserfs_paste_into_item : 6 : 11 : 30085.58820336004 : 2404 : 1 : 55 : 0 : 0 : 10 : 3 : 0.3999999999999999 ：0
truncate_directory : 2 : 2 : 3546.342958878674 : 2404 : 3 : 47 : 2 : 0 : 0 : 1 : 1.0 ：0
maybe_indirect_to_direct : 7 : 7 : 8106.518082815566 : 2404 : 4 : 9 : 3 : 0 : 4 : 2 : 0.8 ：0
init_tb_struct : 5 : 1 : 2465.7125242932807 : 2404 : 6 : 4 : 15 : 0 : 0 : 1 : 0.8 ：0
reiserfs_insert_item : 6 : 19 : 43568.09556012616 : 2404 : 1 : 31 : 0 : 0 : 11 : 3 : 0.3999999999999999 ：0
reiserfs_delete_object : 2 : 5 : 5224.316001037346 : 2404 : 1 : 411 : 0 : 0 : 4 : 2 : 1.0 ：0
padd_item : 3 : 2 : 617.1428571428571 : 2404 : 1 : 0 : 0 : 0 : 1 : 1 : 1.0 ：0
indirect_to_direct_roll_back : 3 : 5 : 14213.36157254462 : 2404 : 4 : 142 : 3 : 0 : 3 : 2 : 1.0 ：0
reiserfs_delete_item : 5 : 148 : 1716985.7371456122 : 2404 : 5 : 114 : 4 : 0 : 81 : 5 : 0.3999999999999999 ：0
prepare_for_delete_or_cut : 7 : 17 : 46307.47275931527 : 2404 : 6 : 56 : 8 : 0 : 13 : 5 : 0.19999999999999996 ：0
reiserfs_cut_from_item : 6 : 27 : 167277.362403957 : 2404 : 3 : 270 : 2 : 0 : 14 : 4 : 0.3999999999999999 ：0
reiserfs_delete_solid_item : 3 : 14 : 33464.068376068375 : 2404 : 4 : 40 : 4 : 0 : 8 : 4 : 0.3999999999999999 ：0
calc_deleted_bytes_number : 2 : 4 : 6501.59482011398 : 2404 : 6 : 6 : 8 : 0 : 4 : 2 : 0.8 ：0
prepare_for_direntry_item : 5 : 4 : 8758.084356268359 : 2404 : 7 : 8 : 9 : 0 : 3 : 2 : 0.8 ：0
prepare_for_direct_item : 5 : 7 : 20429.70872050741 : 2404 : 7 : 6 : 9 : 0 : 6 : 3 : 0.6 ：0
comp_items : 2 : 3 : 3761.9935484496414 : 2404 : 1 : 8 : 0 : 0 : 2 : 1 : 1.0 ：0
search_by_key_reada : 4 : 8 : 13411.033843736712 : 2404 : 0 : 0 : 2 : 0 : 2 : 3 : 0.6 ：0
search_for_position_by_key : 3 : 11 : 31413.337554938447 : 2404 : 7 : 15 : 24 : 0 : 9 : 3 : 0.3999999999999999 ：0
search_by_key : 4 : 38 : 167385.95349400523 : 2404 : 0 : 0 : 1 : 0 : 15 : 5 : 0.3999999999999999 ：0
is_tree_node : 2 : 3 : 2699.1666666666665 : 4267 : 0 : 0 : 2 : 0 : 0 : 2 : 1.0 ：0
is_internal : 3 : 7 : 11652.233354681497 : 4267 : 0 : 0 : 3 : 0 : 3 : 2 : 0.8 ：0
is_leaf : 3 : 13 : 40277.29678222767 : 4267 : 0 : 0 : 3 : 0 : 6 : 3 : 0.3999999999999999 ：1
key_in_buffer : 3 : 7 : 7815.942244012745 : 2404 : 0 : 0 : 2 : 0 : 0 : 1 : 1.0 ：0
pathrelse_and_restore : 2 : 2 : 2151.9238743210485 : 2404 : 1 : 4 : 0 : 0 : 2 : 2 : 1.0 ：0
get_lkey : 0 : 9 : 19694.356795843505 : 2404 : 0 : 0 : 3 : 0 : 1 : 2 : 0.8 ：0
get_rkey : 0 : 9 : 19239.299959426102 : 2404 : 0 : 0 : 3 : 0 : 1 : 2 : 0.8 ：0
bin_search : 5 : 5 : 8377.298079908864 : 2404 : 0 : 0 : 2 : 0 : 2 : 2 : 1.0 ：0
le_key2cpu_key : 2 : 1 : 4295.477932533854 : 2404 : 5 : 4 : 5 : 0 : 1 : 1 : 1.0 ：0
comp_short_le_keys : 2 : 4 : 4349.1644292554965 : 2404 : 1 : 1 : 0 : 0 : 1 : 2 : 1.0 ：0
comp_keys : 2 : 7 : 8336.504064825727 : 2404 : 0 : 0 : 8 : 0 : 2 : 1 : 0.6 ：0
B_IS_IN_TREE : 1 : 1 : 916.7752230942212 : 2404 : 2 : 2 : 11 : 0 : 0 : 1 : 0.8 ：0
comp_short_keys : 2 : 5 : 3891.065109427823 : 2404 : 8 : 1 : 34 : 0 : 1 : 1 : 0.6 ：0
