sco_connect_cfm : 2 : 5 : 2763.280389698397 : 2651 : 1 : 78 : 0 : 0 : 1 : 2 : 1.0 ：0
sco_sock_shutdown : 2 : 6 : 5465.053774438825 : 4658 : 1 : 11 : 0 : 0 : 3 : 2 : 1.0 ：0
sco_conn_defer_accept : 2 : 5 : 16423.42243131463 : 3323 : 2 : 6 : 1 : 0 : 3 : 3 : 1.0 ：0
sco_sock_sendmsg : 3 : 6 : 7201.966178621648 : 6247 : 1 : 12 : 0 : 0 : 5 : 1 : 0.8 ：0
sco_recv_scodata : 2 : 4 : 1939.5355617605996 : 3806 : 1 : 8 : 0 : 0 : 2 : 2 : 1.0 ：0
sco_exit : 1 : 1 : 355.60926718877954 : 4117 : 1 : 5 : 0 : 0 : 0 : 1 : 1.0 ：0
sco_sock_getsockopt : 5 : 34 : 133329.09119316522 : 4834 : 1 : 29 : 0 : 0 : 10 : 4 : 0.3999999999999999 ：0
sco_conn_ready : 1 : 6 : 19001.241377228416 : 6247 : 2 : 40 : 1 : 0 : 2 : 3 : 0.3999999999999999 ：0
sco_sock_getsockopt_old : 4 : 12 : 20355.626779478964 : 4834 : 2 : 11 : 1 : 0 : 4 : 3 : 0.6 ：0
sco_connect_ind : 3 : 5 : 5511.476152027457 : 3806 : 1 : 8 : 0 : 0 : 3 : 3 : 0.8 ：0
sco_debugfs_show : 2 : 1 : 1835.8541513015432 : 1253 : 1 : 5 : 0 : 0 : 1 : 2 : 0.8 ：0
sco_sock_setsockopt : 5 : 31 : 78760.57911384158 : 6247 : 1 : 13 : 0 : 0 : 6 : 3 : 0.6 ：0
sco_init : 1 : 7 : 5221.982811131782 : 4117 : 1 : 11 : 0 : 0 : 5 : 2 : 0.8 ：0
sco_disconn_cfm : 2 : 3 : 1067.5162394371785 : 2651 : 1 : 23 : 0 : 0 : 0 : 1 : 1.0 ：0
sco_sock_release : 1 : 5 : 4365.0 : 6247 : 1 : 19 : 0 : 0 : 3 : 2 : 1.0 ：0
sco_sock_recvmsg : 4 : 3 : 3538.4321553464356 : 3459 : 1 : 13 : 0 : 0 : 2 : 2 : 1.0 ：0
sco_sock_connect : 4 : 9 : 11110.829390538158 : 6247 : 1 : 47 : 0 : 0 : 6 : 1 : 0.6 ：1
sco_sock_accept : 4 : 9 : 11890.839787437995 : 6247 : 1 : 12 : 0 : 0 : 5 : 3 : 0.6 ：0
sco_sock_listen : 2 : 7 : 6488.62443331351 : 6247 : 1 : 6 : 0 : 0 : 7 : 2 : 0.8 ：0
sco_sock_getname : 3 : 2 : 3585.1899744041484 : 6247 : 1 : 3 : 0 : 0 : 2 : 1 : 1.0 ：0
sco_sock_create : 4 : 3 : 2465.217391304348 : 6247 : 1 : 20 : 0 : 0 : 1 : 1 : 1.0 ：0
sco_sock_init : 2 : 2 : 1970.7992112686375 : 5230 : 3 : 7 : 3 : 0 : 0 : 2 : 1.0 ：0
sco_sock_alloc : 0 : 2 : 6101.785923092202 : 6247 : 3 : 10 : 3 : 0 : 3 : 1 : 1.0 ：0
sco_sock_bind : 3 : 8 : 6117.829221479903 : 6247 : 1 : 5 : 0 : 0 : 6 : 2 : 1.0 ：0
sco_skb_put_cmsg : 3 : 2 : 874.0485972529101 : 711 : 4 : 3 : 4 : 0 : 0 : 1 : 1.0 ：0
__sco_sock_close : 1 : 8 : 6807.642148686927 : 4658 : 0 : 0 : 0 : 0 : 0 : 3 : 0.8 ：0
sco_sock_close : 1 : 1 : 292.3296723500879 : 4658 : 2 : 6 : 2 : 0 : 0 : 1 : 1.0 ：0
sco_sock_kill : 1 : 3 : 1657.7783920695483 : 287 : 2 : 5 : 2 : 0 : 0 : 1 : 1.0 ：0
sco_get_sock_listen : 0 : 4 : 4924.111696267168 : 3667 : 3 : 5 : 2 : 0 : 1 : 2 : 0.8 ：0
sco_sock_cleanup_listen : 1 : 2 : 2053.5337142621647 : 6247 : 0 : 0 : 0 : 0 : 1 : 2 : 1.0 ：0
sco_sock_destruct : 1 : 1 : 518.0615605397529 : 6247 : 4 : 2 : 4 : 0 : 0 : 1 : 1.0 ：0
__sco_get_sock_listen_by_addr : 0 : 3 : 1345.017000523373 : 3667 : 0 : 0 : 0 : 0 : 3 : 2 : 1.0 ：0
sco_recv_frame : 2 : 6 : 2951.2098847831517 : 6247 : 2 : 5 : 1 : 0 : 3 : 1 : 0.8 ：0
sco_chan_add : 3 : 2 : 1052.8046991829706 : 2872 : 3 : 2 : 2 : 0 : 2 : 1 : 0.8 ：0
sco_send_frame : 2 : 2 : 2473.0728601866936 : 6247 : 2 : 3 : 1 : 0 : 3 : 1 : 1.0 ：0
sco_connect : 2 : 10 : 14698.203847619803 : 2651 : 2 : 35 : 1 : 0 : 4 : 2 : 0.8 ：0
__sco_chan_add : 3 : 2 : 1173.555997976764 : 2872 : 0 : 0 : 0 : 0 : 0 : 1 : 1.0 ：0
sco_conn_add : 0 : 4 : 5948.668551017196 : 6247 : 3 : 13 : 3 : 0 : 5 : 1 : 0.8 ：0
sco_chan_del : 2 : 3 : 5248.970968559513 : 2872 : 3 : 6 : 3 : 0 : 1 : 2 : 0.8 ：0
sco_conn_del : 2 : 4 : 6737.566153061956 : 3667 : 2 : 20 : 2 : 0 : 2 : 2 : 0.8 ：0
sco_sock_timeout : 1 : 3 : 4174.873756786853 : 6247 : 4 : 8 : 4 : 0 : 1 : 1 : 0.8 ：0
sco_sock_set_timer : 2 : 2 : 1522.885404768819 : 4002 : 3 : 4 : 2 : 0 : 0 : 1 : 1.0 ：0
sco_sock_clear_timer : 1 : 2 : 816.8444099337114 : 4658 : 3 : 3 : 11 : 0 : 0 : 1 : 0.8 ：0
