udmabuf_vm_fault : 1 : 1 : 1571.0678639690318 : 1222 : 1 : 1 : 0 : 0 : 2 : 1 : 1.0 ：0
udmabuf_create : 3 : 37 : 102176.7637915791 : 1213 : 3 : 23 : 4 : 0 : 17 : 6 : 0.3999999999999999 ：1
udmabuf_ioctl_create : 2 : 2 : 4361.193990817843 : 1222 : 2 : 25 : 1 : 0 : 3 : 1 : 1.0 ：0
release_udmabuf : 1 : 3 : 4384.500000000001 : 1222 : 1 : 6 : 0 : 0 : 3 : 1 : 1.0 ：0
end_cpu_udmabuf : 2 : 2 : 1814.093234748453 : 764 : 1 : 1 : 0 : 0 : 2 : 1 : 1.0 ：0
begin_cpu_udmabuf : 2 : 3 : 3716.3554612725925 : 764 : 1 : 10 : 0 : 0 : 2 : 2 : 1.0 ：0
udmabuf_ioctl_create_list : 2 : 4 : 6690.170449727456 : 1222 : 2 : 29 : 1 : 0 : 5 : 1 : 1.0 ：0
get_sg_table : 0 : 6 : 5632.907503492219 : 764 : 2 : 6 : 2 : 0 : 6 : 1 : 0.8 ：0
udmabuf_ioctl : 3 : 3 : 1389.6382329007147 : 487 : 1 : 56 : 0 : 0 : 2 : 2 : 1.0 ：0
mmap_udmabuf : 2 : 2 : 1083.1973907953732 : 1222 : 1 : 0 : 0 : 0 : 1 : 1 : 1.0 ：0
