br_afspec : 6 : 13 : 16497.033587407954 : 504 : 2 : 20 : 2 : 0 : 12 : 3 : 0.8 ：0
br_dellink : 3 : 6 : 6675.301989212952 : 3030 : 1 : 102 : 0 : 0 : 6 : 1 : 1.0 ：0
br_fill_info : 2 : 47 : 92986.75734370535 : 2458 : 1 : 12 : 0 : 0 : 10 : 1 : 0.3999999999999999 ：0
br_dev_newlink : 5 : 4 : 4756.863654555022 : 2592 : 1 : 40 : 0 : 0 : 4 : 2 : 0.8 ：0
br_changelink : 4 : 61 : 198301.20658029485 : 1593 : 2 : 32 : 1 : 0 : 45 : 2 : 0.3999999999999999 ：0
br_get_linkxstats_size : 2 : 5 : 8159.422687525276 : 1856 : 1 : 6 : 0 : 0 : 5 : 2 : 1.0 ：1
br_set_port_state : 2 : 9 : 4843.089809526101 : 3121 : 3 : 4 : 4 : 0 : 0 : 1 : 0.8 ：0
br_netlink_init : 1 : 3 : 885.4911924321981 : 5463 : 1 : 6 : 0 : 0 : 3 : 1 : 1.0 ：0
br_netlink_fini : 1 : 1 : 172.97158093186485 : 5463 : 1 : 4 : 0 : 0 : 0 : 1 : 1.0 ：0
br_set_port_flag : 4 : 3 : 1063.3308753677895 : 1104 : 3 : 1 : 3 : 0 : 0 : 1 : 1.0 ：0
br_setlink : 4 : 16 : 28198.09761953666 : 3136 : 1 : 133 : 0 : 0 : 9 : 3 : 0.3999999999999999 ：0
br_validate : 3 : 9 : 4903.151084016417 : 3711 : 1 : 6 : 0 : 0 : 1 : 2 : 0.8 ：0
br_get_size : 1 : 2 : 42627.89331595463 : 2458 : 1 : 2 : 0 : 0 : 0 : 1 : 0.8 ：0
br_setport : 3 : 21 : 55512.665743593156 : 2458 : 2 : 20 : 2 : 0 : 14 : 3 : 0.6 ：0
br_fill_linkxstats : 4 : 16 : 34952.566265368 : 1856 : 1 : 17 : 0 : 0 : 12 : 3 : 0.3999999999999999 ：0
br_port_slave_changelink : 5 : 2 : 1575.0564850916487 : 2458 : 1 : 25 : 0 : 0 : 3 : 1 : 0.8 ：0
br_process_vlan_info : 7 : 15 : 28877.888398727373 : 1579 : 3 : 11 : 3 : 0 : 4 : 4 : 0.6 ：0
br_vlan_info : 6 : 12 : 10374.196395380975 : 2332 : 4 : 4 : 4 : 0 : 3 : 3 : 0.8 ：0
br_fill_ifvlaninfo_compressed : 2 : 14 : 15860.058426759486 : 2332 : 5 : 5 : 6 : 0 : 6 : 3 : 0.3999999999999999 ：0
br_fill_ifvlaninfo : 2 : 6 : 5333.070613273765 : 2332 : 5 : 4 : 6 : 0 : 4 : 2 : 0.6 ：0
br_getlink : 6 : 7 : 1693.353375444468 : 3136 : 1 : 49 : 0 : 0 : 1 : 1 : 1.0 ：0
br_fill_ifinfo : 9 : 52 : 64603.597195123446 : 5463 : 4 : 47 : 5 : 0 : 22 : 3 : 0.3999999999999999 ：0
br_fill_ifvlaninfo_range : 4 : 8 : 9719.173802972002 : 2332 : 6 : 1 : 7 : 0 : 4 : 2 : 0.6 ：0
br_info_notify : 4 : 8 : 13986.782505328743 : 215 : 3 : 76 : 3 : 0 : 7 : 2 : 0.8 ：0
br_port_fill_attrs : 2 : 36 : 42577.081068647494 : 2458 : 5 : 9 : 7 : 0 : 3 : 1 : 0.19999999999999996 ：0
br_nlmsg_size : 2 : 1 : 3625.4347826086955 : 5295 : 4 : 20 : 4 : 0 : 0 : 1 : 1.0 ：0
br_get_link_af_size_filtered : 2 : 9 : 34893.93214979189 : 2050 : 5 : 14 : 5 : 0 : 10 : 2 : 0.3999999999999999 ：0
br_port_info_size : 1 : 1 : 23311.87629114168 : 2458 : 5 : 2 : 6 : 0 : 0 : 1 : 0.8 ：0
br_get_num_vlan_infos : 2 : 3 : 1297.5487677427677 : 2050 : 6 : 2 : 6 : 0 : 2 : 1 : 0.6 ：0
__get_num_vlan_infos : 2 : 13 : 18641.107982200603 : 2072 : 0 : 0 : 0 : 0 : 5 : 3 : 0.8 ：0
