can_pernet_exit : 1 : 3 : 1400.3047027435055 : 0 : 1 : 4 : 0 : 0 : 0 : 2 : 0.8 ：0
can_pernet_init : 1 : 9 : 18169.91285540309 : 0 : 1 : 8 : 0 : 0 : 3 : 3 : 0.6 ：0
can_exit : 1 : 2 : 981.8971179632629 : 0 : 1 : 5 : 0 : 0 : 0 : 1 : 1.0 ：0
canxl_rcv : 4 : 4 : 2010.0 : 0 : 1 : 18 : 0 : 0 : 2 : 2 : 1.0 ：0
can_init : 1 : 8 : 7555.531606555346 : 0 : 1 : 9 : 0 : 0 : 4 : 1 : 1.0 ：0
can_rx_register : 8 : 7 : 15986.056222022602 : 0 : 1 : 12 : 0 : 0 : 4 : 1 : 0.8 ：0
can_rx_delete_receiver : 1 : 2 : 1383.5799881753096 : 0 : 2 : 3 : 1 : 0 : 2 : 1 : 1.0 ：0
can_rcv_filter : 2 : 14 : 42927.05305018342 : 0 : 3 : 3 : 4 : 0 : 7 : 4 : 0.6 ：0
can_proto_unregister : 1 : 1 : 1722.8706464064228 : 0 : 1 : 7 : 0 : 0 : 1 : 1 : 0.8 ：0
can_proto_register : 1 : 6 : 7189.4891416810415 : 0 : 1 : 7 : 0 : 0 : 4 : 2 : 0.6 ：0
can_rcv_list_find : 0 : 14 : 19693.15379172369 : 0 : 2 : 1 : 2 : 0 : 1 : 3 : 0.8 ：0
can_rx_unregister : 6 : 23 : 20756.904329700417 : 0 : 1 : 18 : 0 : 0 : 5 : 2 : 0.3999999999999999 ：0
can_receive : 2 : 4 : 9564.798091019034 : 0 : 2 : 12 : 3 : 0 : 4 : 2 : 0.8 ：1
canfd_rcv : 4 : 4 : 2010.0 : 0 : 1 : 18 : 0 : 0 : 2 : 2 : 1.0 ：1
can_dev_rcv_lists_find : 0 : 2 : 713.5826459160572 : 0 : 3 : 1 : 6 : 0 : 1 : 2 : 0.8 ：0
can_rcv : 4 : 4 : 1990.2945177380316 : 0 : 1 : 18 : 0 : 0 : 2 : 2 : 1.0 ：1
can_create : 4 : 15 : 16595.30517114016 : 0 : 1 : 15 : 0 : 0 : 6 : 2 : 0.6 ：0
can_get_proto : 0 : 3 : 1393.1568569324172 : 0 : 2 : 4 : 1 : 0 : 2 : 1 : 0.8 ：0
can_send : 2 : 25 : 42608.92013915403 : 0 : 1 : 15 : 0 : 0 : 10 : 4 : 0.3999999999999999 ：0
