pep_setsockopt : 5 : 18 : 16675.71923279649 : 4821 : 1 : 7 : 0 : 0 : 4 : 3 : 0.6 ：0
pep_ioctl : 3 : 11 : 9771.700644952005 : 4821 : 1 : 18 : 0 : 0 : 4 : 2 : 0.8 ：1
pep_recvmsg : 6 : 15 : 18914.691654067752 : 4821 : 1 : 33 : 0 : 0 : 6 : 2 : 0.3999999999999999 ：0
pep_sendmsg : 3 : 22 : 31631.62439569348 : 4821 : 1 : 29 : 0 : 0 : 13 : 2 : 0.3999999999999999 ：0
pep_sock_accept : 0 : 23 : 70115.30272211094 : 4821 : 1 : 120 : 0 : 0 : 18 : 2 : 0.3999999999999999 ：0
pipe_skb_send : 2 : 6 : 8783.193621715265 : 4363 : 2 : 9 : 2 : 0 : 4 : 1 : 1.0 ：0
pep_writeable : 1 : 1 : 292.28425268396234 : 4821 : 1 : 2 : 0 : 0 : 1 : 0 : 1.0 ：0
pep_write : 2 : 3 : 11109.9433439269 : 4821 : 1 : 17 : 0 : 0 : 1 : 1 : 1.0 ：0
pep_sock_enable : 3 : 2 : 780.5566805952587 : 3682 : 2 : 10 : 1 : 0 : 2 : 0 : 1.0 ：0
pep_read : 0 : 2 : 691.508495181978 : 4821 : 1 : 15 : 0 : 0 : 2 : 0 : 1.0 ：0
pep_sock_connect : 3 : 3 : 5402.855601503632 : 4083 : 1 : 11 : 0 : 0 : 3 : 1 : 1.0 ：0
pep_sock_unhash : 1 : 4 : 5883.551463525149 : 4821 : 1 : 7 : 0 : 0 : 2 : 1 : 1.0 ：0
pep_sock_close : 2 : 4 : 5899.874104619761 : 4821 : 1 : 90 : 0 : 0 : 2 : 1 : 1.0 ：0
pep_init : 1 : 1 : 3227.510322328986 : 4821 : 1 : 7 : 0 : 0 : 1 : 0 : 1.0 ：0
pep_getsockopt : 5 : 10 : 7640.228700986541 : 4821 : 1 : 4 : 0 : 0 : 1 : 1 : 0.8 ：0
pipe_do_remove : 1 : 2 : 2975.0 : 4111 : 2 : 9 : 1 : 0 : 3 : 0 : 1.0 ：0
pep_do_rcv : 2 : 17 : 16158.673613468036 : 4821 : 1 : 115 : 0 : 0 : 9 : 2 : 0.6 ：0
pipe_start_flow_control : 1 : 2 : 1243.1717589949544 : 3682 : 3 : 17 : 2 : 0 : 1 : 1 : 1.0 ：0
pipe_handler_do_rcv : 2 : 18 : 22721.93202723373 : 3936 : 2 : 67 : 1 : 0 : 6 : 2 : 0.6 ：0
pep_enableresp_rcv : 2 : 2 : 1148.3053317724775 : 3682 : 3 : 11 : 2 : 0 : 1 : 0 : 1.0 ：0
pep_find_pipe : 0 : 4 : 3488.3654644490844 : 4821 : 2 : 4 : 2 : 0 : 5 : 1 : 1.0 ：0
pipe_grant_credits : 2 : 7 : 5665.818037662241 : 4083 : 4 : 13 : 8 : 0 : 1 : 1 : 0.6 ：0
pipe_do_rcv : 2 : 32 : 49832.64497571099 : 4083 : 2 : 62 : 2 : 0 : 9 : 2 : 0.6 ：0
pipe_negotiate_fc : 2 : 4 : 1708.452417332247 : 4099 : 4 : 0 : 3 : 0 : 3 : 1 : 1.0 ：0
pep_connresp_rcv : 2 : 11 : 16800.115180456927 : 4083 : 3 : 20 : 2 : 0 : 4 : 2 : 0.8 ：0
pipe_destruct : 1 : 1 : 470.0477747841499 : 4083 : 2 : 2 : 2 : 0 : 1 : 0 : 1.0 ：0
pipe_rcv_created : 2 : 6 : 9499.264035970962 : 4821 : 3 : 5 : 3 : 0 : 4 : 2 : 1.0 ：0
pipe_rcv_status : 2 : 12 : 21264.961312471398 : 3936 : 3 : 6 : 5 : 0 : 3 : 3 : 0.8 ：0
pipe_snd_status : 4 : 1 : 815.3239216033076 : 4821 : 5 : 10 : 9 : 0 : 0 : 1 : 0.8 ：0
pep_reject_conn : 4 : 1 : 1993.8332120155947 : 3936 : 3 : 11 : 5 : 0 : 0 : 1 : 1.0 ：0
pep_ctrlreq_error : 4 : 2 : 8738.774087910295 : 4821 : 2 : 9 : 2 : 0 : 4 : 1 : 1.0 ：0
pep_accept_conn : 2 : 1 : 4290.922548201253 : 4821 : 2 : 12 : 1 : 0 : 0 : 1 : 1.0 ：0
pipe_handler_send_created_ind : 1 : 1 : 2175.0 : 4083 : 4 : 12 : 3 : 0 : 1 : 1 : 1.0 ：0
pep_alloc_skb : 0 : 2 : 2252.726516476193 : 3936 : 7 : 5 : 41 : 0 : 3 : 0 : 0.8 ：0
pep_get_sb : 0 : 5 : 8386.363636363636 : 4099 : 4 : 2 : 8 : 0 : 6 : 1 : 0.8 ：0
pep_reply : 6 : 2 : 5412.980893110648 : 4821 : 4 : 9 : 12 : 0 : 4 : 0 : 0.8 ：0
pipe_handler_request : 5 : 2 : 3435.6332207729456 : 3682 : 3 : 9 : 4 : 0 : 3 : 0 : 1.0 ：0
pep_indicate : 6 : 2 : 2794.191129732879 : 3682 : 6 : 9 : 17 : 0 : 3 : 0 : 0.8 ：0
