drbg_kcapi_symsetkey : 2 : 1 : 827.7112253531936 : 1464 : 5 : 2 : 7 : 0 : 0 : 1 : 0.8 ：0
drbg_fill_array : 3 : 3 : 13535.846282929568 : 2190 : 2 : 148 : 1 : 0 : 2 : 2 : 1.0 ：0
drbg_kcapi_sym : 3 : 1 : 1735.9892774096904 : 1464 : 5 : 3 : 7 : 0 : 0 : 1 : 0.8 ：0
drbg_kcapi_init : 1 : 1 : 399.66303336669984 : 2190 : 3 : 2 : 2 : 0 : 1 : 1 : 1.0 ：0
drbg_fini_hash_kernel : 1 : 2 : 1277.1507583156704 : 2190 : 1 : 2 : 0 : 0 : 1 : 2 : 1.0 ：0
drbg_healthcheck_sanity : 1 : 6 : 28660.05775649672 : 2190 : 2 : 72 : 1 : 0 : 8 : 1 : 0.8 ：0
drbg_init : 1 : 5 : 20281.143725340782 : 2190 : 1 : 225 : 0 : 0 : 2 : 2 : 1.0 ：0
drbg_convert_tfm_core : 3 : 6 : 9340.91138879104 : 1885 : 4 : 3 : 5 : 0 : 3 : 3 : 1.0 ：0
drbg_kcapi_random : 5 : 2 : 2081.7984244735294 : 1884 : 3 : 43 : 2 : 0 : 3 : 2 : 1.0 ：0
drbg_kcapi_seed : 3 : 2 : 2928.03053678731 : 1884 : 3 : 84 : 2 : 0 : 6 : 2 : 1.0 ：0
drbg_kcapi_sym_ctr : 5 : 7 : 14317.641509433963 : 1464 : 3 : 10 : 3 : 0 : 6 : 2 : 1.0 ：0
drbg_kcapi_hash : 3 : 1 : 2246.684344772239 : 2190 : 3 : 4 : 10 : 0 : 2 : 1 : 0.8 ：0
drbg_kcapi_set_entropy : 3 : 1 : 975.0944678568849 : 1884 : 3 : 4 : 2 : 0 : 1 : 1 : 0.8 ：0
drbg_fini_sym_kernel : 1 : 4 : 3897.218125612983 : 685 : 2 : 4 : 1 : 0 : 0 : 1 : 0.8 ：0
drbg_init_sym_kernel : 1 : 6 : 28898.789020359607 : 2190 : 1 : 22 : 0 : 0 : 4 : 2 : 0.3999999999999999 ：0
drbg_init_hash_kernel : 1 : 3 : 5910.382786231044 : 2190 : 1 : 11 : 0 : 0 : 2 : 2 : 0.8 ：0
drbg_instantiate : 4 : 13 : 22578.07332573659 : 1402 : 4 : 75 : 3 : 0 : 9 : 3 : 0.3999999999999999 ：0
drbg_uninstantiate : 1 : 3 : 2608.952694249999 : 1402 : 6 : 6 : 14 : 0 : 0 : 2 : 0.8 ：1
drbg_prepare_hrng : 1 : 5 : 6476.714039520883 : 1835 : 5 : 27 : 4 : 0 : 3 : 2 : 1.0 ：0
drbg_generate : 4 : 31 : 94069.33510645607 : 1884 : 5 : 36 : 6 : 0 : 7 : 3 : 0.3999999999999999 ：0
drbg_generate_long : 4 : 5 : 7352.975557519365 : 1884 : 4 : 40 : 3 : 0 : 2 : 2 : 0.8 ：0
drbg_schedule_async_seed : 1 : 1 : 606.9882319256753 : 1835 : 6 : 2 : 5 : 0 : 0 : 1 : 1.0 ：0
drbg_alloc_state : 1 : 21 : 45677.56263070169 : 1835 : 5 : 10 : 4 : 0 : 8 : 3 : 0.3999999999999999 ：0
drbg_seed : 3 : 16 : 75412.72366834154 : 1402 : 6 : 21 : 13 : 0 : 5 : 4 : 0.3999999999999999 ：0
drbg_dealloc_state : 1 : 3 : 4363.987190947834 : 1464 : 7 : 2 : 20 : 0 : 0 : 2 : 0.6 ：0
drbg_get_random_bytes : 3 : 5 : 1162.2747641814567 : 392 : 7 : 8 : 20 : 0 : 2 : 2 : 0.8 ：0
drbg_hash_generate : 4 : 4 : 30191.714434699123 : 2190 : 1 : 42 : 0 : 0 : 6 : 2 : 1.0 ：0
drbg_hash_hashgen : 3 : 5 : 26924.080517028375 : 2190 : 2 : 13 : 1 : 0 : 5 : 3 : 0.8 ：0
__drbg_seed : 3 : 2 : 2807.4016487631966 : 1835 : 0 : 0 : 0 : 0 : 3 : 1 : 1.0 ：0
drbg_hash_process_addtl : 2 : 5 : 12638.135991427016 : 2190 : 2 : 14 : 1 : 0 : 3 : 1 : 1.0 ：0
drbg_async_seed : 1 : 5 : 10913.894032184095 : 1849 : 6 : 19 : 5 : 0 : 3 : 1 : 0.8 ：0
drbg_hash_update : 3 : 5 : 32943.11258064776 : 2190 : 1 : 21 : 0 : 0 : 3 : 2 : 1.0 ：0
drbg_hash_df : 4 : 5 : 24497.509120791572 : 2190 : 2 : 13 : 1 : 0 : 6 : 2 : 0.8 ：0
drbg_add_buf : 4 : 4 : 8929.736118675286 : 2064 : 3 : 0 : 3 : 0 : 1 : 2 : 1.0 ：0
drbg_hmac_generate : 4 : 9 : 25671.783206994653 : 2190 : 1 : 27 : 0 : 0 : 7 : 2 : 0.8 ：0
drbg_hmac_update : 3 : 11 : 30271.126098649285 : 2176 : 2 : 14 : 1 : 0 : 5 : 2 : 0.8 ：0
drbg_ctr_generate : 4 : 6 : 9714.205047597048 : 2190 : 1 : 63 : 0 : 0 : 4 : 2 : 0.8 ：0
drbg_ctr_update : 3 : 12 : 41412.78229971852 : 2172 : 2 : 49 : 1 : 0 : 6 : 2 : 0.3999999999999999 ：0
drbg_ctr_df : 4 : 10 : 134904.75413993443 : 2190 : 3 : 30 : 2 : 0 : 9 : 2 : 0.3999999999999999 ：0
drbg_sec_strength : 1 : 4 : 429.1835983312856 : 392 : 9 : 0 : 47 : 0 : 0 : 2 : 0.8 ：0
drbg_ctr_bcc : 4 : 6 : 19741.993836708887 : 2190 : 4 : 10 : 3 : 0 : 7 : 4 : 0.8 ：0
drbg_cpu_to_be32 : 2 : 1 : 868.0 : 2124 : 4 : 1 : 5 : 0 : 2 : 2 : 1.0 ：0
drbg_fips_continuous_test : 2 : 7 : 8816.32549422463 : 392 : 8 : 6 : 21 : 0 : 1 : 2 : 0.6 ：0
