llc_fixup_skb : 1 : 8 : 9966.774971171772 : 6751 : 2 : 7 : 1 : 0 : 4 : 2 : 0.8 ：1
llc_rcv : 4 : 20 : 35186.41060915563 : 6751 : 1 : 21 : 0 : 0 : 12 : 3 : 0.6 ：0
llc_pdu_type : 1 : 11 : 3186.573977198807 : 6751 : 2 : 2 : 1 : 0 : 4 : 2 : 1.0 ：0
llc_set_station_handler : 1 : 3 : 735.206362458968 : 6751 : 1 : 2 : 0 : 0 : 0 : 1 : 1.0 ：0
llc_sap_action_send_xid_c : 2 : 2 : 3662.230130654237 : 6751 : 1 : 7 : 0 : 0 : 3 : 2 : 1.0 ：0
llc_sap_action_send_ui : 2 : 2 : 3575.128210168274 : 6751 : 1 : 7 : 0 : 0 : 3 : 2 : 1.0 ：0
llc_sap_action_send_test_c : 2 : 2 : 3575.128210168274 : 6751 : 1 : 7 : 0 : 0 : 3 : 2 : 1.0 ：0
llc_sap_action_send_test_r : 2 : 4 : 8673.769432356927 : 6751 : 1 : 11 : 0 : 0 : 5 : 1 : 1.0 ：1
llc_sap_action_send_xid_r : 2 : 4 : 6431.537154377767 : 6751 : 1 : 9 : 0 : 0 : 4 : 1 : 1.0 ：0
llc_station_rcv : 1 : 4 : 481.057163358342 : 6751 : 2 : 33 : 1 : 0 : 0 : 1 : 1.0 ：0
llc_station_ac_send_xid_r : 1 : 6 : 6405.753708467262 : 4041 : 3 : 9 : 2 : 0 : 5 : 1 : 0.8 ：0
llc_stat_ev_rx_null_dsap_xid_c : 1 : 4 : 1421.7113631468771 : 4041 : 3 : 4 : 2 : 0 : 1 : 1 : 1.0 ：0
llc_stat_ev_rx_null_dsap_test_c : 1 : 4 : 1396.0305962879045 : 6751 : 3 : 4 : 2 : 0 : 1 : 1 : 1.0 ：0
llc_station_ac_send_test_r : 1 : 6 : 8865.992821530406 : 6751 : 3 : 11 : 2 : 0 : 7 : 1 : 0.8 ：1
