ext4_dio_write_checks : 6 : 25 : 29646.434459077263 : 1375 : 3 : 25 : 2 : 0 : 12 : 3 : 0.3999999999999999 ：0
ext4_handle_inode_extension : 4 : 24 : 42780.219658716436 : 1422 : 3 : 15 : 4 : 0 : 9 : 4 : 0.3999999999999999 ：0
ext4_overwrite_io : 4 : 3 : 7773.6654184278 : 2422 : 4 : 3 : 3 : 0 : 4 : 1 : 0.8 ：0
ext4_dax_write_iter : 2 : 12 : 14036.124352920966 : 2502 : 2 : 40 : 1 : 0 : 10 : 3 : 0.6 ：0
ext4_dax_huge_fault : 2 : 13 : 21195.36354048738 : 2406 : 2 : 13 : 1 : 0 : 11 : 3 : 0.3999999999999999 ：0
ext4_file_open : 2 : 9 : 7768.9181911977785 : 3087 : 1 : 27 : 0 : 0 : 5 : 2 : 0.8 ：0
ext4_dio_write_end_io : 4 : 8 : 11872.857491404047 : 1422 : 1 : 4 : 0 : 0 : 4 : 2 : 0.8 ：0
ext4_dio_write_iter : 2 : 30 : 57120.13818178498 : 888 : 2 : 83 : 1 : 0 : 16 : 3 : 0.3999999999999999 ：1
ext4_generic_write_checks : 2 : 6 : 6123.913994658706 : 1375 : 5 : 8 : 10 : 0 : 4 : 2 : 0.6 ：0
ext4_write_checks : 2 : 3 : 1495.270484732142 : 1375 : 4 : 10 : 6 : 0 : 3 : 1 : 0.8 ：0
ext4_file_write_iter : 2 : 4 : 2626.624807470569 : 3087 : 1 : 147 : 0 : 0 : 1 : 1 : 1.0 ：0
ext4_file_mmap : 2 : 7 : 5454.8451770782085 : 3087 : 1 : 8 : 0 : 0 : 2 : 2 : 0.8 ：0
ext4_llseek : 3 : 5 : 6847.998021591628 : 3087 : 1 : 9 : 0 : 0 : 3 : 2 : 0.8 ：0
ext4_buffered_write_iter : 2 : 5 : 3660.250310410376 : 1422 : 3 : 17 : 3 : 0 : 4 : 1 : 0.8 ：0
ext4_sample_last_mounted : 2 : 11 : 20564.87671027413 : 1963 : 2 : 20 : 1 : 0 : 8 : 1 : 0.6 ：0
ext4_extending_io : 3 : 3 : 540.7713338974198 : 1375 : 4 : 2 : 3 : 0 : 2 : 1 : 1.0 ：0
ext4_unaligned_io : 3 : 2 : 830.430753936186 : 1375 : 4 : 1 : 3 : 0 : 3 : 1 : 0.8 ：0
ext4_release_file : 2 : 8 : 5368.726034054103 : 3087 : 1 : 10 : 0 : 0 : 0 : 2 : 0.6 ：0
ext4_file_splice_read : 5 : 2 : 1097.6400226726446 : 127 : 1 : 4 : 0 : 0 : 1 : 1 : 1.0 ：0
ext4_dax_read_iter : 2 : 5 : 5646.149816063557 : 2502 : 2 : 8 : 1 : 0 : 3 : 2 : 0.8 ：0
ext4_dio_read_iter : 2 : 5 : 8905.019297350065 : 1423 : 2 : 12 : 1 : 0 : 3 : 2 : 0.6 ：0
ext4_file_read_iter : 2 : 5 : 3748.4800287833814 : 2502 : 1 : 28 : 0 : 0 : 1 : 1 : 0.8 ：0
ext4_should_use_dio : 2 : 3 : 1797.3474758177908 : 381 : 3 : 4 : 4 : 0 : 4 : 1 : 1.0 ：1
