debugfs_kernel : 1 : 7 : 1932.6196660226547 : 0 : 1 : 1 : 0 : 0 : 0 : 2 : 0.8 ：0
debugfs_init : 1 : 4 : 1861.4947752927897 : 0 : 1 : 3 : 0 : 0 : 3 : 1 : 1.0 ：0
__debugfs_file_removed : 1 : 3 : 3416.5106639542482 : 0 : 0 : 0 : 0 : 0 : 1 : 1 : 1.0 ：1
debugfs_create_file_size : 6 : 2 : 764.1064561934292 : 0 : 1 : 2 : 0 : 0 : 1 : 1 : 1.0 ：0
debugfs_create_automount : 0 : 5 : 8363.355740589566 : 0 : 1 : 39 : 0 : 0 : 3 : 2 : 1.0 ：0
debugfs_remove : 1 : 2 : 530.6269943004986 : 0 : 1 : 7 : 0 : 0 : 0 : 1 : 1.0 ：0
debugfs_rename : 0 : 20 : 23035.55555555556 : 0 : 1 : 18 : 0 : 0 : 12 : 2 : 0.6 ：0
debugfs_create_symlink : 0 : 4 : 5840.280812102537 : 0 : 1 : 37 : 0 : 0 : 4 : 2 : 0.8 ：0
debugfs_create_file : 0 : 1 : 260.4593730405679 : 0 : 2 : 0 : 1 : 0 : 0 : 1 : 1.0 ：0
debugfs_create_dir : 0 : 5 : 8078.241340342194 : 0 : 1 : 38 : 0 : 0 : 3 : 2 : 1.0 ：0
debug_mount : 0 : 2 : 445.8028910632872 : 0 : 1 : 18 : 0 : 0 : 0 : 1 : 1.0 ：0
start_creating : 0 : 12 : 19833.460544189234 : 0 : 2 : 16 : 3 : 0 : 4 : 2 : 0.6 ：0
debugfs_release_dentry : 1 : 2 : 610.3944509600506 : 0 : 1 : 1 : 0 : 0 : 1 : 1 : 1.0 ：0
debug_fill_super : 3 : 7 : 7225.156306272636 : 0 : 2 : 15 : 1 : 0 : 6 : 3 : 1.0 ：0
debugfs_create_file_unsafe : 0 : 1 : 260.4593730405679 : 0 : 1 : 0 : 0 : 0 : 0 : 1 : 1.0 ：0
debugfs_lookup : 0 : 4 : 2312.5551230930178 : 0 : 1 : 3 : 0 : 0 : 4 : 1 : 1.0 ：0
failed_creating : 0 : 1 : 493.5674865343536 : 0 : 2 : 5 : 3 : 0 : 0 : 1 : 1.0 ：0
debugfs_get_inode : 0 : 2 : 1325.3912824321246 : 0 : 2 : 3 : 3 : 0 : 2 : 2 : 1.0 ：0
__debugfs_create_file : 0 : 5 : 7700.153087604728 : 0 : 0 : 0 : 0 : 0 : 3 : 2 : 0.8 ：0
debugfs_show_options : 2 : 4 : 4517.652797093674 : 0 : 1 : 5 : 0 : 0 : 2 : 1 : 1.0 ：0
debugfs_setattr : 2 : 3 : 804.1319589394963 : 0 : 1 : 2 : 0 : 0 : 2 : 1 : 1.0 ：0
debugfs_apply_options : 1 : 1 : 2062.355261562712 : 0 : 3 : 1 : 3 : 0 : 3 : 1 : 1.0 ：0
debugfs_parse_options : 2 : 11 : 15794.77274158321 : 0 : 3 : 9 : 3 : 0 : 5 : 3 : 0.8 ：0
debugfs_remount : 3 : 3 : 1381.8374574698414 : 0 : 1 : 13 : 0 : 0 : 4 : 1 : 1.0 ：0
tracefs_remove : 1 : 2 : 530.6269943004986 : 0 : 1 : 5 : 0 : 0 : 0 : 1 : 1.0 ：0
tracefs_create_instance_dir : 0 : 4 : 2825.243041368806 : 0 : 0 : 0 : 0 : 0 : 4 : 1 : 1.0 ：0
tracefs_init : 1 : 3 : 1094.8884507047985 : 0 : 1 : 2 : 0 : 0 : 2 : 1 : 1.0 ：0
__create_dir : 0 : 4 : 5804.746177300646 : 0 : 0 : 0 : 0 : 0 : 3 : 1 : 1.0 ：0
start_creating : 0 : 8 : 11108.570122723031 : 0 : 2 : 12 : 1 : 0 : 3 : 2 : 0.6 ：0
tracefs_syscall_rmdir : 2 : 2 : 5816.791780147178 : 0 : 1 : 7 : 0 : 0 : 3 : 1 : 0.8 ：0
tracefs_apply_options : 1 : 1 : 1489.0993027070976 : 0 : 3 : 0 : 3 : 0 : 3 : 1 : 1.0 ：0
tracefs_create_file : 0 : 5 : 5695.747474909601 : 0 : 1 : 30 : 0 : 0 : 4 : 1 : 0.8 ：1
tracefs_get_inode : 0 : 2 : 1325.3912824321246 : 0 : 2 : 3 : 1 : 0 : 2 : 2 : 1.0 ：0
tracefs_parse_options : 2 : 11 : 15794.77274158321 : 0 : 3 : 9 : 3 : 0 : 5 : 3 : 0.8 ：0
failed_creating : 0 : 1 : 409.15503040915905 : 0 : 2 : 3 : 1 : 0 : 1 : 1 : 1.0 ：0
trace_fill_super : 3 : 7 : 6893.204994208447 : 0 : 2 : 14 : 1 : 0 : 6 : 3 : 1.0 ：0
tracefs_syscall_mkdir : 3 : 2 : 3165.3668283970164 : 0 : 1 : 6 : 0 : 0 : 3 : 1 : 0.8 ：0
get_dname : 0 : 2 : 3789.2251761995058 : 0 : 2 : 2 : 2 : 0 : 5 : 1 : 1.0 ：0
tracefs_show_options : 2 : 4 : 4517.652797093674 : 0 : 1 : 5 : 0 : 0 : 2 : 1 : 1.0 ：0
tracefs_remount : 3 : 3 : 1381.8374574698414 : 0 : 1 : 12 : 0 : 0 : 4 : 1 : 1.0 ：0
