pfifo_enqueue : 3 : 2 : 716.1297799746978 : 6009 : 1 : 3 : 0 : 0 : 0 : 1 : 1.0 ：0
fifo_init : 3 : 2 : 665.2345774134926 : 572 : 1 : 3 : 0 : 0 : 2 : 1 : 1.0 ：0
pfifo_tail_enqueue : 3 : 2 : 4178.662282579455 : 4261 : 1 : 4 : 0 : 0 : 1 : 1 : 1.0 ：0
__fifo_init : 3 : 6 : 6865.640304903373 : 572 : 0 : 0 : 0 : 0 : 4 : 2 : 0.8 ：0
fifo_offload_destroy : 1 : 3 : 2704.3422668554726 : 572 : 2 : 2 : 1 : 0 : 2 : 1 : 1.0 ：0
fifo_create_dflt : 0 : 3 : 2441.1802319431326 : 4833 : 1 : 10 : 0 : 0 : 2 : 3 : 1.0 ：0
fifo_set_limit : 2 : 3 : 6677.7730057272865 : 4833 : 2 : 5 : 1 : 0 : 3 : 2 : 1.0 ：1
fifo_dump : 2 : 2 : 599.9518870881332 : 572 : 1 : 2 : 0 : 0 : 2 : 1 : 1.0 ：0
__fifo_dump : 2 : 3 : 1109.5609251745198 : 572 : 0 : 0 : 0 : 0 : 2 : 2 : 1.0 ：0
fifo_offload_init : 1 : 3 : 2704.3422668554726 : 572 : 2 : 2 : 1 : 0 : 2 : 1 : 1.0 ：0
fifo_offload_dump : 1 : 1 : 2518.719297132545 : 572 : 2 : 1 : 1 : 0 : 1 : 1 : 1.0 ：0
bfifo_enqueue : 3 : 2 : 1173.1735489030427 : 6009 : 1 : 4 : 0 : 0 : 0 : 1 : 1.0 ：0
