usbip_init_eh : 1 : 2 : 597.3551694979114 : 1816 : 1 : 2 : 0 : 0 : 0 : 2 : 1.0 ：0
usbip_event_add : 2 : 6 : 4745.439912276143 : 2418 : 1 : 9 : 0 : 0 : 3 : 2 : 0.8 ：0
get_event : 0 : 3 : 3405.9304756839406 : 1816 : 2 : 6 : 1 : 0 : 3 : 2 : 0.8 ：0
unset_event : 2 : 1 : 840.0 : 1816 : 2 : 2 : 1 : 0 : 0 : 1 : 0.8 ：0
usbip_stop_eh : 1 : 3 : 2293.8923594135713 : 2418 : 1 : 2 : 0 : 0 : 0 : 1 : 1.0 ：0
usbip_event_happened : 1 : 2 : 1233.3513733831153 : 1816 : 1 : 2 : 0 : 0 : 2 : 1 : 0.8 ：0
event_handler : 1 : 6 : 9913.579389317396 : 1816 : 1 : 12 : 0 : 0 : 1 : 3 : 0.8 ：1
set_event : 2 : 1 : 840.0 : 1816 : 2 : 2 : 1 : 0 : 0 : 1 : 0.8 ：0
usbip_in_eh : 1 : 2 : 188.2105312878607 : 1816 : 1 : 0 : 0 : 0 : 0 : 1 : 1.0 ：0
