copy_bio_to_actor : 4 : 8 : 14035.938165496093 : 1256 : 2 : 11 : 1 : 0 : 6 : 3 : 0.8 ：0
squashfs_get_cache_page : 0 : 4 : 2001.5640006923097 : 125 : 3 : 3 : 2 : 0 : 5 : 2 : 1.0 ：0
squashfs_read_data : 5 : 23 : 64308.84478581483 : 1256 : 1 : 53 : 0 : 0 : 16 : 4 : 0.3999999999999999 ：1
squashfs_bio_read_cached : 7 : 16 : 34599.35238661276 : 153 : 3 : 10 : 2 : 0 : 10 : 4 : 0.3999999999999999 ：0
squashfs_bio_read : 5 : 10 : 31816.197449606963 : 153 : 2 : 26 : 1 : 0 : 15 : 3 : 0.3999999999999999 ：0
