rxrpc_io_thread : 1 : 10 : 21033.835022271836 : 19 : 1 : 84 : 0 : 0 : 4 : 4 : 0.3999999999999999 ：1
rxrpc_input_packet : 2 : 45 : 92071.76812853079 : 19 : 2 : 59 : 1 : 0 : 19 : 4 : 0.3999999999999999 ：0
rxrpc_extract_header : 2 : 2 : 17891.781063322727 : 19 : 3 : 6 : 2 : 0 : 1 : 2 : 1.0 ：0
rxrpc_error_report : 1 : 3 : 2809.029307989358 : 19 : 1 : 8 : 0 : 0 : 2 : 2 : 0.8 ：0
rxrpc_input_packet_on_conn : 3 : 31 : 77847.9353304455 : 19 : 3 : 18 : 2 : 0 : 12 : 3 : 0.3999999999999999 ：0
rxrpc_input_version : 2 : 3 : 2072.222990086935 : 19 : 3 : 4 : 2 : 0 : 2 : 2 : 1.0 ：0
rxrpc_extract_abort : 1 : 2 : 1044.7811220807382 : 19 : 3 : 2 : 2 : 0 : 3 : 1 : 1.0 ：0
rxrpc_encap_rcv : 2 : 3 : 2741.358675550489 : 19 : 1 : 7 : 0 : 0 : 1 : 2 : 1.0 ：0
rxrpc_encap_err_rcv : 6 : 3 : 1534.392215494539 : 41 : 3 : 4 : 2 : 0 : 0 : 1 : 1.0 ：0
rxrpc_destroy_all_locals : 1 : 2 : 2145.0 : 2381 : 1 : 8 : 0 : 0 : 1 : 3 : 0.8 ：0
rxrpc_get_local : 0 : 1 : 1327.53848954818 : 19 : 1 : 2 : 0 : 0 : 1 : 1 : 1.0 ：0
rxrpc_use_local : 0 : 3 : 1141.6283715612196 : 19 : 2 : 11 : 1 : 0 : 3 : 2 : 1.0 ：0
rxrpc_local_rcu : 1 : 1 : 754.0 : 1335 : 4 : 3 : 4 : 0 : 1 : 1 : 1.0 ：0
rxrpc_unuse_local : 2 : 3 : 2127.4226003346166 : 19 : 1 : 4 : 0 : 0 : 0 : 2 : 1.0 ：0
rxrpc_put_local : 2 : 3 : 2412.89238864576 : 19 : 3 : 7 : 2 : 0 : 1 : 2 : 1.0 ：0
rxrpc_open_socket : 2 : 8 : 44011.82026780412 : 2379 : 2 : 18 : 1 : 0 : 9 : 2 : 0.6 ：1
rxrpc_lookup_local : 0 : 13 : 26435.120786054566 : 2381 : 1 : 60 : 0 : 0 : 10 : 3 : 0.3999999999999999 ：0
rxrpc_get_local_maybe : 0 : 3 : 1683.5982302648085 : 1725 : 3 : 2 : 2 : 0 : 2 : 2 : 1.0 ：0
rxrpc_alloc_local : 0 : 2 : 7180.636933741676 : 2381 : 2 : 12 : 1 : 0 : 2 : 2 : 0.8 ：0
rxrpc_destroy_local : 1 : 2 : 5958.9244226947185 : 19 : 1 : 9 : 0 : 0 : 2 : 2 : 0.8 ：0
rxrpc_local_cmp_key : 2 : 4 : 22048.388219645556 : 2379 : 2 : 2 : 1 : 0 : 2 : 2 : 1.0 ：0
