snapshot_release : 2 : 4 : 2465.4627615290105 : 5960 : 1 : 9 : 0 : 0 : 1 : 2 : 0.8 ：0
snapshot_set_swap_area : 2 : 6 : 9120.703549025746 : 832 : 3 : 5 : 2 : 0 : 4 : 2 : 0.8 ：0
snapshot_write : 4 : 7 : 5931.059128127183 : 5701 : 1 : 5 : 0 : 0 : 6 : 2 : 0.6 ：0
snapshot_read : 4 : 7 : 6536.18449930112 : 5960 : 1 : 5 : 0 : 0 : 6 : 2 : 0.6 ：0
snapshot_compat_ioctl : 3 : 6 : 1521.920617254972 : 3846 : 1 : 34 : 0 : 0 : 0 : 2 : 1.0 ：0
snapshot_open : 2 : 10 : 14885.31137243495 : 5960 : 1 : 11 : 0 : 0 : 5 : 3 : 0.3999999999999999 ：1
snapshot_ioctl : 3 : 42 : 58830.71304221884 : 832 : 2 : 31 : 1 : 0 : 5 : 3 : 0.3999999999999999 ：0
