j1939_sk_sendmsg : 3 : 25 : 28819.985639284318 : 0 : 1 : 58 : 0 : 0 : 15 : 3 : 0.6 ：0
j1939_sk_send_loop : 4 : 18 : 30028.04557096824 : 0 : 2 : 50 : 1 : 0 : 8 : 5 : 0.3999999999999999 ：0
j1939_sk_alloc_skb : 0 : 9 : 25164.647624246903 : 0 : 3 : 14 : 2 : 0 : 9 : 3 : 0.3999999999999999 ：0
j1939_sk_netdev_event_netdown : 1 : 2 : 2995.6567086190007 : 0 : 1 : 11 : 0 : 0 : 2 : 2 : 0.8 ：0
j1939_sk_errqueue : 2 : 12 : 28425.796004735043 : 0 : 1 : 15 : 0 : 0 : 7 : 3 : 0.3999999999999999 ：0
j1939_sk_release : 1 : 4 : 7458.310311715223 : 0 : 1 : 25 : 0 : 0 : 3 : 3 : 1.0 ：0
j1939_sk_getsockopt : 5 : 14 : 15286.005763887417 : 0 : 1 : 8 : 0 : 0 : 7 : 2 : 0.8 ：0
j1939_sk_get_timestamping_opt_stats : 0 : 3 : 2820.4893991891877 : 0 : 2 : 5 : 1 : 0 : 4 : 1 : 1.0 ：0
j1939_sk_sanity_check : 2 : 7 : 2500.3295701778743 : 0 : 2 : 3 : 2 : 0 : 0 : 1 : 0.8 ：0
j1939_sk_setsockopt : 5 : 19 : 34557.32902325147 : 0 : 1 : 16 : 0 : 0 : 7 : 4 : 0.3999999999999999 ：0
j1939_sk_recvmsg : 4 : 9 : 29294.818104635186 : 0 : 1 : 9 : 0 : 0 : 8 : 2 : 0.6 ：0
j1939_sk_getname : 3 : 4 : 3296.1962823682893 : 0 : 1 : 5 : 0 : 0 : 6 : 2 : 1.0 ：0
j1939_sk_setsockopt_flag : 4 : 4 : 2342.6888637357665 : 0 : 2 : 3 : 1 : 0 : 2 : 1 : 1.0 ：0
j1939_sk_recv_one : 2 : 6 : 6547.233850956195 : 0 : 2 : 12 : 1 : 0 : 3 : 2 : 0.8 ：0
j1939_sk_connect : 4 : 11 : 17934.580837010722 : 0 : 1 : 9 : 0 : 0 : 8 : 2 : 0.8 ：1
j1939_sk_sock2sockaddr_can : 3 : 2 : 8259.823746467666 : 0 : 2 : 1 : 1 : 0 : 0 : 2 : 1.0 ：0
j1939_sk_init : 1 : 1 : 11297.207547169812 : 0 : 1 : 13 : 0 : 0 : 1 : 1 : 1.0 ：0
j1939_sk_sock_destruct : 1 : 2 : 6800.000000000001 : 0 : 2 : 3 : 1 : 0 : 1 : 2 : 1.0 ：0
j1939_sk_recv : 2 : 1 : 979.6370348411356 : 0 : 1 : 16 : 0 : 0 : 1 : 2 : 0.8 ：0
j1939_sk_recv_match_one : 2 : 4 : 1173.1018354388473 : 0 : 3 : 5 : 3 : 0 : 4 : 1 : 1.0 ：0
j1939_sk_match_filter : 2 : 6 : 6491.219529824079 : 0 : 4 : 0 : 4 : 0 : 5 : 2 : 0.8 ：0
j1939_sk_bind : 3 : 16 : 38291.00087752869 : 0 : 1 : 29 : 0 : 0 : 15 : 3 : 0.3999999999999999 ：0
j1939_sk_recv_match : 2 : 2 : 1730.7790507875025 : 0 : 1 : 9 : 0 : 0 : 3 : 2 : 0.8 ：0
j1939_sk_get_incomplete_session : 0 : 3 : 2824.4031762851 : 0 : 3 : 5 : 2 : 0 : 2 : 2 : 0.8 ：0
j1939_sk_queue_drop_all : 3 : 1 : 2498.308297535537 : 0 : 3 : 6 : 4 : 0 : 0 : 2 : 0.8 ：0
j1939_sk_queue_activate_next_locked : 1 : 7 : 11297.830188679245 : 0 : 2 : 9 : 1 : 0 : 5 : 2 : 0.8 ：0
j1939_sk_queue_activate_next : 1 : 2 : 1177.0050845076585 : 0 : 1 : 13 : 0 : 0 : 1 : 1 : 0.8 ：0
j1939_sk_match_dst : 2 : 19 : 23705.50600514107 : 0 : 4 : 3 : 4 : 0 : 8 : 3 : 0.8 ：0
j1939_jsk_add : 2 : 1 : 939.1781556995272 : 0 : 2 : 4 : 1 : 0 : 0 : 1 : 0.8 ：0
j1939_jsk_del : 2 : 1 : 680.9713093523064 : 0 : 2 : 4 : 2 : 0 : 0 : 1 : 0.8 ：0
j1939_sk_queue_session : 1 : 1 : 2353.6693135709165 : 0 : 3 : 9 : 2 : 0 : 3 : 1 : 0.8 ：0
j1939_sock_pending_del : 1 : 2 : 1123.3421723861195 : 0 : 1 : 3 : 0 : 0 : 1 : 1 : 1.0 ：0
j1939_pgn_is_clean_pdu : 1 : 2 : 218.93878129404206 : 0 : 3 : 1 : 4 : 0 : 1 : 1 : 1.0 ：0
