jfs_mount_rw : 2 : 8 : 14915.613302561234 : 0 : 1 : 43 : 0 : 0 : 7 : 3 : 0.8 ：0
jfs_mount : 1 : 23 : 95806.86453720358 : 0 : 1 : 27 : 2 : 0 : 17 : 3 : 0.3999999999999999 ：0
