llc_ui_getsockopt : 5 : 19 : 17657.186321175883 : 0 : 1 : 7 : 0 : 0 : 8 : 2 : 0.8 ：0
llc_ui_getname : 3 : 10 : 14367.652137901314 : 0 : 1 : 6 : 0 : 0 : 8 : 3 : 0.8 ：0
llc2_init : 1 : 10 : 4562.424447527605 : 0 : 1 : 12 : 0 : 0 : 7 : 2 : 0.8 ：0
llc_ui_sendmsg : 3 : 28 : 56308.96407767447 : 0 : 1 : 48 : 0 : 0 : 17 : 2 : 0.3999999999999999 ：1
llc_ui_setsockopt : 5 : 33 : 21284.32437534054 : 0 : 1 : 5 : 0 : 0 : 15 : 2 : 0.6 ：0
llc_wait_data : 2 : 7 : 4532.632323379904 : 0 : 2 : 4 : 1 : 0 : 2 : 2 : 0.8 ：0
llc_ui_wait_for_busy_core : 2 : 8 : 4491.535636985099 : 0 : 3 : 8 : 2 : 0 : 3 : 2 : 1.0 ：0
llc2_exit : 1 : 1 : 365.2942706893965 : 0 : 1 : 6 : 0 : 0 : 0 : 1 : 1.0 ：0
llc_ui_recvmsg : 4 : 43 : 76711.61215520363 : 0 : 1 : 27 : 0 : 0 : 15 : 5 : 0.3999999999999999 ：0
llc_ui_accept : 4 : 12 : 26142.065079658063 : 0 : 1 : 19 : 0 : 0 : 8 : 2 : 0.6 ：0
llc_ui_listen : 2 : 9 : 7374.7870984360325 : 0 : 1 : 4 : 0 : 0 : 6 : 2 : 0.8 ：0
llc_ui_wait_for_conn : 2 : 5 : 2029.5454160773647 : 0 : 2 : 6 : 1 : 0 : 1 : 2 : 1.0 ：0
llc_ui_connect : 4 : 24 : 28267.70773446558 : 0 : 1 : 33 : 0 : 0 : 16 : 2 : 0.6 ：0
llc_ui_wait_for_disc : 2 : 5 : 3170.6856386475997 : 0 : 2 : 6 : 2 : 0 : 2 : 2 : 1.0 ：0
llc_ui_autobind : 2 : 12 : 16962.168870545825 : 0 : 2 : 12 : 2 : 0 : 9 : 3 : 0.8 ：0
llc_ui_autoport : 1 : 5 : 3235.4153427549636 : 0 : 3 : 2 : 4 : 0 : 3 : 4 : 1.0 ：0
llc_ui_shutdown : 2 : 6 : 4408.259111292611 : 0 : 1 : 11 : 0 : 0 : 5 : 1 : 1.0 ：0
llc_ui_header_len : 2 : 5 : 818.0080059592581 : 0 : 2 : 0 : 1 : 0 : 2 : 1 : 1.0 ：0
llc_ui_create : 4 : 6 : 3805.2266057330758 : 0 : 1 : 6 : 0 : 0 : 3 : 3 : 0.8 ：0
llc_ui_release : 1 : 7 : 9960.629487613447 : 0 : 1 : 21 : 0 : 0 : 4 : 2 : 0.8 ：0
llc_ui_bind : 3 : 25 : 54652.397791520125 : 0 : 1 : 25 : 0 : 0 : 13 : 4 : 0.3999999999999999 ：0
llc_ui_send_data : 3 : 5 : 2695.533174333222 : 0 : 2 : 15 : 1 : 0 : 3 : 3 : 1.0 ：0
llc_cmsg_rcv : 2 : 2 : 3359.28581586688 : 0 : 2 : 5 : 1 : 0 : 2 : 2 : 1.0 ：0
