f2fs_inode_chksum_set : 2 : 2 : 1023.4395564772598 : 2095 : 4 : 12 : 5 : 0 : 1 : 1 : 1.0 ：0
f2fs_iget : 0 : 30 : 45545.8303315726 : 564 : 2 : 127 : 1 : 0 : 9 : 3 : 0.3999999999999999 ：0
sanity_check_inode : 2 : 29 : 125609.94685307694 : 2152 : 4 : 28 : 3 : 0 : 19 : 3 : 0.3999999999999999 ：1
f2fs_handle_failed_inode : 1 : 5 : 16792.681421026005 : 2152 : 1 : 76 : 0 : 0 : 4 : 3 : 0.6 ：0
f2fs_update_inode : 2 : 16 : 87525.01134513279 : 2152 : 3 : 55 : 4 : 0 : 3 : 3 : 0.3999999999999999 ：0
__recover_inline_status : 2 : 3 : 3736.879502691814 : 3455 : 0 : 0 : 0 : 0 : 3 : 3 : 1.0 ：0
init_idisk_time : 1 : 1 : 1783.7726474549193 : 564 : 4 : 4 : 8 : 0 : 1 : 1 : 0.8 ：0
f2fs_write_inode : 2 : 8 : 5492.39944548195 : 4149 : 1 : 70 : 0 : 0 : 1 : 1 : 0.8 ：0
f2fs_evict_inode : 1 : 39 : 63569.86069730663 : 716 : 1 : 115 : 0 : 0 : 7 : 4 : 0.3999999999999999 ：0
do_read_inode : 1 : 33 : 104567.12002414382 : 4149 : 3 : 87 : 2 : 0 : 5 : 3 : 0.3999999999999999 ：0
f2fs_iget_retry : 0 : 4 : 1526.702160169242 : 2776 : 1 : 131 : 0 : 0 : 3 : 3 : 1.0 ：0
f2fs_inode_chksum_verify : 2 : 8 : 6117.237867674216 : 2452 : 1 : 18 : 0 : 0 : 4 : 1 : 0.8 ：0
sanity_check_compress_inode : 2 : 24 : 24715.284530244706 : 300 : 5 : 7 : 4 : 0 : 12 : 2 : 0.3999999999999999 ：0
f2fs_inode_chksum : 2 : 1 : 11952.408587428046 : 2095 : 5 : 3 : 7 : 0 : 6 : 1 : 0.8 ：0
f2fs_update_inode_page : 1 : 6 : 5173.971717106827 : 2152 : 2 : 62 : 3 : 0 : 5 : 2 : 1.0 ：0
f2fs_enable_inode_chksum : 2 : 5 : 2117.7663525064286 : 2095 : 5 : 5 : 7 : 0 : 5 : 1 : 0.8 ：0
__get_inode_rdev : 2 : 6 : 4037.521982617138 : 3838 : 0 : 0 : 0 : 0 : 1 : 2 : 1.0 ：0
f2fs_set_inode_flags : 1 : 9 : 5299.57090740093 : 2524 : 3 : 4 : 2 : 0 : 0 : 1 : 0.8 ：0
__set_inode_rdev : 2 : 4 : 5358.622925458774 : 3838 : 0 : 0 : 0 : 0 : 1 : 3 : 1.0 ：0
f2fs_mark_inode_dirty_sync : 2 : 3 : 496.85981732851735 : 2524 : 1 : 3 : 0 : 0 : 0 : 1 : 1.0 ：0
