decode_dr7 : 4 : 1 : 1040.9587521219062 : 3420 : 1 : 0 : 0 : 0 : 1 : 1 : 1.0 ：0
arch_install_hw_breakpoint : 1 : 5 : 9606.43732512182 : 3420 : 1 : 6 : 0 : 0 : 3 : 3 : 1.0 ：0
arch_bp_generic_len : 1 : 5 : 689.7101523588105 : 268 : 2 : 0 : 2 : 0 : 4 : 2 : 1.0 ：0
hw_breakpoint_exceptions_notify : 3 : 2 : 215.6827721430808 : 3579 : 1 : 11 : 0 : 0 : 1 : 1 : 1.0 ：0
hw_breakpoint_restore : 1 : 1 : 3271.50462893409 : 3420 : 1 : 1 : 0 : 0 : 0 : 1 : 1.0 ：0
flush_ptrace_hw_breakpoint : 1 : 2 : 2792.0611925758085 : 3420 : 1 : 1 : 0 : 0 : 2 : 2 : 1.0 ：0
arch_check_bp_in_kernelspace : 1 : 2 : 3179.9663511281533 : 3247 : 1 : 2 : 0 : 0 : 1 : 1 : 1.0 ：0
__encode_dr7 : 3 : 1 : 930.6551830990788 : 3402 : 0 : 0 : 0 : 0 : 1 : 1 : 1.0 ：0
arch_bp_generic_fields : 4 : 6 : 3961.1874498937686 : 3420 : 1 : 1 : 0 : 0 : 1 : 2 : 1.0 ：0
hw_breakpoint_arch_parse : 3 : 9 : 6229.011756603073 : 268 : 1 : 5 : 0 : 0 : 2 : 2 : 0.8 ：1
hw_breakpoint_handler : 1 : 12 : 41243.96187514076 : 3579 : 2 : 10 : 1 : 0 : 4 : 3 : 0.3999999999999999 ：0
arch_build_bp_info : 3 : 17 : 25919.391936505035 : 3420 : 2 : 3 : 1 : 0 : 0 : 3 : 0.6 ：0
aout_dump_debugregs : 1 : 4 : 11283.6215122948 : 3414 : 1 : 2 : 0 : 0 : 5 : 3 : 1.0 ：0
arch_uninstall_hw_breakpoint : 1 : 5 : 7124.474363700358 : 3420 : 1 : 5 : 0 : 0 : 3 : 3 : 1.0 ：0
