__func_get_name : 0 : 11 : 8999.434878191323 : 2044 : 0 : 0 : 0 : 0 : 3 : 2 : 0.8 ：0
print_bpf_insn : 3 : 68 : 525888.2537635706 : 2116 : 1 : 14 : 0 : 2 : 2 : 4 : 0.6 ：0
print_bpf_end_insn : 3 : 1 : 1360.6874363819497 : 2116 : 2 : 1 : 1 : 0 : 0 : 1 : 1.0 ：0
__func_imm_name : 0 : 3 : 1038.783070487177 : 2044 : 0 : 0 : 0 : 0 : 1 : 1 : 1.0 ：0
func_id_name : 0 : 4 : 624.0 : 2044 : 1 : 0 : 0 : 0 : 0 : 1 : 1.0 ：0
