tcx_uninstall : 2 : 3 : 4615.642729582485 : 9 : 1 : 10 : 0 : 0 : 4 : 2 : 1.0 ：1
tcx_link_update : 3 : 11 : 11911.74270572728 : 9 : 1 : 9 : 0 : 0 : 9 : 2 : 0.6 ：0
tcx_link_init : 5 : 1 : 989.1522143911335 : 9 : 2 : 2 : 1 : 0 : 0 : 1 : 1.0 ：0
tcx_link_fill_info : 2 : 2 : 1975.2292237788456 : 9 : 1 : 4 : 0 : 0 : 2 : 1 : 0.8 ：0
tcx_link_prog_attach : 4 : 6 : 6682.551918847278 : 9 : 2 : 9 : 1 : 0 : 4 : 3 : 0.8 ：0
tcx_link_fdinfo : 2 : 2 : 2877.196295829078 : 9 : 1 : 5 : 0 : 0 : 2 : 1 : 0.8 ：0
tcx_link_attach : 2 : 9 : 10518.948341330686 : 9 : 1 : 19 : 0 : 0 : 10 : 2 : 0.6 ：0
tcx_prog_detach : 2 : 8 : 8523.550646605196 : 9 : 1 : 10 : 0 : 0 : 7 : 2 : 0.6 ：0
tcx_prog_attach : 2 : 13 : 13723.029705551304 : 9 : 1 : 13 : 0 : 0 : 8 : 3 : 0.6 ：0
tcx_prog_query : 2 : 5 : 4630.59246785151 : 9 : 1 : 4 : 0 : 0 : 8 : 2 : 0.8 ：1
tcx_link_release : 1 : 8 : 9154.684351853943 : 9 : 2 : 12 : 1 : 0 : 6 : 2 : 0.6 ：0
