__udf_iget : 0 : 4 : 4566.767084607376 : 2950 : 0 : 0 : 0 : 0 : 4 : 2 : 0.8 ：0
udf_add_aext : 5 : 7 : 8000.109186645981 : 2510 : 7 : 36 : 33 : 0 : 5 : 2 : 0.3999999999999999 ：0
inode_bmap : 6 : 5 : 11799.181074041455 : 4274 : 5 : 27 : 16 : 0 : 4 : 3 : 0.6 ：0
udf_block_map : 2 : 3 : 3987.4546250943563 : 6413 : 4 : 35 : 12 : 0 : 6 : 2 : 0.8 ：0
udf_write_aext : 5 : 8 : 18789.430862462847 : 1215 : 9 : 11 : 113 : 0 : 5 : 3 : 0.3999999999999999 ：0
udf_update_inode : 2 : 33 : 298383.86921037774 : 6413 : 6 : 39 : 18 : 0 : 14 : 3 : 0.19999999999999996 ：0
udf_current_aext : 5 : 8 : 22675.79908365751 : 2510 : 9 : 7 : 130 : 0 : 7 : 2 : 0.19999999999999996 ：0
udf_delete_aext : 2 : 15 : 75064.94326723416 : 6413 : 6 : 37 : 14 : 0 : 7 : 3 : 0.19999999999999996 ：0
__udf_add_aext : 5 : 8 : 20573.722820234398 : 2510 : 0 : 0 : 0 : 0 : 3 : 2 : 0.6 ：0
udf_setup_indirect_aext : 3 : 9 : 37406.90963405017 : 2510 : 8 : 33 : 34 : 0 : 8 : 2 : 0.19999999999999996 ：0
udf_update_extra_perms : 2 : 4 : 3479.56336739572 : 1167 : 1 : 1 : 0 : 0 : 1 : 1 : 1.0 ：0
udf_convert_permissions : 1 : 1 : 2358.827646536765 : 6413 : 0 : 0 : 1 : 0 : 4 : 1 : 1.0 ：0
udf_insert_aext : 4 : 3 : 4083.333333333333 : 6413 : 6 : 65 : 14 : 0 : 3 : 2 : 0.8 ：0
udf_alloc_i_data : 2 : 2 : 944.7134367482398 : 4024 : 0 : 0 : 1 : 0 : 1 : 1 : 1.0 ：0
udf_next_aext : 5 : 4 : 7491.587124758937 : 2510 : 7 : 13 : 94 : 0 : 3 : 3 : 0.6 ：0
udf_adjust_time : 2 : 4 : 1856.0855245030818 : 2126 : 7 : 0 : 19 : 0 : 0 : 1 : 0.8 ：0
udf_setsize : 2 : 17 : 31860.675449329763 : 4274 : 2 : 541 : 1 : 0 : 8 : 4 : 0.3999999999999999 ：0
udf_read_inode : 2 : 80 : 353443.25458987 : 2985 : 0 : 0 : 0 : 0 : 28 : 5 : 0.3999999999999999 ：0
udf_bread : 0 : 3 : 2116.8771865829576 : 6413 : 1 : 343 : 0 : 0 : 4 : 1 : 1.0 ：0
udf_prealloc_extents : 5 : 16 : 119136.27488285243 : 6413 : 5 : 3 : 13 : 0 : 0 : 5 : 0.19999999999999996 ：0
inode_getblk : 4 : 47 : 298185.5105739389 : 6413 : 4 : 285 : 12 : 0 : 17 : 3 : 0.19999999999999996 ：0
udf_merge_extents : 3 : 14 : 160628.89052435238 : 6413 : 5 : 2 : 13 : 0 : 1 : 4 : 0.19999999999999996 ：0
udf_split_extents : 6 : 12 : 68856.23369550212 : 6413 : 5 : 2 : 13 : 0 : 2 : 4 : 0.19999999999999996 ：0
udf_do_extend_file : 4 : 23 : 82660.27727284144 : 4274 : 5 : 64 : 16 : 0 : 14 : 2 : 0.19999999999999996 ：0
udf_update_extents : 5 : 7 : 17722.56034986969 : 6413 : 5 : 130 : 13 : 0 : 3 : 3 : 0.8 ：0
udf_extend_file : 2 : 11 : 28139.384237646904 : 4274 : 3 : 125 : 2 : 0 : 13 : 2 : 0.3999999999999999 ：0
udf_getblk : 0 : 4 : 5013.037516462558 : 6413 : 2 : 340 : 1 : 0 : 4 : 3 : 0.8 ：0
udf_do_extend_final_block : 4 : 1 : 2636.1655710523933 : 1215 : 4 : 13 : 3 : 0 : 2 : 1 : 0.8 ：0
udf_get_block : 4 : 7 : 9315.227517706928 : 3713 : 3 : 331 : 11 : 0 : 4 : 2 : 0.3999999999999999 ：0
udf_expand_dir_adinicb : 0 : 9 : 64710.80730775209 : 6413 : 1 : 55 : 0 : 0 : 15 : 3 : 0.3999999999999999 ：0
udf_expand_file_adinicb : 1 : 7 : 41375.249844089936 : 6413 : 3 : 20 : 2 : 0 : 5 : 2 : 0.3999999999999999 ：0
udf_direct_IO : 2 : 3 : 3448.929900593795 : 3713 : 1 : 346 : 0 : 0 : 6 : 1 : 1.0 ：0
udf_write_failed : 2 : 3 : 2824.43015056717 : 3713 : 2 : 9 : 2 : 0 : 3 : 3 : 1.0 ：0
udf_write_begin : 6 : 2 : 1011.3311742036428 : 5500 : 1 : 344 : 0 : 0 : 2 : 1 : 1.0 ：0
udf_evict_inode : 1 : 6 : 8039.342566348707 : 4472 : 1 : 595 : 0 : 0 : 2 : 3 : 0.6 ：0
udf_read_extent_cache : 4 : 4 : 5113.917935868151 : 3575 : 6 : 5 : 17 : 0 : 3 : 2 : 0.6 ：0
udf_clear_extent_cache : 1 : 1 : 732.1100111217273 : 3575 : 4 : 3 : 18 : 0 : 1 : 1 : 0.6 ：0
udf_update_extent_cache : 3 : 4 : 6370.928118816146 : 3575 : 6 : 5 : 17 : 0 : 1 : 2 : 0.6 ：0
__udf_clear_extent_cache : 1 : 2 : 1398.7841638695438 : 3575 : 0 : 0 : 0 : 0 : 1 : 2 : 1.0 ：0
