mdiobus_stats_acct : 3 : 4 : 1506.9243419036868 : 612 : 0 : 0 : 0 : 0 : 1 : 2 : 1.0 ：0
__mdiobus_write : 4 : 1 : 2465.887636770379 : 551 : 0 : 0 : 0 : 0 : 2 : 1 : 1.0 ：0
mdiobus_free : 1 : 2 : 1537.088481657892 : 446 : 1 : 3 : 0 : 0 : 0 : 2 : 1.0 ：0
mdiobus_scan : 0 : 10 : 9657.883729074058 : 2083 : 0 : 0 : 0 : 0 : 4 : 2 : 0.8 ：0
mdiobus_write : 4 : 1 : 865.0325118285119 : 551 : 1 : 2 : 0 : 0 : 2 : 1 : 0.8 ：0
mdio_bus_match : 2 : 3 : 1487.3484872884578 : 783 : 1 : 2 : 0 : 0 : 1 : 1 : 1.0 ：0
mdiobus_write_nested : 4 : 1 : 906.1642572280505 : 2159 : 1 : 2 : 0 : 0 : 2 : 1 : 0.8 ：0
mdiobus_read_nested : 3 : 1 : 865.0325118285119 : 2159 : 1 : 2 : 0 : 0 : 2 : 1 : 0.8 ：0
__mdiobus_register : 2 : 22 : 51343.889911310995 : 2186 : 0 : 0 : 0 : 0 : 7 : 4 : 0.3999999999999999 ：1
__mdiobus_modify_changed : 5 : 3 : 2282.9069804892606 : 551 : 0 : 0 : 0 : 0 : 1 : 1 : 1.0 ：0
__mdiobus_read : 3 : 1 : 2426.7551521674122 : 551 : 0 : 0 : 0 : 0 : 2 : 1 : 1.0 ：0
mdiobus_read : 3 : 1 : 825.6451502855779 : 551 : 1 : 2 : 0 : 0 : 2 : 1 : 0.8 ：0
mdiobus_modify : 5 : 1 : 1081.185827145541 : 551 : 1 : 2 : 0 : 0 : 1 : 1 : 0.8 ：0
mdio_bus_init : 1 : 3 : 770.959744200081 : 1641 : 1 : 3 : 0 : 0 : 2 : 2 : 1.0 ：0
mdio_uevent : 2 : 2 : 1319.3253649925405 : 1573 : 1 : 1 : 0 : 0 : 2 : 1 : 1.0 ：0
mdiobus_unregister : 1 : 6 : 7250.260899653503 : 446 : 1 : 4 : 0 : 0 : 2 : 2 : 0.8 ：0
mdiobus_create_device : 2 : 3 : 3583.303577606264 : 1636 : 0 : 0 : 0 : 0 : 3 : 1 : 1.0 ：0
of_mdio_find_bus : 0 : 2 : 827.3131202861547 : 783 : 1 : 2 : 0 : 0 : 2 : 1 : 1.0 ：0
of_mdiobus_link_mdiodev : 2 : 5 : 3874.601557838375 : 2083 : 0 : 0 : 1 : 0 : 3 : 3 : 1.0 ：0
mdio_find_bus : 0 : 1 : 523.1952436800434 : 573 : 1 : 2 : 0 : 0 : 1 : 1 : 1.0 ：0
mdio_bus_get_global_stat : 2 : 2 : 1629.4251348716723 : 612 : 2 : 4 : 1 : 0 : 2 : 1 : 1.0 ：0
mdio_bus_stat_field_show : 3 : 2 : 4474.927227481913 : 612 : 1 : 12 : 0 : 0 : 4 : 1 : 1.0 ：0
mdiobus_alloc_size : 0 : 5 : 9064.23101177548 : 446 : 1 : 3 : 0 : 0 : 6 : 2 : 0.8 ：0
mdio_bus_get_stat : 2 : 3 : 2454.558818590773 : 612 : 3 : 3 : 4 : 0 : 3 : 2 : 1.0 ：0
mdiobus_release : 1 : 3 : 1097.4144259589407 : 4729 : 1 : 3 : 0 : 0 : 1 : 1 : 1.0 ：0
mdio_bus_device_stat_field_show : 3 : 1 : 4169.96705559499 : 612 : 1 : 7 : 0 : 0 : 6 : 1 : 1.0 ：0
mdiobus_unregister_device : 1 : 2 : 1555.8941141594505 : 2083 : 1 : 1 : 0 : 0 : 0 : 1 : 1.0 ：0
mdiobus_register_reset : 1 : 2 : 1173.1735489030427 : 885 : 2 : 3 : 1 : 0 : 1 : 1 : 1.0 ：0
mdiobus_get_phy : 0 : 3 : 1765.9921681686164 : 2083 : 1 : 1 : 0 : 0 : 3 : 1 : 1.0 ：0
mdiobus_register_device : 1 : 5 : 5804.999999999999 : 2083 : 1 : 10 : 0 : 0 : 3 : 2 : 0.8 ：0
mdiobus_register_gpiod : 1 : 3 : 2601.203162948251 : 1356 : 2 : 4 : 1 : 0 : 0 : 1 : 1.0 ：0
