uclogic_remove : 1 : 1 : 875.9107605638388 : 0 : 1 : 5 : 0 : 0 : 1 : 1 : 1.0 ：0
uclogic_raw_event_pen : 3 : 9 : 27901.274486055845 : 0 : 2 : 3 : 1 : 0 : 3 : 2 : 0.6 ：0
uclogic_input_mapping : 6 : 4 : 1819.813600507694 : 0 : 1 : 1 : 0 : 0 : 2 : 1 : 1.0 ：0
uclogic_resume : 1 : 2 : 2098.5784220157648 : 0 : 1 : 3 : 0 : 0 : 3 : 1 : 1.0 ：0
uclogic_input_configured : 2 : 18 : 36243.87035057292 : 0 : 1 : 5 : 0 : 0 : 8 : 3 : 0.6 ：1
uclogic_raw_event : 4 : 13 : 26775.519192703177 : 0 : 1 : 8 : 0 : 0 : 5 : 5 : 0.8 ：0
uclogic_inrange_timeout : 1 : 3 : 4310.591834682287 : 0 : 2 : 6 : 1 : 0 : 1 : 2 : 1.0 ：0
uclogic_raw_event_frame : 4 : 27 : 60843.33768696486 : 0 : 2 : 1 : 1 : 0 : 4 : 4 : 0.6 ：0
uclogic_report_fixup : 0 : 2 : 930.6551830990788 : 0 : 1 : 1 : 0 : 0 : 2 : 2 : 1.0 ：0
uclogic_probe : 2 : 17 : 24684.81023029711 : 0 : 1 : 20 : 0 : 0 : 10 : 2 : 0.6 ：0
