bpf_prog_test_run_xdp : 3 : 45 : 117214.9215621733 : 2614 : 1 : 114 : 0 : 0 : 24 : 4 : 0.3999999999999999 ：0
bpf_prog_test_run_syscall : 3 : 16 : 15889.040606670465 : 1106 : 1 : 9 : 0 : 0 : 6 : 2 : 0.6 ：0
bpf_prog_test_run_sk_lookup : 3 : 32 : 54337.978731064366 : 1180 : 1 : 34 : 0 : 0 : 14 : 3 : 0.3999999999999999 ：0
bpf_prog_test_run_nf : 3 : 27 : 50066.52321408718 : 403 : 1 : 44 : 0 : 0 : 16 : 3 : 0.3999999999999999 ：0
BTF_ID : 0 : 1 : 4433.11337060872 : 61 : 0 : 0 : 0 : 0 : 1 : 3 : 1.0 ：0
bpf_prog_test_run_flow_dissector : 3 : 16 : 31952.882541211267 : 1947 : 1 : 32 : 0 : 0 : 12 : 2 : 0.3999999999999999 ：0
xdp_convert_buff_to_md : 2 : 3 : 1371.9053254745206 : 1055 : 2 : 1 : 1 : 0 : 0 : 1 : 1.0 ：0
bpf_ctx_init : 0 : 7 : 8562.351594556842 : 403 : 2 : 8 : 5 : 0 : 5 : 3 : 0.6 ：0
convert_skb_to___skb : 2 : 2 : 5464.024655162585 : 1874 : 2 : 2 : 1 : 0 : 1 : 1 : 1.0 ：0
nfproto_eth : 1 : 3 : 330.1322553289198 : 403 : 2 : 1 : 1 : 0 : 0 : 2 : 1.0 ：0
verify_and_copy_hook_state : 3 : 13 : 6796.299999999999 : 403 : 2 : 0 : 1 : 0 : 0 : 3 : 0.8 ：0
bpf_ctx_finish : 4 : 9 : 5789.329214829236 : 1055 : 2 : 2 : 4 : 0 : 5 : 2 : 0.8 ：0
xdp_convert_md_to_buff : 2 : 12 : 11907.089417811905 : 1055 : 2 : 3 : 1 : 0 : 4 : 2 : 0.6 ：0
convert___skb_to_skb : 2 : 13 : 55370.25975999449 : 1874 : 2 : 6 : 1 : 0 : 1 : 2 : 0.6 ：0
verify_user_bpf_flow_keys : 1 : 3 : 2519.674862619547 : 1769 : 2 : 4 : 1 : 0 : 0 : 1 : 1.0 ：0
bpf_prog_test_run_skb : 3 : 36 : 77469.49728435524 : 2614 : 1 : 69 : 0 : 0 : 17 : 4 : 0.3999999999999999 ：0
__bpf_prog_test_run_raw_tp : 1 : 1 : 795.2120305166392 : 1338 : 0 : 0 : 0 : 0 : 1 : 1 : 0.8 ：1
bpf_prog_test_run_raw_tp : 3 : 21 : 25950.83541708863 : 1338 : 1 : 10 : 0 : 0 : 5 : 2 : 0.6 ：0
bpf_prog_test_run_tracing : 3 : 22 : 18107.73186424363 : 1546 : 1 : 0 : 0 : 0 : 8 : 2 : 0.8 ：0
BTF_ID_FLAGS : 0 : 6 : 5848.974766054831 : 61 : 0 : 0 : 0 : 0 : 2 : 2 : 0.8 ：0
xdp_test_run_setup : 2 : 8 : 19989.716597499086 : 811 : 3 : 15 : 2 : 0 : 6 : 2 : 0.3999999999999999 ：0
bpf_test_run : 6 : 6 : 14405.143884163888 : 403 : 2 : 13 : 3 : 0 : 7 : 3 : 0.8 ：0
bpf_test_finish : 7 : 22 : 35049.741496757684 : 403 : 2 : 6 : 5 : 0 : 12 : 5 : 0.6 ：0
xdp_recv_frames : 4 : 5 : 9861.507584016847 : 811 : 4 : 6 : 3 : 0 : 3 : 3 : 1.0 ：0
bpf_test_run_xdp_live : 5 : 6 : 5033.748874506098 : 811 : 2 : 54 : 1 : 0 : 5 : 2 : 1.0 ：0
xdp_test_run_batch : 3 : 16 : 33773.09763075233 : 811 : 3 : 29 : 2 : 0 : 10 : 4 : 0.6 ：0
frame_was_changed : 1 : 2 : 3118.5880082729223 : 438 : 5 : 0 : 4 : 0 : 0 : 1 : 1.0 ：0
xdp_test_run_teardown : 1 : 1 : 513.9929144777766 : 811 : 3 : 3 : 2 : 0 : 0 : 1 : 1.0 ：0
reset_ctx : 1 : 3 : 2981.4485678889364 : 811 : 4 : 4 : 3 : 0 : 0 : 1 : 1.0 ：0
xdp_test_run_init_page : 2 : 1 : 12009.898171230667 : 811 : 4 : 6 : 3 : 0 : 5 : 1 : 1.0 ：0
