ovl_copy_up_meta_inode_data : 1 : 14 : 16763.61318973283 : 0 : 4 : 25 : 5 : 0 : 9 : 2 : 0.6 ：0
ovl_do_copy_up : 1 : 19 : 34628.63099004146 : 0 : 4 : 219 : 5 : 0 : 8 : 2 : 0.3999999999999999 ：0
ovl_copy_up_one : 3 : 16 : 27668.369873567033 : 0 : 3 : 283 : 4 : 0 : 5 : 2 : 0.6 ：0
ovl_getxattr_value : 3 : 6 : 4759.281372837028 : 0 : 5 : 3 : 6 : 0 : 3 : 2 : 0.6 ：0
ovl_copy_up_flags : 2 : 9 : 10381.429845660901 : 0 : 2 : 293 : 3 : 0 : 6 : 3 : 1.0 ：0
ovl_need_meta_copy_up : 3 : 6 : 1654.700850752887 : 0 : 4 : 2 : 5 : 0 : 5 : 1 : 1.0 ：0
ovl_maybe_copy_up : 2 : 3 : 1273.7225458951061 : 0 : 1 : 301 : 0 : 0 : 2 : 3 : 1.0 ：0
ovl_revert_cu_creds : 1 : 2 : 387.17595007788486 : 0 : 6 : 2 : 14 : 0 : 0 : 2 : 0.8 ：0
ovl_link_up : 1 : 6 : 15017.6786502751 : 0 : 4 : 16 : 5 : 0 : 9 : 3 : 0.6 ：0
ovl_open_need_copy_up : 2 : 4 : 1836.3168161582223 : 0 : 2 : 4 : 1 : 0 : 4 : 1 : 1.0 ：0
ovl_copy_up_tmpfile : 1 : 9 : 14825.680656554192 : 0 : 5 : 84 : 6 : 0 : 8 : 2 : 0.3999999999999999 ：0
ovl_prep_cu_creds : 2 : 3 : 2100.457054115258 : 0 : 6 : 2 : 14 : 0 : 2 : 1 : 0.8 ：0
ovl_set_upper_fh : 3 : 2 : 2075.3578725693383 : 0 : 7 : 11 : 8 : 0 : 3 : 1 : 0.8 ：0
ovl_create_index : 3 : 15 : 22559.55160382484 : 0 : 6 : 28 : 7 : 0 : 11 : 2 : 0.19999999999999996 ：0
ovl_copy_up_workdir : 1 : 20 : 34686.159510296595 : 0 : 5 : 116 : 6 : 0 : 14 : 2 : 0.19999999999999996 ：0
ovl_encode_real_fh : 0 : 11 : 24409.74950110477 : 0 : 8 : 6 : 25 : 0 : 6 : 1 : 0.3999999999999999 ：0
ovl_set_origin : 3 : 3 : 7237.4081784569435 : 0 : 7 : 12 : 15 : 0 : 3 : 2 : 0.8 ：0
ovl_copy_up_inode : 2 : 14 : 30197.653781532317 : 0 : 6 : 65 : 14 : 0 : 9 : 2 : 0.19999999999999996 ：0
ovl_set_timestamps : 3 : 1 : 942.1770279473923 : 0 : 8 : 1 : 28 : 0 : 0 : 2 : 0.8 ：0
ovl_copy_up_data : 4 : 27 : 39030.28256896502 : 0 : 7 : 11 : 21 : 0 : 14 : 4 : 0.3999999999999999 ：0
ovl_set_attr : 3 : 4 : 4677.906111453809 : 0 : 7 : 6 : 15 : 0 : 2 : 3 : 0.8 ：0
ovl_set_size : 3 : 1 : 628.4392620283456 : 0 : 7 : 1 : 15 : 0 : 0 : 2 : 0.8 ：0
ovl_copy_fileattr : 3 : 15 : 31591.863780800726 : 0 : 7 : 6 : 15 : 0 : 6 : 3 : 0.3999999999999999 ：0
ovl_copy_xattr : 3 : 22 : 41310.656876260786 : 0 : 7 : 14 : 15 : 0 : 8 : 4 : 0.19999999999999996 ：0
