bdev_permission : 3 : 5 : 4678.722415617251 : 18 : 3 : 5 : 2 : 0 : 2 : 1 : 1.0 ：0
bdev_may_open : 2 : 6 : 1230.803126743894 : 117 : 4 : 1 : 3 : 0 : 4 : 1 : 1.0 ：0
blkdev_put_part : 1 : 2 : 945.0616100820366 : 919 : 2 : 30 : 1 : 0 : 1 : 2 : 1.0 ：0
bdev_yield_write_access : 1 : 4 : 1737.0392708454158 : 117 : 2 : 6 : 1 : 0 : 1 : 2 : 0.8 ：1
lookup_bdev : 2 : 8 : 4904.721175992627 : 18 : 2 : 5 : 1 : 0 : 7 : 1 : 0.8 ：0
setup_bdev_allow_write_mounted : 1 : 3 : 397.017840679535 : 117 : 1 : 2 : 0 : 0 : 0 : 1 : 1.0 ：0
bdev_open : 5 : 22 : 24552.839762430904 : 18 : 3 : 94 : 2 : 0 : 9 : 3 : 0.3999999999999999 ：0
bdev_release : 1 : 8 : 13066.11712392586 : 18 : 1 : 74 : 0 : 0 : 4 : 1 : 0.6 ：1
blkdev_get_no_open : 0 : 6 : 5502.657790184212 : 549 : 3 : 8 : 3 : 0 : 4 : 2 : 0.6 ：0
blk_to_file_flags : 1 : 9 : 4208.0091779197055 : 18 : 3 : 1 : 2 : 0 : 1 : 1 : 0.8 ：0
bdev_claim_write_access : 2 : 5 : 1071.2855110551563 : 117 : 4 : 1 : 3 : 0 : 0 : 1 : 1.0 ：1
sync_bdevs : 1 : 9 : 18404.739279773166 : 874 : 1 : 12 : 0 : 0 : 2 : 3 : 0.8 ：0
bdev_statx_dioalign : 2 : 2 : 1582.6657027435065 : 549 : 1 : 13 : 0 : 0 : 1 : 1 : 1.0 ：0
bdev_mark_dead : 2 : 3 : 1488.6632255149054 : 206 : 1 : 8 : 0 : 0 : 0 : 2 : 0.8 ：0
bdev_file_open_by_dev : 0 : 5 : 9404.368287380863 : 18 : 2 : 119 : 1 : 0 : 5 : 2 : 0.6 ：0
bdev_file_open_by_path : 0 : 5 : 3436.2253856675657 : 18 : 1 : 134 : 0 : 0 : 4 : 3 : 1.0 ：0
blkdev_put_whole : 1 : 3 : 946.6036174965718 : 919 : 5 : 14 : 7 : 0 : 0 : 1 : 0.8 ：0
blkdev_get_part : 2 : 5 : 4237.291060261101 : 919 : 4 : 32 : 3 : 0 : 5 : 2 : 1.0 ：0
blkdev_flush_mapping : 1 : 1 : 387.17595007788486 : 919 : 6 : 12 : 10 : 0 : 0 : 1 : 0.8 ：0
bdev_set_nr_sectors : 2 : 1 : 875.6842503028856 : 325 : 1 : 3 : 0 : 0 : 0 : 1 : 0.8 ：0
bd_end_claim : 2 : 6 : 10488.434582745136 : 283 : 2 : 5 : 1 : 0 : 2 : 2 : 0.6 ：1
bd_prepare_to_claim : 3 : 8 : 6978.1011742242645 : 919 : 4 : 14 : 5 : 0 : 3 : 2 : 0.6 ：0
nr_blockdev_pages : 1 : 1 : 1708.9390778370987 : 919 : 1 : 3 : 0 : 0 : 3 : 1 : 0.8 ：0
bdev_alloc : 0 : 4 : 7833.783542255642 : 919 : 1 : 9 : 0 : 0 : 5 : 2 : 0.8 ：0
bd_may_claim : 3 : 7 : 6034.985725336244 : 283 : 0 : 4 : 11 : 0 : 6 : 3 : 0.3999999999999999 ：0
bd_clear_claiming : 2 : 1 : 1205.8546572781702 : 919 : 5 : 3 : 10 : 0 : 0 : 1 : 0.8 ：0
bd_finish_claiming : 3 : 2 : 6491.219529824079 : 919 : 4 : 13 : 3 : 0 : 1 : 1 : 0.8 ：1
bd_init_fs_context : 1 : 2 : 968.3653701644906 : 919 : 1 : 1 : 0 : 0 : 1 : 1 : 1.0 ：0
blkdev_get_whole : 2 : 7 : 6009.099458082927 : 919 : 5 : 8 : 7 : 0 : 3 : 3 : 0.6 ：0
bdev_add : 2 : 2 : 1309.5459924984061 : 919 : 1 : 3 : 0 : 0 : 0 : 1 : 1.0 ：0
bdev_cache_init : 1 : 3 : 3121.206103335567 : 919 : 1 : 7 : 0 : 0 : 1 : 1 : 0.8 ：0
bdev_free_inode : 1 : 5 : 3810.2273441702696 : 919 : 1 : 13 : 0 : 0 : 1 : 2 : 0.8 ：0
bdev_alloc_inode : 0 : 2 : 1270.9516051999044 : 919 : 1 : 2 : 0 : 0 : 2 : 1 : 1.0 ：0
set_init_blocksize : 1 : 3 : 1187.435013464966 : 919 : 6 : 3 : 12 : 0 : 1 : 2 : 0.8 ：0
sb_min_blocksize : 2 : 2 : 737.5599615767279 : 919 : 1 : 13 : 0 : 0 : 1 : 1 : 1.0 ：0
bdev_thaw : 1 : 8 : 8034.99877048854 : 117 : 1 : 5 : 0 : 0 : 4 : 2 : 0.6 ：0
truncate_bdev_range : 4 : 7 : 6069.094698265277 : 919 : 0 : 0 : 1 : 0 : 2 : 2 : 1.0 ：0
set_blocksize : 2 : 7 : 5463.544579081337 : 919 : 3 : 9 : 2 : 0 : 0 : 2 : 0.8 ：0
sb_set_blocksize : 2 : 2 : 2280.7322987132047 : 919 : 2 : 11 : 1 : 0 : 0 : 1 : 0.8 ：0
bdev_freeze : 1 : 5 : 4848.874656608706 : 117 : 1 : 7 : 0 : 0 : 2 : 2 : 0.8 ：0
invalidate_bdev : 1 : 2 : 1383.6362552580485 : 919 : 2 : 3 : 1 : 0 : 1 : 2 : 1.0 ：0
kill_bdev : 1 : 2 : 760.9689934964204 : 919 : 7 : 3 : 14 : 0 : 1 : 1 : 0.8 ：0
bdev_write_inode : 1 : 4 : 3315.4449634109965 : 919 : 7 : 4 : 11 : 0 : 2 : 2 : 0.6 ：0
