gfs2_seek_hole : 2 : 3 : 4011.8618011192343 : 0 : 1 : 7 : 0 : 0 : 5 : 1 : 0.8 ：0
gfs2_getattr : 5 : 6 : 6180.620232048071 : 0 : 1 : 8 : 0 : 0 : 6 : 2 : 0.6 ：0
gfs2_fiemap : 4 : 3 : 2541.1876892045443 : 0 : 1 : 6 : 0 : 0 : 5 : 1 : 0.8 ：0
gfs2_seek_data : 2 : 3 : 4011.8618011192343 : 0 : 1 : 7 : 0 : 0 : 5 : 1 : 0.8 ：0
gfs2_update_time : 3 : 4 : 3177.9682951958252 : 0 : 1 : 7 : 0 : 0 : 5 : 2 : 0.8 ：0
setattr_chown : 2 : 20 : 25214.559057184135 : 0 : 2 : 18 : 1 : 0 : 11 : 2 : 0.3999999999999999 ：0
gfs2_permission : 3 : 7 : 5013.037516462558 : 0 : 5 : 8 : 25 : 0 : 5 : 2 : 0.3999999999999999 ：1
gfs2_setattr : 3 : 14 : 12631.89633913109 : 0 : 1 : 34 : 0 : 0 : 9 : 2 : 0.8 ：0
gfs2_rename2 : 6 : 3 : 1524.1999747969433 : 0 : 1 : 182 : 0 : 0 : 0 : 1 : 1.0 ：0
gfs2_get_link : 0 : 9 : 12927.83180862216 : 0 : 1 : 14 : 0 : 0 : 8 : 2 : 0.6 ：0
gfs2_unlink : 2 : 20 : 40551.10004697942 : 0 : 1 : 38 : 0 : 0 : 16 : 2 : 0.3999999999999999 ：0
gfs2_rename : 4 : 82 : 197909.61696604363 : 0 : 2 : 101 : 1 : 0 : 40 : 4 : 0.3999999999999999 ：0
gfs2_initxattrs : 3 : 3 : 2649.386712600635 : 0 : 3 : 0 : 6 : 0 : 3 : 2 : 0.8 ：0
gfs2_symlink : 4 : 2 : 1311.2064535834518 : 0 : 1 : 126 : 0 : 0 : 0 : 1 : 1.0 ：0
update_moved_ino : 3 : 2 : 1044.7811220807382 : 0 : 3 : 3 : 4 : 0 : 0 : 1 : 1.0 ：0
__gfs2_lookup : 0 : 8 : 10486.788220599585 : 0 : 0 : 0 : 0 : 0 : 8 : 2 : 0.6 ：0
gfs2_unlink_inode : 2 : 4 : 4128.170847904175 : 0 : 3 : 9 : 3 : 0 : 4 : 1 : 1.0 ：0
gfs2_atomic_open : 5 : 9 : 7246.405964038566 : 0 : 1 : 130 : 0 : 0 : 3 : 2 : 0.8 ：0
gfs2_setattr_simple : 2 : 3 : 2140.5271769459027 : 0 : 3 : 3 : 3 : 0 : 3 : 1 : 1.0 ：0
alloc_dinode : 3 : 7 : 9288.674474883606 : 0 : 3 : 8 : 6 : 0 : 7 : 2 : 0.6 ：0
gfs2_exchange : 5 : 50 : 128481.24971757112 : 0 : 2 : 79 : 1 : 0 : 25 : 3 : 0.3999999999999999 ：0
link_dinode : 4 : 10 : 9393.433814420057 : 0 : 3 : 10 : 6 : 0 : 8 : 2 : 0.3999999999999999 ：0
gfs2_init_xattr : 1 : 1 : 3865.6415027043145 : 0 : 3 : 8 : 6 : 0 : 3 : 1 : 0.8 ：0
gfs2_ok_to_move : 2 : 6 : 6866.1525618519145 : 0 : 3 : 28 : 4 : 0 : 5 : 3 : 0.8 ：0
gfs2_link : 3 : 43 : 86472.5307310378 : 0 : 1 : 41 : 0 : 0 : 28 : 3 : 0.3999999999999999 ：0
gfs2_create_inode : 8 : 69 : 189659.06382861725 : 0 : 2 : 122 : 5 : 1 : 30 : 3 : 0.3999999999999999 ：0
gfs2_unlink_ok : 3 : 9 : 5273.333333333334 : 0 : 3 : 15 : 5 : 0 : 2 : 1 : 0.8 ：0
munge_mode_uid_gid : 2 : 9 : 9022.44371771771 : 0 : 3 : 5 : 6 : 0 : 0 : 2 : 0.6 ：0
init_dinode : 3 : 3 : 12630.545718338331 : 0 : 3 : 16 : 6 : 0 : 2 : 2 : 0.8 ：0
gfs2_lookup_simple : 0 : 5 : 3208.4823537333777 : 0 : 1 : 25 : 0 : 0 : 3 : 1 : 1.0 ：0
gfs2_lookupi : 0 : 16 : 15466.345325612649 : 0 : 4 : 22 : 6 : 0 : 8 : 2 : 0.3999999999999999 ：0
gfs2_init_dir : 2 : 1 : 7662.751640370367 : 0 : 4 : 4 : 7 : 0 : 2 : 1 : 0.8 ：0
iget_set : 2 : 1 : 708.4935591500587 : 0 : 3 : 1 : 2 : 0 : 1 : 1 : 1.0 ：0
gfs2_lookup_by_inum : 0 : 5 : 3218.6387227831533 : 0 : 1 : 38 : 0 : 0 : 6 : 2 : 1.0 ：0
create_ok : 3 : 6 : 4067.937156034669 : 0 : 3 : 10 : 6 : 0 : 2 : 1 : 0.6 ：0
gfs2_inode_lookup : 0 : 30 : 45355.95346489062 : 0 : 2 : 33 : 1 : 0 : 15 : 4 : 0.3999999999999999 ：0
gfs2_set_iop : 1 : 8 : 6915.69348788206 : 0 : 3 : 6 : 8 : 0 : 2 : 2 : 0.3999999999999999 ：0
