tpk_flush : 1 : 2 : 934.0632003230779 : 1680 : 3 : 1 : 3 : 0 : 0 : 2 : 1.0 ：0
ttyprintk_init : 1 : 4 : 6665.698849044383 : 3833 : 1 : 11 : 0 : 0 : 3 : 2 : 0.8 ：0
tpk_ioctl : 3 : 3 : 1231.7917026069745 : 3833 : 1 : 0 : 0 : 0 : 1 : 2 : 1.0 ：0
tpk_write : 3 : 1 : 2078.409090909091 : 3833 : 1 : 5 : 0 : 0 : 3 : 1 : 0.8 ：0
tpk_printk : 2 : 8 : 7939.267023110127 : 3833 : 2 : 2 : 2 : 0 : 3 : 3 : 0.8 ：0
tpk_close : 2 : 1 : 2001.999536413099 : 3833 : 1 : 6 : 0 : 0 : 1 : 1 : 0.8 ：0
