afs_activate_cell : 2 : 7 : 14907.133798701088 : 1058 : 5 : 16 : 4 : 0 : 5 : 2 : 0.6 ：0
afs_manage_cell : 1 : 26 : 54308.02566687756 : 1058 : 4 : 70 : 3 : 0 : 14 : 4 : 0.3999999999999999 ：0
afs_cell_purge : 1 : 2 : 3993.604160472337 : 4911 : 1 : 23 : 0 : 0 : 1 : 1 : 0.8 ：0
afs_deactivate_cell : 2 : 1 : 1961.400808199502 : 1058 : 5 : 6 : 4 : 0 : 0 : 1 : 0.8 ：1
afs_lookup_cell_rcu : 0 : 18 : 25679.97176269814 : 1058 : 3 : 20 : 2 : 0 : 3 : 5 : 0.3999999999999999 ：0
afs_cell_init : 2 : 6 : 17490.235778800383 : 4911 : 1 : 163 : 0 : 0 : 1 : 2 : 0.6 ：0
afs_set_cell_timer : 2 : 3 : 981.2741288164716 : 509 : 7 : 5 : 14 : 0 : 0 : 2 : 0.8 ：0
afs_update_cell : 1 : 23 : 42572.960516566476 : 1058 : 5 : 13 : 4 : 0 : 4 : 3 : 0.3999999999999999 ：0
afs_alloc_anon_key : 1 : 4 : 7715.781057031819 : 1058 : 6 : 6 : 5 : 0 : 1 : 2 : 1.0 ：0
afs_cells_timer : 1 : 2 : 975.0944678568849 : 1058 : 1 : 5 : 0 : 0 : 1 : 1 : 1.0 ：0
afs_put_cell : 2 : 4 : 3200.6726025736593 : 124 : 6 : 8 : 12 : 0 : 0 : 1 : 0.8 ：0
afs_alloc_cell : 0 : 18 : 60371.95258385361 : 1058 : 3 : 92 : 2 : 0 : 6 : 3 : 0.3999999999999999 ：0
afs_cell_destroy : 1 : 1 : 5409.252692560554 : 4911 : 5 : 17 : 4 : 0 : 1 : 1 : 1.0 ：0
afs_lookup_cell : 0 : 20 : 50942.52529622298 : 1058 : 2 : 142 : 1 : 0 : 8 : 2 : 0.3999999999999999 ：0
afs_manage_cells : 1 : 18 : 39996.4475722458 : 1058 : 1 : 27 : 0 : 0 : 8 : 3 : 0.3999999999999999 ：0
afs_queue_cell_manager : 1 : 2 : 756.3374166052884 : 1058 : 2 : 5 : 1 : 0 : 1 : 1 : 1.0 ：0
