ovl_lookup_trap_inode : 2 : 4 : 2125.812346533872 : 0 : 1 : 7 : 0 : 0 : 5 : 1 : 1.0 ：0
ovl_get_inode : 0 : 30 : 48041.685228146926 : 0 : 1 : 58 : 0 : 0 : 15 : 4 : 0.3999999999999999 ：0
ovl_hash_bylower : 4 : 16 : 7322.317075637848 : 0 : 2 : 4 : 1 : 0 : 7 : 1 : 0.8 ：0
ovl_new_inode : 0 : 2 : 762.9930637000633 : 0 : 1 : 8 : 0 : 0 : 2 : 1 : 1.0 ：0
ovl_lookup_inode : 0 : 3 : 2909.0822745451205 : 0 : 1 : 10 : 0 : 0 : 2 : 2 : 1.0 ：0
ovl_map_ino : 3 : 9 : 16701.674546464077 : 0 : 3 : 7 : 2 : 0 : 1 : 3 : 0.8 ：0
ovl_verify_inode : 4 : 16 : 14840.739099378552 : 0 : 2 : 4 : 2 : 0 : 5 : 2 : 0.8 ：0
ovl_fill_inode : 3 : 4 : 3891.2062559601886 : 0 : 2 : 6 : 2 : 0 : 0 : 2 : 1.0 ：0
ovl_set_nlink_common : 3 : 2 : 4852.301734029938 : 0 : 2 : 6 : 2 : 0 : 3 : 1 : 1.0 ：0
ovl_get_nlink : 4 : 15 : 14794.325378602334 : 0 : 2 : 4 : 1 : 0 : 10 : 1 : 0.8 ：0
ovl_iget5 : 0 : 1 : 799.2 : 0 : 2 : 4 : 1 : 0 : 0 : 1 : 1.0 ：0
ovl_fileattr_prot_flags : 2 : 3 : 1374.4099355102949 : 0 : 2 : 1 : 1 : 0 : 0 : 2 : 1.0 ：0
ovl_real_fileattr_get : 2 : 2 : 880.6881603046164 : 0 : 2 : 8 : 1 : 0 : 2 : 1 : 1.0 ：0
ovl_get_trap_inode : 0 : 4 : 4922.78348777081 : 0 : 1 : 8 : 0 : 0 : 3 : 2 : 0.8 ：0
ovl_next_ino : 1 : 2 : 1359.3368043019473 : 0 : 4 : 2 : 3 : 0 : 1 : 1 : 1.0 ：0
ovl_fiemap : 4 : 2 : 2416.724095551089 : 0 : 1 : 3 : 0 : 0 : 4 : 1 : 1.0 ：0
ovl_inode_init : 4 : 5 : 5613.882837969421 : 0 : 2 : 14 : 1 : 0 : 1 : 1 : 1.0 ：0
ovl_real_fileattr_set : 2 : 2 : 919.0970438177939 : 0 : 2 : 8 : 1 : 0 : 2 : 1 : 1.0 ：0
ovl_fileattr_get : 2 : 1 : 2368.2548458136403 : 0 : 1 : 15 : 0 : 0 : 5 : 1 : 1.0 ：0
ovl_security_fileattr : 3 : 3 : 3003.6380614742 : 0 : 3 : 6 : 4 : 0 : 3 : 1 : 1.0 ：0
ovl_fileattr_set : 3 : 6 : 13458.80547001197 : 0 : 1 : 21 : 0 : 0 : 6 : 2 : 1.0 ：0
ovl_lockdep_annotate_inode_mutex_key : 1 : 4 : 5480.120501528851 : 0 : 3 : 4 : 3 : 0 : 1 : 1 : 0.8 ：0
ovl_listxattr : 3 : 6 : 10447.329087212409 : 0 : 1 : 12 : 0 : 0 : 8 : 3 : 1.0 ：0
ovl_is_private_xattr : 2 : 2 : 1797.3474758177908 : 0 : 3 : 1 : 2 : 0 : 1 : 1 : 1.0 ：0
ovl_get_acl : 0 : 4 : 2812.0693829980046 : 0 : 1 : 7 : 0 : 0 : 5 : 1 : 1.0 ：0
ovl_get_link : 0 : 2 : 1648.6101070244858 : 0 : 1 : 5 : 0 : 0 : 3 : 1 : 1.0 ：0
ovl_can_list : 2 : 4 : 2198.506776167616 : 0 : 2 : 4 : 1 : 0 : 2 : 1 : 1.0 ：0
ovl_update_time : 3 : 3 : 2736.0675077818423 : 0 : 1 : 5 : 0 : 0 : 1 : 3 : 1.0 ：0
ovl_setattr : 3 : 14 : 23792.36734785816 : 0 : 1 : 15 : 0 : 0 : 9 : 3 : 0.3999999999999999 ：0
ovl_xattr_get : 5 : 1 : 1744.500975350311 : 0 : 1 : 5 : 0 : 0 : 3 : 1 : 1.0 ：0
ovl_permission : 3 : 7 : 8312.974079501675 : 0 : 1 : 8 : 0 : 0 : 6 : 2 : 1.0 ：0
ovl_xattr_set : 6 : 11 : 12958.321002131448 : 0 : 1 : 14 : 0 : 0 : 8 : 2 : 0.8 ：0
ovl_getattr : 5 : 31 : 71821.74258558184 : 0 : 1 : 26 : 0 : 0 : 16 : 4 : 0.3999999999999999 ：0
ovl_map_dev_ino : 3 : 13 : 49702.99922889514 : 0 : 2 : 7 : 1 : 0 : 1 : 3 : 0.6 ：0
