nft_hash_walk : 3 : 7 : 7879.986668618679 : 1427 : 1 : 3 : 0 : 0 : 6 : 3 : 1.0 ：0
nft_rhash_destroy : 1 : 1 : 938.8578491189601 : 1427 : 1 : 6 : 0 : 0 : 1 : 1 : 1.0 ：1
nft_hash_fast_estimate : 3 : 3 : 2789.530948193951 : 1097 : 1 : 2 : 0 : 0 : 3 : 1 : 1.0 ：0
nft_rhash_gc_init : 1 : 1 : 596.2992752062506 : 1058 : 2 : 3 : 1 : 0 : 1 : 1 : 1.0 ：0
nft_hash_estimate : 3 : 3 : 2829.3813903110076 : 1097 : 1 : 2 : 0 : 0 : 3 : 1 : 1.0 ：0
nft_hash_flush : 3 : 1 : 483.6265474055522 : 1427 : 1 : 1 : 0 : 0 : 2 : 1 : 1.0 ：0
nft_hash_deactivate : 0 : 3 : 5678.979974802613 : 1427 : 1 : 12 : 0 : 0 : 6 : 3 : 1.0 ：0
nft_hash_get : 0 : 3 : 6132.54237005296 : 1266 : 1 : 9 : 0 : 0 : 5 : 2 : 1.0 ：0
nft_rhash_estimate : 3 : 1 : 267.57244313349275 : 1427 : 1 : 0 : 0 : 0 : 1 : 1 : 1.0 ：0
nft_rhash_init : 3 : 3 : 2983.9004670698964 : 1427 : 1 : 31 : 0 : 0 : 4 : 1 : 1.0 ：0
nft_hash_init : 3 : 1 : 1046.881481258909 : 1427 : 1 : 4 : 0 : 0 : 1 : 1 : 1.0 ：0
nft_hash_lookup_fast : 4 : 3 : 6206.7142401244855 : 1427 : 1 : 7 : 0 : 0 : 5 : 3 : 1.0 ：0
nft_jhash : 3 : 2 : 3066.105637884523 : 788 : 2 : 4 : 2 : 0 : 2 : 2 : 1.0 ：0
nft_hash_lookup : 4 : 3 : 5522.080932372082 : 1427 : 1 : 8 : 0 : 0 : 6 : 3 : 1.0 ：0
nft_hash_destroy : 1 : 2 : 3824.9999999999995 : 1427 : 1 : 4 : 0 : 0 : 4 : 3 : 1.0 ：0
nft_hash_insert : 4 : 3 : 7008.795786204764 : 1427 : 1 : 12 : 0 : 0 : 4 : 3 : 1.0 ：0
nft_rhash_walk : 3 : 11 : 10545.291037545869 : 1427 : 1 : 10 : 0 : 0 : 7 : 4 : 0.8 ：0
nft_rhash_gc : 1 : 10 : 11764.10957011381 : 1058 : 2 : 23 : 1 : 0 : 6 : 3 : 0.8 ：0
nft_rhash_expr_needs_gc_run : 2 : 3 : 1948.117327493817 : 134 : 3 : 3 : 2 : 0 : 5 : 2 : 1.0 ：0
nft_rhash_delete : 2 : 2 : 3014.0217391304345 : 607 : 1 : 3 : 0 : 0 : 3 : 2 : 1.0 ：0
nft_rhash_flush : 3 : 3 : 1374.031944152318 : 1427 : 2 : 3 : 1 : 0 : 3 : 2 : 1.0 ：0
nft_rhash_deactivate : 0 : 3 : 3595.430114762385 : 1427 : 1 : 9 : 0 : 0 : 3 : 2 : 0.8 ：0
nft_rhash_insert : 4 : 3 : 4705.219423346437 : 1427 : 1 : 5 : 0 : 0 : 3 : 2 : 1.0 ：0
nft_rhash_activate : 3 : 1 : 720.6609026557043 : 1427 : 1 : 2 : 0 : 0 : 1 : 1 : 1.0 ：0
nft_rhash_update : 6 : 8 : 10010.888395808908 : 1427 : 1 : 5 : 0 : 0 : 6 : 2 : 0.8 ：0
nft_rhash_get : 0 : 2 : 2820.4893991891877 : 1266 : 1 : 4 : 0 : 0 : 3 : 2 : 1.0 ：0
nft_rhash_lookup : 4 : 2 : 2626.624807470569 : 1427 : 1 : 3 : 0 : 0 : 2 : 2 : 1.0 ：0
nft_rhash_cmp : 2 : 4 : 3116.576512582211 : 607 : 1 : 4 : 0 : 0 : 2 : 1 : 1.0 ：0
nft_rhash_remove : 3 : 1 : 896.0327542468672 : 1427 : 1 : 2 : 0 : 0 : 2 : 1 : 1.0 ：0
