blk_mq_sched_free_rqs : 1 : 3 : 2337.2255035125027 : 0 : 2 : 3 : 1 : 0 : 1 : 3 : 1.0 ：0
blk_mq_do_dispatch_ctx : 1 : 10 : 14761.119116867148 : 0 : 0 : 0 : 0 : 0 : 6 : 3 : 0.6 ：0
blk_mq_exit_sched : 2 : 4 : 8264.125114805536 : 0 : 2 : 11 : 1 : 0 : 1 : 3 : 0.8 ：0
blk_mq_init_sched : 2 : 9 : 20011.408840012537 : 0 : 1 : 36 : 0 : 0 : 8 : 4 : 0.3999999999999999 ：0
blk_mq_sched_tags_teardown : 2 : 4 : 2265.4299716063233 : 0 : 3 : 5 : 3 : 0 : 1 : 3 : 1.0 ：1
blk_mq_dispatch_hctx_list : 1 : 3 : 4291.024823706441 : 0 : 0 : 0 : 0 : 0 : 2 : 3 : 1.0 ：0
blk_mq_init_sched_shared_tags : 1 : 3 : 2078.211705017176 : 0 : 2 : 2 : 1 : 0 : 1 : 1 : 1.0 ：0
blk_mq_next_ctx : 0 : 2 : 1200.3303440165394 : 0 : 0 : 0 : 1 : 0 : 0 : 1 : 1.0 ：0
blk_mq_do_dispatch_sched : 1 : 6 : 1621.6668954746985 : 0 : 0 : 0 : 0 : 0 : 2 : 3 : 1.0 ：0
sched_rq_cmp : 3 : 1 : 1605.7166000816753 : 0 : 0 : 0 : 0 : 0 : 2 : 1 : 1.0 ：0
__blk_mq_sched_dispatch_requests : 1 : 15 : 21034.726709157992 : 0 : 0 : 0 : 0 : 0 : 1 : 2 : 0.6 ：0
__blk_mq_sched_restart : 1 : 1 : 2799.348058434374 : 0 : 0 : 0 : 0 : 0 : 0 : 1 : 1.0 ：0
blk_mq_sched_bio_merge : 3 : 10 : 12695.136162298011 : 0 : 1 : 6 : 0 : 0 : 8 : 2 : 0.8 ：0
blk_mq_sched_mark_restart_hctx : 1 : 2 : 456.8825906469125 : 0 : 0 : 0 : 0 : 0 : 0 : 1 : 1.0 ：0
blk_mq_sched_alloc_map_and_rqs : 3 : 3 : 1855.1235533531158 : 0 : 2 : 2 : 1 : 0 : 0 : 2 : 1.0 ：0
blk_mq_sched_dispatch_requests : 1 : 5 : 4849.270412249701 : 0 : 1 : 4 : 0 : 0 : 1 : 2 : 1.0 ：0
__blk_mq_do_dispatch_sched : 1 : 22 : 37410.79997341793 : 0 : 0 : 0 : 0 : 0 : 7 : 3 : 0.6 ：0
