cfg80211_init_wdev : 1 : 6 : 8788.271828146355 : 848 : 2 : 4 : 1 : 0 : 0 : 1 : 0.8 ：0
cfg80211_stop_iface : 3 : 2 : 3199.9067298375826 : 2458 : 1 : 7 : 0 : 0 : 2 : 1 : 0.8 ：0
cfg80211_dev_free : 1 : 1 : 3140.4099811894516 : 5025 : 1 : 6 : 0 : 0 : 0 : 2 : 1.0 ：0
cfg80211_pernet_exit : 1 : 2 : 1067.150022042849 : 4202 : 1 : 17 : 0 : 0 : 1 : 2 : 0.8 ：0
cfg80211_exit : 1 : 1 : 340.0 : 5025 : 1 : 7 : 0 : 0 : 0 : 1 : 1.0 ：0
cfg80211_register_netdevice : 1 : 7 : 8311.888653692919 : 5 : 1 : 13 : 0 : 0 : 6 : 2 : 0.8 ：0
cfg80211_init : 1 : 13 : 6078.093320899213 : 848 : 1 : 13 : 0 : 0 : 8 : 2 : 0.8 ：0
cfg80211_update_iface_num : 3 : 2 : 692.0260094628095 : 3134 : 2 : 1 : 1 : 0 : 0 : 1 : 1.0 ：0
wiphy_rfkill_start_polling : 1 : 2 : 803.3846033957254 : 4256 : 1 : 4 : 0 : 0 : 1 : 1 : 1.0 ：0
_cfg80211_unregister_wdev : 2 : 8 : 14974.486438990467 : 848 : 0 : 0 : 0 : 0 : 1 : 2 : 0.3999999999999999 ：0
wiphy_unregister : 1 : 4 : 18962.859888128514 : 2680 : 2 : 21 : 1 : 0 : 2 : 2 : 0.6 ：0
wiphy_register : 1 : 108 : 327683.00428183225 : 5025 : 1 : 47 : 0 : 0 : 15 : 5 : 0.3999999999999999 ：0
cfg80211_netdev_notifier_call : 3 : 28 : 58408.1942797854 : 5025 : 1 : 34 : 0 : 0 : 7 : 4 : 0.3999999999999999 ：0
wiphy_rfkill_set_hw_state : 2 : 2 : 689.5439824115746 : 4256 : 1 : 3 : 0 : 0 : 1 : 1 : 1.0 ：0
cfg80211_register_wdev : 2 : 4 : 6259.971797204573 : 5 : 2 : 4 : 2 : 0 : 0 : 1 : 1.0 ：0
__cfg80211_leave : 2 : 17 : 13205.846789778487 : 2276 : 0 : 0 : 0 : 0 : 1 : 3 : 0.8 ：0
wiphy_verify_combinations : 1 : 24 : 58613.18157908548 : 3544 : 2 : 2 : 1 : 0 : 4 : 4 : 0.6 ：0
wiphy_new_nm : 0 : 32 : 95770.48741630449 : 2284 : 1 : 101 : 0 : 0 : 11 : 3 : 0.3999999999999999 ：0
cfg80211_propagate_cac_done_wk : 1 : 1 : 1166.9989512772372 : 1423 : 2 : 4 : 1 : 0 : 1 : 1 : 0.8 ：0
cfg80211_destroy_iface_wk : 1 : 1 : 755.726463093396 : 2485 : 2 : 7 : 1 : 0 : 1 : 1 : 0.8 ：1
cfg80211_destroy_ifaces : 1 : 2 : 1040.9587521219062 : 2485 : 3 : 3 : 2 : 0 : 0 : 2 : 1.0 ：1
cfg80211_propagate_radar_detect_wk : 1 : 1 : 1166.9989512772372 : 1423 : 2 : 4 : 1 : 0 : 1 : 1 : 0.8 ：0
cfg80211_event_work : 1 : 1 : 1234.87252815805 : 4219 : 2 : 4 : 1 : 0 : 1 : 1 : 0.8 ：0
cfg80211_sched_scan_stop_wk : 1 : 2 : 2130.1896009692337 : 2232 : 2 : 5 : 1 : 0 : 1 : 2 : 0.8 ：0
cfg80211_rfkill_block_work : 1 : 1 : 624.0 : 504 : 2 : 21 : 1 : 0 : 1 : 1 : 1.0 ：0
cfg80211_rfkill_set_block : 2 : 2 : 734.7277761308517 : 4256 : 3 : 19 : 3 : 0 : 1 : 1 : 0.8 ：0
cfg80211_shutdown_all_interfaces : 1 : 4 : 4411.488300260714 : 2455 : 4 : 16 : 4 : 0 : 2 : 3 : 0.8 ：0
cfg80211_stop_nan : 2 : 3 : 1370.9037877156256 : 1580 : 5 : 4 : 5 : 0 : 0 : 1 : 1.0 ：0
cfg80211_switch_netns : 2 : 8 : 25630.694729959323 : 4202 : 2 : 10 : 1 : 0 : 3 : 3 : 0.6 ：0
cfg80211_stop_p2p_device : 2 : 8 : 4475.147067156423 : 2866 : 5 : 4 : 5 : 0 : 0 : 2 : 0.8 ：0
cfg80211_dev_rename : 2 : 5 : 7951.28046563751 : 4858 : 1 : 14 : 0 : 0 : 3 : 1 : 0.8 ：0
cfg80211_dev_check_name : 2 : 8 : 11484.827532114003 : 2284 : 2 : 6 : 2 : 0 : 1 : 2 : 0.8 ：0
wiphy_idx_to_wiphy : 0 : 2 : 700.5474002423084 : 4352 : 1 : 4 : 0 : 0 : 2 : 1 : 1.0 ：0
cfg80211_rdev_by_wiphy_idx : 0 : 2 : 1349.1495812384992 : 3143 : 2 : 2 : 1 : 0 : 2 : 3 : 1.0 ：0
