qrtr_proto_init : 1 : 6 : 2149.073447823525 : 0 : 1 : 5 : 0 : 0 : 5 : 1 : 1.0 ：0
qrtr_sendmsg : 3 : 23 : 48537.11305360752 : 0 : 1 : 103 : 0 : 0 : 13 : 3 : 0.3999999999999999 ：0
qrtr_create : 4 : 3 : 4163.839868019681 : 0 : 1 : 7 : 0 : 0 : 2 : 1 : 1.0 ：0
qrtr_ioctl : 3 : 17 : 15357.360550069683 : 0 : 1 : 11 : 0 : 0 : 8 : 3 : 0.6 ：0
qrtr_recvmsg : 4 : 8 : 15617.49087548363 : 0 : 1 : 49 : 0 : 0 : 6 : 2 : 0.6 ：0
qrtr_getname : 3 : 3 : 4489.826040861483 : 0 : 1 : 7 : 0 : 0 : 3 : 3 : 1.0 ：0
qrtr_local_enqueue : 5 : 6 : 7027.121136575821 : 0 : 4 : 9 : 6 : 0 : 2 : 2 : 0.8 ：0
__qrtr_bind : 3 : 7 : 6938.207545913837 : 0 : 0 : 0 : 0 : 0 : 5 : 1 : 0.8 ：0
qrtr_send_resume_tx : 1 : 3 : 7549.530234012589 : 0 : 2 : 40 : 1 : 0 : 7 : 2 : 1.0 ：0
qrtr_reset_ports : 1 : 1 : 1925.7294383762046 : 0 : 0 : 0 : 0 : 0 : 1 : 2 : 0.8 ：0
qrtr_port_assign : 2 : 10 : 6165.272117535084 : 0 : 0 : 0 : 0 : 0 : 2 : 2 : 0.8 ：0
qrtr_connect : 4 : 4 : 5422.822676552667 : 0 : 1 : 9 : 0 : 0 : 4 : 2 : 1.0 ：0
qrtr_port_lookup : 0 : 3 : 1496.168116965857 : 0 : 5 : 4 : 8 : 0 : 2 : 1 : 0.6 ：0
qrtr_bind : 3 : 4 : 4222.105417844556 : 0 : 1 : 8 : 0 : 0 : 4 : 1 : 1.0 ：0
qrtr_endpoint_register : 2 : 4 : 5321.241394488023 : 0 : 1 : 12 : 0 : 0 : 1 : 1 : 0.8 ：0
qrtr_release : 1 : 4 : 5154.7402407194195 : 0 : 1 : 61 : 0 : 0 : 2 : 1 : 1.0 ：0
qrtr_alloc_ctrl_packet : 0 : 2 : 1847.6875539104612 : 0 : 3 : 3 : 5 : 0 : 4 : 1 : 1.0 ：0
qrtr_autobind : 1 : 2 : 2026.7707977971784 : 0 : 2 : 1 : 2 : 0 : 2 : 1 : 1.0 ：0
qrtr_port_remove : 1 : 5 : 9926.426257536628 : 0 : 2 : 49 : 1 : 0 : 4 : 2 : 1.0 ：0
qrtr_bcast_enqueue : 5 : 2 : 2637.3407369041756 : 0 : 3 : 40 : 3 : 0 : 1 : 2 : 0.8 ：0
qrtr_endpoint_post : 3 : 32 : 65816.88560308078 : 0 : 1 : 27 : 0 : 0 : 17 : 3 : 0.6 ：1
qrtr_node_assign : 2 : 3 : 1719.0854651614104 : 0 : 2 : 3 : 2 : 0 : 0 : 1 : 0.8 ：0
qrtr_node_lookup : 0 : 1 : 1475.107260281383 : 0 : 3 : 7 : 3 : 0 : 2 : 1 : 0.8 ：0
qrtr_node_enqueue : 5 : 8 : 23430.35140753812 : 0 : 4 : 24 : 7 : 0 : 4 : 2 : 0.3999999999999999 ：0
qrtr_tx_wait : 4 : 14 : 18286.248393367572 : 0 : 5 : 10 : 8 : 0 : 4 : 4 : 0.3999999999999999 ：0
qrtr_endpoint_unregister : 1 : 4 : 14263.036521437029 : 0 : 1 : 23 : 0 : 0 : 7 : 3 : 0.8 ：0
__qrtr_node_release : 1 : 3 : 8672.209650760973 : 0 : 0 : 0 : 0 : 0 : 3 : 2 : 0.8 ：0
qrtr_tx_flow_failed : 3 : 2 : 2172.640272846026 : 0 : 5 : 5 : 8 : 0 : 1 : 2 : 0.6 ：0
qrtr_tx_resume : 2 : 2 : 5068.913890369285 : 0 : 2 : 8 : 1 : 0 : 4 : 2 : 0.8 ：0
