nsim_bpf_init : 1 : 2 : 9035.639253831076 : 0 : 1 : 3 : 0 : 0 : 3 : 1 : 1.0 ：0
nsim_bpf_uninit : 1 : 1 : 1008.3636821669592 : 0 : 1 : 2 : 0 : 0 : 0 : 1 : 1.0 ：0
nsim_bpf_map_alloc : 2 : 11 : 22304.193695497415 : 0 : 2 : 9 : 1 : 0 : 4 : 3 : 0.6 ：0
nsim_map_delete_elem : 2 : 3 : 6878.895409919084 : 0 : 1 : 8 : 0 : 0 : 2 : 2 : 0.8 ：0
nsim_map_lookup_elem : 3 : 2 : 3252.857142857143 : 0 : 1 : 7 : 0 : 0 : 2 : 1 : 0.8 ：0
nsim_bpf_dev_init : 1 : 3 : 5175.0 : 0 : 1 : 8 : 0 : 0 : 2 : 1 : 1.0 ：0
nsim_bpf : 2 : 10 : 8510.457883661453 : 0 : 1 : 35 : 0 : 0 : 4 : 2 : 0.8 ：0
nsim_map_get_next_key : 3 : 6 : 9591.59674764766 : 0 : 1 : 8 : 0 : 0 : 2 : 3 : 0.6 ：0
nsim_map_key_find : 2 : 3 : 2656.263442422745 : 0 : 2 : 3 : 4 : 0 : 2 : 1 : 1.0 ：0
nsim_setup_prog_hw_checks : 2 : 5 : 6132.406241208757 : 0 : 2 : 4 : 1 : 0 : 1 : 2 : 0.8 ：0
nsim_map_update_elem : 4 : 14 : 18815.526430194444 : 0 : 1 : 11 : 0 : 0 : 6 : 3 : 0.6 ：0
nsim_setup_prog_checks : 2 : 4 : 2060.534109875541 : 0 : 2 : 1 : 1 : 0 : 0 : 2 : 1.0 ：0
nsim_map_alloc_elem : 2 : 3 : 8136.071428571428 : 0 : 3 : 2 : 3 : 0 : 1 : 2 : 0.8 ：0
nsim_xdp_set_prog : 3 : 8 : 5219.736875122848 : 0 : 2 : 9 : 1 : 0 : 2 : 2 : 0.8 ：0
nsim_bpf_destroy_prog : 1 : 2 : 1509.7624642061958 : 0 : 1 : 4 : 0 : 0 : 1 : 1 : 1.0 ：0
nsim_bpf_verifier_prep : 1 : 2 : 1008.0368485277255 : 0 : 1 : 12 : 0 : 0 : 0 : 1 : 1.0 ：0
nsim_bpf_translate : 1 : 1 : 345.59999999999997 : 0 : 1 : 0 : 0 : 0 : 1 : 1 : 1.0 ：0
nsim_xdp_offload_prog : 2 : 6 : 1814.2966319030127 : 0 : 3 : 5 : 2 : 0 : 0 : 2 : 1.0 ：0
nsim_bpf_string_show : 2 : 2 : 767.3386881195472 : 0 : 1 : 1 : 0 : 0 : 1 : 1 : 1.0 ：0
nsim_bpf_offload : 3 : 1 : 1862.6887129889149 : 0 : 4 : 2 : 4 : 0 : 0 : 1 : 1.0 ：0
nsim_bpf_create_prog : 2 : 3 : 14535.529411764704 : 0 : 2 : 10 : 1 : 0 : 3 : 2 : 1.0 ：0
nsim_bpf_setup_tc_block_cb : 3 : 13 : 20683.709585323133 : 0 : 1 : 6 : 0 : 0 : 4 : 3 : 0.6 ：0
nsim_prog_set_loaded : 2 : 3 : 892.8371282801426 : 0 : 5 : 0 : 5 : 0 : 1 : 1 : 1.0 ：1
nsim_bpf_map_free : 1 : 2 : 3825.630390880745 : 0 : 2 : 4 : 1 : 0 : 1 : 2 : 0.8 ：0
nsim_bpf_verify_insn : 3 : 4 : 2042.9304058104424 : 0 : 1 : 2 : 0 : 0 : 1 : 1 : 1.0 ：0
