inode_go_inval : 2 : 6 : 6736.548096940457 : 6178 : 1 : 16 : 0 : 0 : 2 : 3 : 0.8 ：0
inode_go_sync : 1 : 8 : 13219.829192715197 : 5439 : 1 : 34 : 0 : 0 : 7 : 2 : 0.8 ：0
gfs2_glock2rgrp : 0 : 1 : 945.3569593554452 : 751 : 3 : 2 : 4 : 0 : 2 : 1 : 0.8 ：0
nondisk_go_callback : 2 : 10 : 20303.283087736178 : 1023 : 1 : 5 : 0 : 0 : 1 : 2 : 0.6 ：0
gfs2_inode_refresh : 1 : 2 : 1630.6478432066149 : 4239 : 2 : 19 : 1 : 0 : 4 : 1 : 1.0 ：0
inode_go_held : 1 : 6 : 3539.8981360829907 : 170 : 1 : 2 : 0 : 0 : 4 : 1 : 1.0 ：0
freeze_go_sync : 1 : 10 : 16469.61262217891 : 3138 : 1 : 8 : 0 : 0 : 2 : 4 : 0.6 ：0
gfs2_dinode_in : 2 : 15 : 43457.42404107942 : 4239 : 3 : 16 : 2 : 0 : 8 : 3 : 0.6 ：1
inode_go_demote_ok : 1 : 3 : 968.3337229040989 : 6178 : 1 : 0 : 0 : 0 : 1 : 1 : 1.0 ：1
inode_go_free : 1 : 2 : 1651.0246130925464 : 1023 : 1 : 3 : 0 : 0 : 0 : 1 : 1.0 ：0
inode_go_instantiate : 1 : 2 : 920.7331918476374 : 417 : 1 : 20 : 0 : 0 : 1 : 1 : 1.0 ：0
gfs2_inode_metasync : 1 : 2 : 1089.2737190185287 : 777 : 2 : 4 : 1 : 0 : 3 : 1 : 1.0 ：0
iopen_go_callback : 2 : 7 : 3323.775394980338 : 4887 : 1 : 2 : 0 : 0 : 2 : 2 : 1.0 ：0
inode_go_dump : 3 : 2 : 7437.716584622187 : 339 : 1 : 5 : 0 : 0 : 2 : 1 : 0.8 ：0
freeze_go_xmote_bh : 1 : 4 : 6363.33782333057 : 3138 : 1 : 5 : 0 : 0 : 6 : 2 : 1.0 ：0
gfs2_clear_glop_pending : 1 : 2 : 544.4517538542374 : 1990 : 2 : 2 : 2 : 0 : 0 : 1 : 1.0 ：0
gfs2_rgrp_go_dump : 3 : 2 : 550.4301001903852 : 792 : 1 : 1 : 0 : 0 : 1 : 1 : 1.0 ：0
gfs2_glock2inode : 0 : 2 : 1551.5513102440393 : 1990 : 2 : 3 : 2 : 0 : 2 : 1 : 0.8 ：0
rgrp_go_sync : 1 : 3 : 3223.4482383992813 : 5015 : 1 : 28 : 0 : 0 : 4 : 1 : 1.0 ：0
rgrp_go_inval : 2 : 1 : 3981.8709092387303 : 5015 : 1 : 7 : 0 : 0 : 6 : 1 : 1.0 ：0
gfs2_rgrp_metasync : 1 : 3 : 6041.395889437358 : 777 : 2 : 10 : 1 : 0 : 8 : 1 : 1.0 ：0
gfs2_ail_flush : 2 : 3 : 2589.6658310256457 : 4258 : 1 : 4 : 0 : 0 : 2 : 1 : 1.0 ：0
__gfs2_ail_flush : 3 : 5 : 6472.642488428189 : 4258 : 0 : 0 : 0 : 0 : 3 : 3 : 0.8 ：0
gfs2_ail_error : 2 : 1 : 4716.948918502624 : 4074 : 0 : 0 : 0 : 0 : 1 : 1 : 0.8 ：0
gfs2_ail_empty_gl : 1 : 11 : 15123.65179653622 : 5918 : 2 : 9 : 2 : 0 : 7 : 2 : 0.6 ：0
