copy_to_dinode : 2 : 8 : 36951.55179335282 : 6681 : 8 : 13 : 10 : 0 : 2 : 1 : 0.6 ：0
copy_from_dinode : 2 : 15 : 57971.00879004935 : 6681 : 8 : 18 : 9 : 0 : 2 : 3 : 0.3999999999999999 ：0
