ntfs_init_fs_context : 1 : 8 : 12335.933662130803 : 755 : 1 : 8 : 0 : 0 : 5 : 1 : 0.6 ：0
ntfs_init_from_boot : 4 : 50 : 291736.67082185025 : 765 : 3 : 20 : 2 : 0 : 24 : 2 : 0.3999999999999999 ：0
ntfs_sync_fs : 2 : 11 : 12641.882212377204 : 765 : 1 : 2 : 0 : 0 : 5 : 2 : 0.8 ：0
true_sectors_per_clst : 1 : 3 : 1605.21827126366 : 782 : 4 : 0 : 3 : 0 : 0 : 1 : 1.0 ：0
ntfs_unmap_meta : 3 : 6 : 6677.594293589461 : 782 : 1 : 3 : 0 : 0 : 3 : 3 : 0.8 ：0
init_ntfs_fs : 1 : 9 : 8815.276611954305 : 782 : 1 : 11 : 0 : 0 : 5 : 2 : 0.8 ：0
ntfs3_kill_sb : 1 : 2 : 850.6647002942316 : 55 : 1 : 13 : 0 : 0 : 1 : 1 : 1.0 ：0
ntfs_put_super : 1 : 3 : 3672.13038547228 : 782 : 1 : 7 : 0 : 0 : 1 : 2 : 1.0 ：0
ntfs_export_get_inode : 0 : 3 : 3502.1480509970193 : 782 : 2 : 7 : 2 : 0 : 3 : 2 : 1.0 ：0
ntfs_discard : 3 : 6 : 14518.152316937656 : 782 : 1 : 1 : 0 : 0 : 3 : 1 : 0.6 ：0
format_size_gb : 2 : 2 : 2333.0346522458144 : 765 : 4 : 0 : 3 : 0 : 2 : 1 : 1.0 ：0
ntfs_fs_free : 1 : 3 : 1296.5784284662088 : 55 : 1 : 17 : 0 : 0 : 2 : 2 : 1.0 ：0
ntfs_fill_super : 2 : 110 : 635896.9921642836 : 765 : 2 : 96 : 1 : 0 : 55 : 3 : 0.3999999999999999 ：0
exit_ntfs_fs : 1 : 2 : 561.8883839482994 : 782 : 1 : 5 : 0 : 0 : 0 : 1 : 1.0 ：0
ntfs_statfs : 2 : 1 : 5335.827008790397 : 782 : 1 : 1 : 0 : 0 : 3 : 1 : 0.8 ：0
ntfs_show_options : 2 : 15 : 22274.480808192922 : 782 : 1 : 5 : 0 : 0 : 4 : 1 : 0.6 ：0
ntfs3_put_sbi : 1 : 6 : 11140.243806048155 : 9 : 3 : 4 : 4 : 0 : 0 : 1 : 0.8 ：0
ntfs3_free_sbi : 1 : 1 : 1460.844419926647 : 55 : 2 : 8 : 2 : 0 : 0 : 1 : 0.8 ：0
ntfs_free_inode : 1 : 1 : 596.2992752062506 : 369 : 1 : 3 : 0 : 0 : 1 : 1 : 1.0 ：0
ntfs_alloc_inode : 0 : 2 : 1567.3014640489696 : 782 : 1 : 4 : 0 : 0 : 2 : 1 : 1.0 ：0
ntfs_fs_reconfigure : 1 : 9 : 12515.929440095853 : 755 : 1 : 11 : 0 : 0 : 4 : 2 : 0.8 ：0
ntfs3_label_show : 2 : 1 : 966.5025694968646 : 94 : 2 : 1 : 1 : 0 : 2 : 1 : 1.0 ：0
ntfs3_label_write : 4 : 8 : 9624.260028879004 : 94 : 1 : 7 : 0 : 0 : 8 : 2 : 0.8 ：0
ntfs3_volinfo : 2 : 1 : 2287.0021838641387 : 94 : 2 : 1 : 1 : 0 : 2 : 1 : 1.0 ：0
ntfs_load_nls : 0 : 5 : 2899.5302854560596 : 755 : 3 : 4 : 3 : 0 : 3 : 1 : 0.8 ：0
ntfs_set_shared : 0 : 8 : 14341.371954000975 : 782 : 3 : 4 : 2 : 0 : 2 : 3 : 0.8 ：0
ntfs_put_shared : 0 : 5 : 4221.585484765859 : 782 : 3 : 3 : 3 : 0 : 3 : 3 : 0.8 ：0
ntfs_fs_parse_param : 2 : 32 : 53479.06260354216 : 755 : 1 : 8 : 0 : 0 : 4 : 2 : 0.3999999999999999 ：0
ntfs_inode_printk : 2 : 8 : 17703.602216258874 : 765 : 1 : 15 : 0 : 0 : 8 : 3 : 0.6 ：0
ntfs_printk : 2 : 3 : 3957.7541530795256 : 765 : 1 : 5 : 0 : 0 : 4 : 1 : 1.0 ：0
