fb_set_user_cmap : 2 : 10 : 11515.048751006643 : 0 : 1 : 18 : 0 : 0 : 4 : 2 : 0.8 ：0
fb_default_cmap : 0 : 4 : 652.8 : 0 : 3 : 0 : 3 : 0 : 0 : 1 : 1.0 ：0
fb_set_cmap : 2 : 9 : 16813.04671344974 : 0 : 2 : 3 : 1 : 0 : 1 : 3 : 0.8 ：0
fb_invert_cmaps : 1 : 5 : 19118.900305311883 : 0 : 1 : 1 : 0 : 0 : 1 : 2 : 1.0 ：0
fb_alloc_cmap_gfp : 4 : 14 : 14218.372522971446 : 0 : 2 : 7 : 2 : 0 : 8 : 3 : 0.6 ：1
fb_cmap_to_user : 2 : 11 : 21837.93424606708 : 0 : 1 : 2 : 0 : 0 : 1 : 1 : 0.8 ：0
fb_dealloc_cmap : 1 : 1 : 2015.9999999999998 : 0 : 3 : 1 : 4 : 0 : 0 : 1 : 0.8 ：0
fb_copy_cmap : 2 : 7 : 17567.65082437444 : 0 : 3 : 2 : 5 : 0 : 1 : 1 : 0.8 ：0
