mfill_atomic_continue : 4 : 1 : 2858.902372353634 : 343 : 1 : 173 : 0 : 0 : 0 : 1 : 1.0 ：0
move_present_pte : 12 : 10 : 11530.713675627718 : 76 : 3 : 15 : 2 : 0 : 5 : 2 : 0.8 ：0
uffd_wp_range : 4 : 6 : 6869.548240050349 : 572 : 2 : 5 : 1 : 0 : 3 : 1 : 1.0 ：0
find_vmas_mm_locked : 5 : 7 : 4171.421546848071 : 21 : 3 : 5 : 2 : 0 : 2 : 1 : 0.8 ：0
validate_move_areas : 3 : 14 : 13380.049973403013 : 76 : 2 : 3 : 1 : 0 : 0 : 1 : 0.8 ：0
move_swap_pte : 9 : 4 : 2944.3991479039873 : 76 : 3 : 7 : 2 : 0 : 0 : 2 : 0.8 ：0
uffd_move_lock : 5 : 8 : 16560.402556830737 : 21 : 2 : 15 : 1 : 0 : 3 : 2 : 0.3999999999999999 ：1
move_pages_pte : 8 : 51 : 128509.72237561428 : 76 : 2 : 71 : 1 : 0 : 26 : 4 : 0.3999999999999999 ：0
mwriteprotect_range : 4 : 8 : 19407.077180679713 : 1437 : 1 : 19 : 0 : 0 : 5 : 3 : 0.3999999999999999 ：0
move_zeropage_pte : 11 : 3 : 2826.8048626718924 : 21 : 3 : 9 : 2 : 0 : 1 : 2 : 0.8 ：0
mfill_atomic : 5 : 35 : 70719.11027526658 : 209 : 2 : 170 : 4 : 0 : 16 : 4 : 0.3999999999999999 ：0
move_pages : 5 : 48 : 93926.52588369469 : 76 : 1 : 125 : 0 : 0 : 15 : 5 : 0.3999999999999999 ：0
__releases : 0 : 2 : 430.19550008653874 : 76 : 0 : 0 : 0 : 0 : 0 : 1 : 0.8 ：0
mfill_atomic_hugetlb : 6 : 31 : 77068.76412203713 : 343 : 3 : 36 : 5 : 0 : 17 : 4 : 0.3999999999999999 ：0
__acquires : 0 : 3 : 2677.962023564074 : 76 : 0 : 0 : 0 : 0 : 1 : 2 : 0.8 ：0
mfill_atomic_pte : 6 : 8 : 12817.27382719621 : 209 : 3 : 93 : 5 : 0 : 2 : 2 : 0.8 ：0
mm_alloc_pmd : 0 : 3 : 4166.811638038038 : 76 : 3 : 4 : 6 : 0 : 5 : 1 : 0.6 ：0
mfill_atomic_pte_poison : 4 : 7 : 8098.650402009981 : 209 : 4 : 11 : 6 : 0 : 7 : 2 : 0.6 ：0
mfill_atomic_pte_continue : 4 : 12 : 11365.31540215885 : 343 : 4 : 30 : 6 : 0 : 11 : 2 : 0.3999999999999999 ：0
mfill_atomic_pte_zeropage : 3 : 7 : 7463.294328953351 : 343 : 4 : 13 : 6 : 0 : 6 : 2 : 0.6 ：0
mfill_file_over_size : 2 : 2 : 1939.5355617605996 : 209 : 6 : 3 : 29 : 0 : 2 : 1 : 0.8 ：0
mfill_atomic_install_pte : 6 : 13 : 21786.939345266568 : 987 : 5 : 22 : 14 : 0 : 11 : 2 : 0.19999999999999996 ：0
mfill_atomic_pte_copy : 6 : 12 : 27110.748407473413 : 343 : 4 : 33 : 6 : 0 : 9 : 3 : 0.19999999999999996 ：0
find_vma_and_prepare_anon : 0 : 5 : 2049.2534688825117 : 21 : 5 : 0 : 15 : 0 : 2 : 1 : 0.8 ：0
uffd_mfill_lock : 0 : 3 : 1581.8120627487988 : 21 : 4 : 8 : 11 : 0 : 2 : 1 : 0.8 ：0
validate_dst_vma : 2 : 3 : 2362.8191086283696 : 21 : 5 : 0 : 12 : 0 : 3 : 1 : 0.8 ：0
lock_vma : 0 : 7 : 8747.800970487106 : 21 : 5 : 0 : 14 : 0 : 3 : 2 : 0.6 ：0
