hfsplus_cat_write_inode : 1 : 11 : 53502.65390659358 : 6555 : 1 : 20 : 0 : 0 : 7 : 3 : 0.6 ：1
hfsplus_cat_read_inode : 2 : 9 : 42276.97994398111 : 3351 : 1 : 33 : 0 : 1 : 5 : 3 : 0.6 ：1
hfsplus_file_open : 2 : 4 : 1121.6956998079015 : 6555 : 1 : 4 : 0 : 0 : 0 : 1 : 1.0 ：0
hfsplus_direct_IO : 2 : 5 : 6125.7922954021315 : 6555 : 1 : 8 : 0 : 0 : 8 : 2 : 0.8 ：0
hfsplus_setattr : 3 : 6 : 6924.532072875703 : 4614 : 1 : 10 : 0 : 0 : 4 : 3 : 0.8 ：0
hfsplus_new_inode : 0 : 7 : 25157.286717069557 : 6555 : 1 : 18 : 0 : 0 : 5 : 2 : 0.3999999999999999 ：0
hfsplus_inode_read_fork : 2 : 3 : 15226.785308478564 : 6555 : 2 : 8 : 1 : 0 : 5 : 2 : 0.8 ：0
hfsplus_file_fsync : 4 : 11 : 17568.78537295445 : 4614 : 1 : 11 : 0 : 0 : 6 : 3 : 0.3999999999999999 ：0
hfsplus_getattr : 5 : 5 : 4580.85810308791 : 1544 : 1 : 4 : 0 : 0 : 2 : 2 : 0.8 ：0
hfsplus_release_folio : 2 : 16 : 22373.643913383712 : 323 : 1 : 9 : 0 : 0 : 9 : 4 : 0.3999999999999999 ：0
hfsplus_delete_inode : 1 : 6 : 4240.0870412548065 : 6555 : 2 : 6 : 1 : 0 : 1 : 3 : 0.8 ：0
hfsplus_fileattr_get : 2 : 4 : 2569.8913043478265 : 716 : 1 : 3 : 0 : 0 : 2 : 1 : 1.0 ：1
hfsplus_inode_write_fork : 2 : 1 : 1113.5837813397136 : 6555 : 2 : 4 : 1 : 0 : 0 : 1 : 0.8 ：0
hfsplus_fileattr_set : 3 : 6 : 7359.083149081764 : 716 : 1 : 6 : 0 : 0 : 2 : 1 : 0.8 ：0
hfsplus_get_perms : 3 : 12 : 11753.692772763681 : 6555 : 2 : 9 : 1 : 0 : 2 : 2 : 0.8 ：0
hfsplus_file_release : 2 : 4 : 3198.7764209381794 : 6555 : 1 : 15 : 0 : 0 : 1 : 3 : 0.8 ：0
hfsplus_write_begin : 6 : 2 : 1979.027776247047 : 5643 : 1 : 6 : 0 : 0 : 2 : 1 : 1.0 ：0
hfsplus_write_failed : 2 : 2 : 1063.3308753677895 : 3750 : 2 : 2 : 2 : 0 : 1 : 2 : 1.0 ：0
