ext4_generic_write_checks : 2 : 6 : 6123.913994658706 : 1014 : 5 : 8 : 10 : 0 : 4 : 2 : 0.6 ：0
ext4_overwrite_io : 3 : 3 : 6683.707039653533 : 2062 : 4 : 3 : 3 : 0 : 3 : 1 : 0.8 ：0
ext4_extending_io : 3 : 3 : 540.7713338974198 : 1014 : 4 : 2 : 3 : 0 : 2 : 1 : 1.0 ：0
ext4_dax_write_iter : 2 : 12 : 14036.124352920966 : 2141 : 2 : 40 : 1 : 0 : 10 : 3 : 0.6 ：0
ext4_handle_inode_extension : 4 : 24 : 42780.219658716436 : 1062 : 3 : 15 : 4 : 0 : 9 : 4 : 0.3999999999999999 ：0
ext4_dio_write_end_io : 4 : 8 : 11872.857491404047 : 1062 : 1 : 4 : 0 : 0 : 4 : 2 : 0.8 ：0
ext4_dio_write_iter : 2 : 35 : 71262.96861898585 : 528 : 2 : 84 : 1 : 0 : 16 : 3 : 0.3999999999999999 ：1
ext4_dax_huge_fault : 2 : 13 : 21040.824093463176 : 2045 : 2 : 13 : 1 : 0 : 11 : 3 : 0.3999999999999999 ：0
ext4_llseek : 3 : 5 : 6847.998021591628 : 2726 : 1 : 9 : 0 : 0 : 3 : 2 : 0.8 ：0
ext4_file_open : 2 : 9 : 7881.511208461514 : 2726 : 1 : 28 : 0 : 0 : 5 : 2 : 0.8 ：0
ext4_write_checks : 2 : 3 : 1495.270484732142 : 1014 : 4 : 10 : 6 : 0 : 3 : 1 : 0.8 ：0
ext4_file_mmap : 2 : 7 : 5678.579985284221 : 2726 : 1 : 7 : 0 : 0 : 3 : 2 : 0.8 ：0
ext4_sample_last_mounted : 2 : 11 : 20564.87671027413 : 1602 : 2 : 20 : 1 : 0 : 8 : 1 : 0.6 ：0
ext4_dio_write_checks : 4 : 15 : 11506.413390742004 : 1014 : 3 : 22 : 2 : 0 : 11 : 3 : 0.6 ：0
ext4_buffered_write_iter : 2 : 5 : 5518.161713221777 : 1062 : 3 : 18 : 3 : 0 : 4 : 2 : 0.8 ：0
ext4_file_write_iter : 2 : 4 : 2714.6739130434785 : 2726 : 1 : 150 : 0 : 0 : 1 : 1 : 1.0 ：0
ext4_unaligned_io : 3 : 2 : 830.430753936186 : 1014 : 3 : 1 : 2 : 0 : 3 : 1 : 0.8 ：0
ext4_file_read_iter : 2 : 5 : 3847.617260688797 : 2141 : 1 : 30 : 0 : 0 : 1 : 1 : 0.8 ：0
ext4_release_file : 2 : 8 : 5368.726034054103 : 2726 : 1 : 10 : 0 : 0 : 0 : 2 : 0.6 ：0
ext4_dio_read_iter : 2 : 5 : 8905.019297350065 : 1062 : 2 : 13 : 1 : 0 : 3 : 2 : 0.6 ：0
ext4_dio_supported : 2 : 5 : 2487.7975200472124 : 1062 : 3 : 5 : 4 : 0 : 6 : 1 : 0.8 ：1
ext4_dax_read_iter : 2 : 5 : 5646.149816063557 : 2141 : 2 : 8 : 1 : 0 : 3 : 2 : 0.8 ：0
