do_csum : 2 : 8 : 75056.59827967852 : 0 : 1 : 4 : 0 : 0 : 2 : 2 : 0.8 ：1
csum_ipv6_magic : 5 : 1 : 8971.808310195274 : 0 : 1 : 3 : 0 : 0 : 1 : 1 : 1.0 ：0
