rxrpc_incoming_call : 3 : 6 : 25263.701438560256 : 2400 : 1 : 11 : 0 : 0 : 3 : 2 : 0.6 ：0
rxrpc_release_calls_on_socket : 1 : 3 : 6361.3007151506945 : 2400 : 1 : 93 : 0 : 0 : 1 : 2 : 1.0 ：0
rxrpc_put_call_slot : 1 : 2 : 666.5591829978555 : 852 : 3 : 2 : 2 : 0 : 1 : 1 : 1.0 ：1
rxrpc_put_call : 2 : 3 : 4469.062685241475 : 38 : 3 : 35 : 6 : 0 : 3 : 3 : 0.6 ：0
rxrpc_try_get_call : 0 : 3 : 975.7702089988508 : 38 : 1 : 1 : 0 : 0 : 3 : 1 : 1.0 ：0
rxrpc_rcu_free_call : 1 : 2 : 1814.5945675154417 : 38 : 6 : 5 : 12 : 0 : 2 : 1 : 0.8 ：0
rxrpc_cleanup_call : 1 : 2 : 3318.587439587538 : 2313 : 4 : 27 : 7 : 0 : 0 : 1 : 0.8 ：0
rxrpc_see_call : 2 : 2 : 672.1919102325007 : 2 : 2 : 2 : 1 : 0 : 1 : 2 : 1.0 ：0
rxrpc_connect_call : 2 : 5 : 6025.907523141658 : 2 : 2 : 9 : 1 : 0 : 5 : 1 : 0.8 ：0
rxrpc_destroy_call : 1 : 3 : 7944.651985477916 : 38 : 5 : 19 : 11 : 0 : 2 : 2 : 0.8 ：0
rxrpc_alloc_client_call : 0 : 6 : 12378.774129294312 : 2400 : 2 : 94 : 1 : 0 : 4 : 2 : 0.8 ：0
rxrpc_start_call_timer : 1 : 1 : 2090.742900328847 : 2 : 2 : 0 : 1 : 0 : 0 : 1 : 1.0 ：0
rxrpc_get_call_slot : 0 : 3 : 1303.9921265327018 : 852 : 2 : 2 : 1 : 0 : 2 : 2 : 1.0 ：0
rxrpc_get_call : 2 : 1 : 628.8246902175007 : 2 : 6 : 1 : 11 : 0 : 1 : 1 : 0.8 ：0
rxrpc_destroy_all_calls : 1 : 3 : 9634.089446458416 : 2400 : 1 : 14 : 0 : 0 : 1 : 3 : 0.8 ：0
rxrpc_release_call : 2 : 6 : 18419.240946712947 : 2 : 2 : 50 : 1 : 0 : 2 : 2 : 0.6 ：0
rxrpc_alloc_call : 0 : 6 : 19111.222264157535 : 2313 : 3 : 48 : 2 : 0 : 4 : 1 : 0.3999999999999999 ：0
rxrpc_call_timer_expired : 1 : 2 : 1320.469200207693 : 2313 : 4 : 12 : 3 : 0 : 1 : 2 : 1.0 ：0
rxrpc_find_call_by_user_ID : 0 : 6 : 9042.742372276665 : 2400 : 1 : 6 : 0 : 0 : 5 : 2 : 0.8 ：0
rxrpc_poke_call : 2 : 3 : 3388.6702763046223 : 38 : 5 : 9 : 4 : 0 : 2 : 3 : 0.8 ：0
