hci_sock_init : 1 : 6 : 3999.254988960684 : 5973 : 1 : 8 : 0 : 0 : 5 : 2 : 1.0 ：0
hci_sock_bound_ioctl : 3 : 13 : 10141.440174780642 : 5973 : 3 : 20 : 2 : 0 : 1 : 2 : 0.8 ：0
hci_sock_ioctl : 3 : 29 : 25500.42836691793 : 671 : 2 : 60 : 1 : 0 : 5 : 3 : 0.3999999999999999 ：0
hci_logging_frame : 3 : 20 : 51901.06359297654 : 2105 : 2 : 10 : 1 : 0 : 14 : 3 : 0.6 ：0
hci_sock_create : 4 : 3 : 3558.309794281625 : 5973 : 1 : 5 : 0 : 0 : 1 : 1 : 1.0 ：0
hci_sock_setsockopt : 5 : 13 : 58697.27339982046 : 5973 : 1 : 7 : 0 : 0 : 7 : 3 : 0.6 ：0
hci_sock_reject_list_add : 2 : 2 : 1430.5083002250008 : 59 : 4 : 4 : 3 : 0 : 3 : 1 : 0.8 ：0
hci_mgmt_cmd : 4 : 38 : 78465.37329743063 : 2351 : 2 : 24 : 1 : 0 : 18 : 3 : 0.3999999999999999 ：0
hci_sock_recvmsg : 4 : 11 : 16123.163469299925 : 5973 : 1 : 15 : 0 : 0 : 4 : 2 : 0.3999999999999999 ：0
hci_sock_cmsg : 3 : 5 : 7702.50302128853 : 5973 : 2 : 4 : 1 : 0 : 6 : 3 : 1.0 ：0
hci_sock_bind : 3 : 66 : 187149.87341602988 : 5973 : 1 : 76 : 0 : 0 : 21 : 5 : 0.3999999999999999 ：0
hci_sock_getname : 3 : 4 : 5937.726677995781 : 5973 : 1 : 10 : 0 : 0 : 6 : 2 : 1.0 ：0
hci_sock_sendmsg : 3 : 43 : 70593.72615022048 : 5973 : 1 : 64 : 0 : 0 : 21 : 3 : 0.3999999999999999 ：0
hci_sock_getsockopt : 5 : 13 : 27970.61198630004 : 5973 : 1 : 9 : 0 : 0 : 5 : 3 : 0.6 ：0
hci_sock_reject_list_del : 2 : 2 : 1430.5083002250008 : 59 : 4 : 4 : 3 : 0 : 3 : 1 : 0.8 ：0
hci_sock_compat_ioctl : 3 : 5 : 915.9400469664862 : 671 : 1 : 62 : 0 : 0 : 0 : 2 : 1.0 ：0
hci_mgmt_chan_find : 0 : 1 : 503.99999999999994 : 2362 : 2 : 2 : 2 : 0 : 2 : 1 : 0.8 ：0
hci_mgmt_chan_register : 1 : 3 : 1373.5049385402876 : 2362 : 1 : 3 : 0 : 0 : 0 : 2 : 0.8 ：0
hci_sock_release : 1 : 10 : 15703.240900376268 : 5973 : 1 : 27 : 0 : 0 : 3 : 3 : 0.3999999999999999 ：1
__printf : 0 : 3 : 9207.483991217865 : 2057 : 0 : 0 : 0 : 0 : 4 : 1 : 1.0 ：0
send_monitor_replay : 1 : 11 : 10199.528085395314 : 3472 : 2 : 0 : 1 : 0 : 2 : 3 : 0.6 ：0
hci_si_event : 4 : 2 : 6907.862667163796 : 3473 : 2 : 25 : 1 : 0 : 3 : 1 : 1.0 ：0
send_monitor_control_replay : 1 : 3 : 2039.9908376732342 : 1799 : 2 : 19 : 1 : 0 : 2 : 2 : 0.8 ：0
hci_sock_dev_event : 2 : 6 : 10602.27793005773 : 18 : 1 : 43 : 0 : 0 : 3 : 4 : 0.6 ：0
__hci_mgmt_chan_find : 0 : 2 : 917.5523429038144 : 2362 : 0 : 0 : 0 : 0 : 3 : 2 : 1.0 ：0
create_monitor_ctrl_open : 0 : 8 : 26906.08903399473 : 1799 : 3 : 13 : 5 : 0 : 8 : 2 : 0.6 ：0
create_monitor_ctrl_command : 0 : 3 : 6014.423214567387 : 1799 : 3 : 8 : 2 : 0 : 4 : 1 : 1.0 ：0
create_monitor_ctrl_close : 0 : 8 : 9721.007152139902 : 1799 : 2 : 6 : 2 : 0 : 6 : 2 : 0.8 ：0
create_monitor_event : 0 : 13 : 24123.763636363637 : 2134 : 2 : 6 : 1 : 0 : 13 : 2 : 0.3999999999999999 ：0
__hci_send_to_channel : 4 : 7 : 6271.923500705083 : 1394 : 0 : 0 : 0 : 0 : 2 : 2 : 0.8 ：0
hci_send_to_monitor : 2 : 12 : 16396.837793613948 : 3472 : 1 : 10 : 0 : 0 : 3 : 2 : 0.6 ：0
hci_send_monitor_ctrl_event : 7 : 7 : 14774.15247989805 : 1799 : 1 : 15 : 0 : 0 : 4 : 2 : 0.6 ：0
hci_send_to_sock : 2 : 22 : 23994.4265178525 : 3473 : 3 : 18 : 2 : 0 : 3 : 3 : 0.3999999999999999 ：0
is_filtered_packet : 2 : 10 : 11569.807101100267 : 2898 : 4 : 5 : 3 : 0 : 8 : 1 : 0.8 ：0
hci_sock_free_cookie : 1 : 2 : 864.7254721934052 : 1799 : 2 : 2 : 1 : 0 : 1 : 2 : 1.0 ：0
hci_sock_gen_cookie : 1 : 3 : 2169.5140654620104 : 1799 : 3 : 3 : 3 : 0 : 3 : 2 : 1.0 ：0
hci_hdev_from_sock : 0 : 3 : 1449.4647495169909 : 18 : 4 : 3 : 5 : 0 : 2 : 1 : 1.0 ：0
