tcf_em_validate : 5 : 32 : 60736.8250445124 : 6446 : 2 : 12 : 1 : 3 : 15 : 5 : 0.3999999999999999 ：1
tcf_em_register : 1 : 4 : 2641.304347826087 : 6446 : 1 : 4 : 0 : 0 : 4 : 1 : 0.8 ：0
tcf_em_tree_validate : 3 : 25 : 46820.68219021311 : 6446 : 1 : 27 : 0 : 0 : 12 : 2 : 0.6 ：0
tcf_em_tree_dump : 3 : 19 : 27844.811799857755 : 6446 : 1 : 8 : 0 : 0 : 12 : 3 : 0.6 ：0
tcf_em_lookup : 0 : 3 : 2464.8758403876936 : 5630 : 3 : 4 : 2 : 0 : 3 : 3 : 0.8 ：0
tcf_em_tree_destroy : 1 : 7 : 6951.204344563819 : 6446 : 2 : 4 : 1 : 0 : 2 : 3 : 0.8 ：0
__tcf_em_tree_match : 3 : 12 : 14960.769405811314 : 6446 : 0 : 0 : 0 : 0 : 7 : 3 : 0.8 ：0
