ax88172a_reset : 1 : 11 : 38433.232337690584 : 2880 : 1 : 23 : 0 : 0 : 10 : 2 : 0.6 ：0
ax88172a_rx_fixup : 2 : 1 : 795.6276720133552 : 2695 : 1 : 1 : 0 : 0 : 2 : 1 : 1.0 ：0
ax88172a_reset_phy : 2 : 7 : 3624.180076466532 : 2880 : 2 : 2 : 2 : 0 : 5 : 1 : 1.0 ：0
ax88172a_remove_mdio : 1 : 1 : 1331.4731102094238 : 2880 : 2 : 3 : 1 : 0 : 1 : 1 : 1.0 ：0
ax88172a_bind : 2 : 12 : 33842.553599955696 : 2880 : 1 : 22 : 0 : 0 : 7 : 2 : 0.3999999999999999 ：1
ax88172a_init_mdio : 1 : 4 : 12479.607040431907 : 2880 : 2 : 10 : 1 : 0 : 4 : 2 : 0.8 ：0
ax88172a_stop : 1 : 2 : 2075.3578725693383 : 2880 : 1 : 4 : 0 : 0 : 1 : 2 : 1.0 ：0
ax88172a_unbind : 2 : 1 : 421.9441843257201 : 2880 : 1 : 5 : 0 : 0 : 1 : 1 : 1.0 ：0
ax88172a_adjust_link : 1 : 5 : 6165.624762272715 : 2880 : 2 : 4 : 1 : 0 : 4 : 2 : 0.8 ：0
