btrfs_bio_counter_inc_blocked : 1 : 3 : 1385.3408490424604 : 0 : 1 : 5 : 0 : 0 : 0 : 2 : 1.0 ：0
btrfs_dev_replace_status : 2 : 3 : 6415.2364648846215 : 0 : 1 : 7 : 0 : 0 : 1 : 1 : 1.0 ：0
btrfs_set_target_alloc_state : 2 : 3 : 3937.096731867607 : 0 : 4 : 4 : 5 : 0 : 6 : 2 : 0.8 ：0
btrfs_dev_replace_is_ongoing : 1 : 10 : 4265.1042785321515 : 0 : 1 : 0 : 0 : 0 : 0 : 2 : 0.8 ：0
btrfs_resume_dev_replace_async : 1 : 9 : 14023.794216229971 : 0 : 1 : 76 : 0 : 0 : 2 : 2 : 1.0 ：0
btrfs_dev_replace_kthread : 1 : 2 : 6772.9319563338 : 0 : 2 : 69 : 1 : 0 : 4 : 1 : 1.0 ：0
btrfs_dev_replace_cancel : 1 : 12 : 31575.287531665235 : 0 : 1 : 18 : 0 : 0 : 8 : 3 : 0.3999999999999999 ：0
btrfs_dev_replace_suspend_for_unmount : 1 : 7 : 3685.2948718614616 : 0 : 1 : 6 : 0 : 0 : 1 : 2 : 0.8 ：0
btrfs_dev_replace_finishing : 2 : 15 : 114360.41279908469 : 0 : 3 : 55 : 4 : 0 : 9 : 3 : 0.3999999999999999 ：0
btrfs_finish_block_group_to_copy : 3 : 9 : 22668.358291279703 : 0 : 1 : 7 : 0 : 0 : 9 : 2 : 0.3999999999999999 ：0
btrfs_dev_replace_start : 5 : 20 : 51532.80319398728 : 0 : 2 : 126 : 1 : 0 : 13 : 2 : 0.6 ：0
btrfs_dev_replace_update_device_in_mapping_tree : 3 : 6 : 8713.252863345126 : 0 : 4 : 4 : 5 : 0 : 5 : 2 : 0.8 ：0
btrfs_dev_replace_progress : 1 : 6 : 2746.9565217391305 : 0 : 3 : 3 : 3 : 0 : 3 : 2 : 1.0 ：0
btrfs_dev_replace_by_ioctl : 2 : 9 : 10132.487035272821 : 0 : 1 : 127 : 0 : 0 : 2 : 2 : 0.8 ：0
btrfs_init_dev_replace_tgtdev : 4 : 15 : 44320.17599443508 : 0 : 3 : 22 : 2 : 0 : 12 : 3 : 0.3999999999999999 ：0
mark_block_group_to_copy : 2 : 28 : 63044.631599098306 : 0 : 3 : 21 : 2 : 0 : 19 : 4 : 0.3999999999999999 ：0
btrfs_dev_name : 0 : 3 : 501.52825244619805 : 0 : 4 : 2 : 10 : 0 : 0 : 1 : 0.8 ：0
btrfs_run_dev_replace : 1 : 19 : 63127.93058088072 : 0 : 1 : 24 : 0 : 0 : 13 : 3 : 0.6 ：0
btrfs_init_dev_replace : 1 : 24 : 129072.05861883929 : 0 : 1 : 21 : 0 : 0 : 15 : 4 : 0.6 ：1
