mceusb_dev_recv : 1 : 9 : 7733.762753700976 : 1605 : 2 : 22 : 1 : 0 : 1 : 2 : 1.0 ：1
mceusb_init_rc_dev : 0 : 12 : 37463.99109894615 : 3956 : 2 : 197 : 1 : 0 : 8 : 2 : 0.3999999999999999 ：0
mceusb_set_rx_wideband : 2 : 2 : 6733.644417054164 : 1317 : 3 : 31 : 2 : 0 : 1 : 2 : 1.0 ：0
mceusb_set_rx_carrier_report : 2 : 6 : 11631.405944077624 : 1317 : 3 : 31 : 2 : 0 : 1 : 3 : 0.8 ：0
mceusb_dev_disconnect : 1 : 2 : 4195.5522813328525 : 3956 : 1 : 11 : 0 : 0 : 2 : 1 : 0.8 ：0
mceusb_dev_probe : 2 : 34 : 161053.12510735745 : 3956 : 1 : 430 : 0 : 0 : 15 : 4 : 0.3999999999999999 ：0
mceusb_get_parameters : 1 : 5 : 14552.055782585523 : 3956 : 2 : 30 : 1 : 0 : 1 : 2 : 1.0 ：0
mceusb_gen1_init : 1 : 2 : 34320.86501766456 : 3956 : 2 : 37 : 1 : 0 : 3 : 2 : 0.8 ：0
mceusb_deferred_kevent : 1 : 7 : 38562.69353341385 : 1605 : 2 : 9 : 1 : 0 : 1 : 3 : 0.6 ：0
mceusb_process_ir_data : 2 : 22 : 75440.17117770242 : 3956 : 3 : 13 : 2 : 0 : 3 : 5 : 0.6 ：0
mceusb_dev_resume : 1 : 2 : 965.5931026518754 : 3956 : 1 : 3 : 0 : 0 : 1 : 1 : 1.0 ：0
mceusb_set_timeout : 2 : 1 : 4439.737863844289 : 1287 : 3 : 31 : 2 : 0 : 1 : 2 : 1.0 ：0
mceusb_handle_command : 2 : 19 : 58034.65515416962 : 3956 : 4 : 3 : 3 : 0 : 7 : 3 : 0.6 ：0
mceusb_gen2_init : 1 : 1 : 2102.3491087485413 : 3956 : 2 : 30 : 1 : 0 : 0 : 1 : 1.0 ：0
mceusb_dev_suspend : 2 : 1 : 714.8496605572433 : 3956 : 1 : 3 : 0 : 0 : 1 : 1 : 1.0 ：0
mceusb_flash_led : 1 : 2 : 393.1308661831072 : 3715 : 2 : 30 : 1 : 0 : 0 : 1 : 1.0 ：0
mceusb_set_tx_mask : 2 : 3 : 2968.043478260869 : 3956 : 3 : 0 : 3 : 0 : 3 : 1 : 1.0 ：0
mceusb_set_tx_carrier : 2 : 5 : 18798.34399019584 : 3956 : 3 : 31 : 2 : 0 : 3 : 4 : 1.0 ：0
mceusb_tx_ir : 3 : 14 : 53198.04380699413 : 3956 : 3 : 58 : 2 : 0 : 6 : 5 : 0.6 ：0
mce_command_out : 3 : 2 : 1546.095732818124 : 799 : 4 : 29 : 25 : 0 : 1 : 2 : 0.8 ：0
mce_write_callback : 1 : 2 : 186.80930740641404 : 799 : 6 : 1 : 30 : 0 : 0 : 1 : 0.8 ：0
mceusb_defer_kevent : 2 : 3 : 2729.3054262418304 : 1605 : 6 : 4 : 32 : 0 : 0 : 2 : 0.8 ：0
mceusb_cmd_datasize : 2 : 20 : 4073.7037323105833 : 752 : 4 : 0 : 3 : 0 : 2 : 3 : 0.8 ：0
mce_write : 3 : 13 : 44437.917299004504 : 799 : 5 : 27 : 29 : 0 : 6 : 2 : 0.19999999999999996 ：0
mceusb_dev_printdata : 6 : 49 : 152549.62339018713 : 3956 : 6 : 3 : 33 : 0 : 2 : 4 : 0.3999999999999999 ：0
