smc_pnetid_by_table_smcd : 1 : 4 : 5266.309899941906 : 658 : 1 : 11 : 0 : 0 : 6 : 3 : 0.8 ：1
smc_pnet_find_ism_resource : 2 : 5 : 2309.651254465028 : 1327 : 1 : 19 : 0 : 0 : 3 : 1 : 1.0 ：0
smc_pnet_find_roce_by_pnetid : 2 : 3 : 3848.3273902574188 : 656 : 2 : 24 : 1 : 0 : 1 : 2 : 1.0 ：0
smc_pnet_find_rdma_dev : 2 : 10 : 13215.524084151866 : 1084 : 3 : 11 : 2 : 0 : 4 : 4 : 0.6 ：0
smc_pnet_find_ndev_pnetid_by_table : 2 : 4 : 5860.841858635 : 1091 : 3 : 6 : 4 : 0 : 6 : 3 : 0.8 ：1
smc_pnet_determine_gid : 3 : 5 : 4708.84017056357 : 123 : 4 : 1 : 3 : 0 : 0 : 2 : 1.0 ：0
pnet_find_base_ndev : 0 : 1 : 290.5922559655329 : 506 : 4 : 2 : 7 : 0 : 1 : 1 : 0.6 ：0
smc_pnet_netdev_event : 3 : 7 : 8239.435946945858 : 1864 : 1 : 44 : 0 : 0 : 7 : 3 : 1.0 ：0
smc_pnet_find_ism_by_pnetid : 2 : 7 : 7623.473813484377 : 1327 : 2 : 16 : 1 : 0 : 1 : 3 : 0.8 ：0
smc_pnet_find_roce_resource : 2 : 5 : 1538.334176627674 : 1864 : 1 : 27 : 0 : 0 : 3 : 1 : 1.0 ：0
smc_pnet_net_init : 1 : 1 : 2586.6588011769268 : 1091 : 1 : 21 : 0 : 0 : 3 : 1 : 0.8 ：1
__pnet_find_base_ndev : 0 : 3 : 2953.141078617024 : 506 : 0 : 0 : 0 : 0 : 2 : 2 : 1.0 ：0
smc_pnet_destroy_pnetids_list : 1 : 1 : 2667.4918887137055 : 506 : 2 : 6 : 1 : 0 : 1 : 2 : 0.8 ：0
smc_pnet_init : 1 : 3 : 890.7710557987423 : 1864 : 1 : 3 : 0 : 0 : 3 : 1 : 1.0 ：0
_smc_pnet_find_roce_by_pnetid : 4 : 10 : 8530.088194391697 : 656 : 0 : 0 : 0 : 0 : 3 : 4 : 0.6 ：0
smc_pnetid_by_table_ib : 2 : 5 : 5801.866838919048 : 658 : 1 : 10 : 0 : 0 : 6 : 3 : 0.8 ：1
smc_pnet_add_pnetid : 2 : 4 : 6584.07453207658 : 506 : 4 : 11 : 4 : 0 : 2 : 3 : 0.8 ：0
smc_pnet_remove_pnetid : 2 : 3 : 3823.020193208788 : 506 : 2 : 8 : 1 : 0 : 1 : 4 : 0.8 ：0
smc_pnet_create_pnetids_list : 1 : 1 : 954.7532064160264 : 506 : 2 : 17 : 1 : 0 : 1 : 1 : 0.8 ：0
smc_pnet_add_base_pnetid : 3 : 3 : 1661.9408667541695 : 506 : 3 : 13 : 3 : 0 : 1 : 2 : 1.0 ：0
smc_pnet_flush : 2 : 1 : 440.0 : 1091 : 1 : 16 : 0 : 0 : 1 : 1 : 1.0 ：0
smc_pnet_dumpinfo : 5 : 3 : 2206.2678010038494 : 658 : 0 : 0 : 0 : 0 : 1 : 2 : 1.0 ：0
smc_pnet_get : 2 : 4 : 7978.611426549759 : 1864 : 1 : 6 : 0 : 0 : 3 : 2 : 1.0 ：0
smc_pnet_is_ndev_pnetid : 2 : 3 : 3003.6380614742 : 506 : 1 : 5 : 0 : 0 : 5 : 3 : 0.8 ：0
smc_pnet_dump : 2 : 1 : 2818.104746277903 : 658 : 1 : 2 : 0 : 0 : 2 : 1 : 1.0 ：0
_smc_pnet_dump : 6 : 9 : 8075.289120730114 : 1091 : 0 : 0 : 0 : 0 : 5 : 3 : 0.6 ：0
smc_pnet_del : 2 : 2 : 1772.670841529842 : 1864 : 1 : 17 : 0 : 0 : 1 : 1 : 1.0 ：0
smc_pnet_add_eth : 4 : 15 : 26769.51507761967 : 658 : 3 : 17 : 2 : 0 : 6 : 3 : 0.3999999999999999 ：1
smc_pnet_enter : 2 : 23 : 31377.4762801383 : 1864 : 2 : 63 : 1 : 0 : 13 : 3 : 0.6 ：0
smc_pnet_set_nla : 2 : 10 : 8115.652173913042 : 1091 : 0 : 0 : 1 : 0 : 0 : 2 : 0.8 ：0
smc_pnet_add_ib : 4 : 14 : 31159.297327532873 : 658 : 3 : 33 : 2 : 0 : 5 : 3 : 0.3999999999999999 ：1
smc_pnet_find_smcd : 0 : 3 : 2168.602716224948 : 1091 : 4 : 5 : 3 : 0 : 3 : 2 : 0.8 ：0
smc_pnet_find_ib : 0 : 4 : 3620.61387916953 : 1864 : 4 : 5 : 3 : 0 : 3 : 3 : 0.8 ：0
smc_pnetid_valid : 2 : 7 : 5430.2511563536 : 1864 : 3 : 6 : 2 : 0 : 7 : 2 : 1.0 ：0
smc_pnet_apply_smcd : 2 : 2 : 1579.3477452954069 : 658 : 4 : 4 : 4 : 0 : 2 : 2 : 0.8 ：0
smc_pnet_apply_ib : 3 : 2 : 2874.21116637769 : 658 : 4 : 4 : 4 : 0 : 2 : 2 : 0.8 ：0
smc_pnet_remove_by_ndev : 1 : 4 : 7329.798720153374 : 1864 : 2 : 7 : 1 : 0 : 5 : 3 : 0.8 ：1
smc_pnet_add_by_ndev : 1 : 5 : 7866.3671999890485 : 658 : 2 : 8 : 1 : 0 : 5 : 3 : 0.8 ：1
smc_pnet_match : 2 : 7 : 3588.98486999944 : 506 : 5 : 0 : 14 : 0 : 3 : 2 : 0.8 ：0
smc_pnet_remove_by_pnetid : 2 : 15 : 50677.65337567088 : 1091 : 2 : 14 : 3 : 0 : 8 : 4 : 0.3999999999999999 ：1
