bpf_prog_test_run_tracing : 3 : 19 : 11817.292525559518 : 306 : 1 : 11 : 0 : 0 : 8 : 2 : 0.8 ：0
__bpf_prog_test_run_raw_tp : 1 : 1 : 795.2120305166392 : 99 : 0 : 0 : 0 : 0 : 1 : 1 : 0.8 ：0
bpf_prog_test_run_xdp : 3 : 8 : 25537.9711623728 : 1375 : 1 : 32 : 0 : 0 : 11 : 2 : 0.8 ：0
bpf_ctx_init : 0 : 7 : 8499.199571039591 : 529 : 2 : 7 : 2 : 0 : 5 : 3 : 0.6 ：0
bpf_prog_test_run_skb : 3 : 35 : 77463.85789716919 : 1375 : 1 : 74 : 0 : 0 : 17 : 4 : 0.3999999999999999 ：0
bpf_ctx_finish : 4 : 9 : 5789.329214829236 : 529 : 2 : 2 : 2 : 0 : 5 : 2 : 0.8 ：0
convert_skb_to___skb : 2 : 2 : 4208.206687561162 : 635 : 2 : 2 : 1 : 0 : 1 : 1 : 1.0 ：0
bpf_test_finish : 6 : 15 : 12606.753298136304 : 306 : 2 : 3 : 3 : 0 : 7 : 2 : 0.8 ：0
verify_user_bpf_flow_keys : 1 : 3 : 2519.674862619547 : 529 : 2 : 4 : 1 : 0 : 0 : 1 : 1.0 ：0
bpf_test_init : 0 : 6 : 6104.707573648147 : 707 : 2 : 5 : 3 : 0 : 3 : 2 : 0.8 ：0
bpf_test_run : 6 : 7 : 20118.869368642612 : 619 : 2 : 16 : 2 : 0 : 4 : 3 : 0.3999999999999999 ：0
bpf_prog_test_run_raw_tp : 3 : 21 : 26596.310654025634 : 99 : 1 : 9 : 0 : 0 : 6 : 3 : 0.19999999999999996 ：1
bpf_prog_test_run_flow_dissector : 3 : 16 : 41882.71159988601 : 707 : 1 : 39 : 0 : 0 : 12 : 3 : 0.3999999999999999 ：0
convert___skb_to_skb : 2 : 13 : 51069.15363678449 : 635 : 2 : 6 : 1 : 0 : 1 : 2 : 0.6 ：0
