wait_for_unix_gc : 1 : 3 : 1865.6791474576908 : 754 : 1 : 50 : 0 : 0 : 0 : 1 : 1.0 ：0
scan_children : 3 : 3 : 9767.229172530288 : 6056 : 3 : 18 : 2 : 0 : 3 : 3 : 0.8 ：0
scan_inflight : 3 : 8 : 13751.41859913151 : 6056 : 4 : 7 : 3 : 0 : 7 : 6 : 0.6 ：0
inc_inflight_move_tail : 1 : 3 : 1943.4007622943363 : 6056 : 3 : 3 : 2 : 0 : 0 : 1 : 1.0 ：0
unix_gc : 1 : 14 : 77306.53096971333 : 754 : 2 : 47 : 1 : 0 : 8 : 3 : 0.3999999999999999 ：1
