vkms_atomic_crtc_duplicate_state : 0 : 3 : 2237.132809381151 : 998 : 1 : 3 : 0 : 0 : 3 : 1 : 1.0 ：0
vkms_get_vblank_timestamp : 4 : 4 : 9368.762380333064 : 436 : 1 : 4 : 0 : 0 : 7 : 2 : 1.0 ：0
vkms_enable_vblank : 1 : 1 : 5036.327639298365 : 1017 : 1 : 17 : 0 : 0 : 3 : 1 : 1.0 ：0
vkms_atomic_crtc_destroy_state : 2 : 1 : 963.893370323199 : 730 : 2 : 4 : 1 : 0 : 1 : 1 : 1.0 ：0
vkms_crtc_atomic_flush : 2 : 3 : 4533.966910342271 : 1017 : 1 : 8 : 0 : 0 : 1 : 2 : 0.8 ：0
vkms_crtc_atomic_check : 2 : 6 : 17858.325634750683 : 667 : 1 : 8 : 0 : 0 : 5 : 2 : 0.8 ：0
vkms_crtc_atomic_begin : 2 : 1 : 1205.217391304348 : 994 : 1 : 2 : 0 : 0 : 1 : 1 : 0.8 ：0
vkms_atomic_crtc_reset : 1 : 3 : 1815.645150285578 : 998 : 1 : 7 : 0 : 0 : 0 : 1 : 1.0 ：0
vkms_crtc_init : 4 : 3 : 3375.990838256774 : 1024 : 1 : 6 : 0 : 0 : 4 : 2 : 0.8 ：0
vkms_vblank_simulate : 1 : 7 : 12755.822365885087 : 1017 : 2 : 10 : 1 : 0 : 6 : 2 : 0.6 ：1
