gfs2_consist_rgrpd_i : 4 : 1 : 4688.292748062612 : 5461 : 1 : 56 : 0 : 0 : 1 : 1 : 1.0 ：0
gfs2_assert_warn_i : 5 : 5 : 9298.644602375869 : 5461 : 1 : 6 : 0 : 0 : 0 : 1 : 0.8 ：0
gfs2_assert_withdraw_i : 6 : 4 : 3887.106815156683 : 5461 : 1 : 53 : 0 : 0 : 0 : 1 : 1.0 ：0
gfs2_io_error_i : 4 : 1 : 968.3337229040989 : 5461 : 1 : 54 : 0 : 0 : 0 : 1 : 1.0 ：0
gfs2_metatype_check_ii : 7 : 1 : 2398.9846643696683 : 5461 : 1 : 54 : 0 : 0 : 1 : 1 : 1.0 ：0
gfs2_io_error_bh_i : 6 : 3 : 2033.804347826087 : 5461 : 1 : 51 : 0 : 0 : 0 : 1 : 1.0 ：0
gfs2_meta_check_ii : 6 : 1 : 2040.0 : 5461 : 1 : 54 : 0 : 0 : 1 : 1 : 1.0 ：0
gfs2_consist_i : 4 : 1 : 875.7605199878883 : 5461 : 1 : 54 : 0 : 0 : 0 : 1 : 1.0 ：0
gfs2_lm : 2 : 3 : 1923.7604740705185 : 306 : 2 : 4 : 6 : 0 : 2 : 1 : 0.8 ：0
gfs2_consist_inode_i : 4 : 1 : 2618.9863718444167 : 5461 : 1 : 55 : 0 : 0 : 1 : 1 : 1.0 ：0
check_journal_clean : 3 : 14 : 11292.20071898672 : 306 : 4 : 6 : 10 : 0 : 7 : 2 : 0.3999999999999999 ：0
signal_our_withdraw : 1 : 26 : 136209.377572911 : 306 : 3 : 33 : 9 : 0 : 8 : 2 : 0.19999999999999996 ：0
gfs2_withdraw : 1 : 8 : 14413.963574815942 : 306 : 2 : 48 : 8 : 0 : 2 : 3 : 0.3999999999999999 ：0
