p9_fd_create_tcp : 3 : 8 : 20031.440237560197 : 5102 : 1 : 107 : 0 : 0 : 8 : 3 : 0.8 ：0
p9_poll_workfn : 1 : 2 : 3569.6739130434776 : 1610 : 1 : 23 : 0 : 0 : 0 : 2 : 0.8 ：0
p9_fd_create_unix : 3 : 6 : 12469.638811675275 : 5102 : 1 : 93 : 0 : 0 : 5 : 2 : 0.8 ：0
p9_fd_close : 1 : 5 : 2663.4732797263696 : 5355 : 1 : 22 : 0 : 0 : 1 : 1 : 0.8 ：0
p9_fd_cancelled : 2 : 4 : 4794.098405359909 : 3117 : 1 : 5 : 0 : 0 : 0 : 2 : 0.8 ：0
p9_trans_fd_init : 1 : 1 : 230.6287745758198 : 269 : 1 : 1 : 0 : 0 : 0 : 1 : 1.0 ：0
p9_fd_cancel : 2 : 2 : 2396.6039575962686 : 3117 : 1 : 5 : 0 : 0 : 2 : 2 : 0.8 ：0
parse_opts : 2 : 12 : 16520.289810573566 : 4798 : 2 : 6 : 2 : 0 : 4 : 4 : 0.6 ：0
p9_socket_open : 2 : 3 : 5435.652958383645 : 3927 : 2 : 87 : 2 : 0 : 2 : 2 : 0.8 ：0
p9_conn_destroy : 1 : 3 : 5395.795331316423 : 557 : 2 : 19 : 1 : 0 : 0 : 2 : 1.0 ：0
p9_fd_create : 3 : 5 : 5154.160135395693 : 5102 : 1 : 92 : 0 : 0 : 3 : 2 : 1.0 ：0
p9_fd_show_options : 2 : 7 : 7677.892029809222 : 1913 : 1 : 1 : 0 : 0 : 0 : 2 : 0.8 ：0
p9_bind_privport : 1 : 3 : 3962.466043481027 : 3377 : 2 : 4 : 1 : 0 : 2 : 2 : 1.0 ：0
p9_fd_open : 3 : 10 : 6934.050430909468 : 4677 : 2 : 4 : 1 : 0 : 4 : 1 : 0.6 ：0
p9_trans_fd_exit : 1 : 1 : 253.69165203340177 : 269 : 1 : 2 : 0 : 0 : 0 : 1 : 1.0 ：0
valid_ipaddr4 : 1 : 4 : 5423.935781059934 : 5258 : 2 : 1 : 1 : 0 : 0 : 2 : 1.0 ：0
p9_poll_mux : 1 : 9 : 10966.281331788945 : 5355 : 2 : 16 : 1 : 0 : 2 : 3 : 0.8 ：0
p9_fd_request : 2 : 5 : 6598.554009980633 : 5102 : 1 : 9 : 0 : 0 : 3 : 1 : 0.8 ：0
p9_conn_create : 1 : 3 : 9056.32435915315 : 4677 : 3 : 78 : 4 : 0 : 3 : 2 : 1.0 ：0
p9_fd_write : 3 : 8 : 4234.534614295858 : 5102 : 5 : 2 : 6 : 0 : 3 : 1 : 0.6 ：0
p9_pollwake : 4 : 2 : 2328.260869565217 : 5102 : 5 : 6 : 6 : 0 : 1 : 1 : 0.6 ：0
p9_pollwait : 3 : 4 : 7302.672218879715 : 5102 : 4 : 12 : 5 : 0 : 3 : 3 : 1.0 ：0
p9_write_work : 1 : 17 : 48241.57364925531 : 5102 : 4 : 27 : 5 : 1 : 6 : 3 : 0.3999999999999999 ：0
p9_read_work : 1 : 30 : 155948.31159923697 : 5102 : 4 : 29 : 5 : 1 : 9 : 3 : 0.3999999999999999 ：0
p9_fd_read : 3 : 8 : 4629.047391952995 : 5102 : 5 : 2 : 6 : 0 : 4 : 1 : 0.6 ：0
p9_conn_cancel : 2 : 3 : 11173.868830896681 : 5102 : 5 : 8 : 16 : 0 : 0 : 2 : 0.6 ：1
p9_mux_poll_stop : 1 : 3 : 4716.013942836576 : 5102 : 3 : 6 : 2 : 0 : 2 : 3 : 0.8 ：0
p9_fd_poll : 3 : 6 : 3930.4193670824234 : 5102 : 5 : 1 : 20 : 0 : 4 : 2 : 0.6 ：0
