rds_next_incoming : 2 : 3 : 2405.793638312052 : 4339 : 2 : 8 : 1 : 0 : 0 : 3 : 0.8 ：0
rds_cmsg_recv : 3 : 13 : 29455.00698700608 : 4339 : 2 : 6 : 1 : 0 : 7 : 3 : 0.6 ：0
rds_recvmsg_zcookie : 2 : 7 : 10481.05390949872 : 1052 : 2 : 11 : 1 : 0 : 8 : 2 : 0.6 ：0
rds_start_mprds : 1 : 4 : 3079.110827577895 : 1644 : 2 : 2 : 1 : 0 : 2 : 3 : 1.0 ：0
rds_notify_queue_get : 2 : 11 : 32284.303319249342 : 4339 : 2 : 12 : 1 : 0 : 4 : 3 : 0.3999999999999999 ：0
rds_clear_recv_queue : 1 : 1 : 3844.7008927392662 : 4339 : 1 : 20 : 0 : 0 : 1 : 2 : 0.8 ：0
rds_inc_info_copy : 5 : 2 : 7347.050077910066 : 4339 : 1 : 3 : 0 : 0 : 1 : 2 : 1.0 ：0
rds_recv_incoming : 5 : 26 : 95918.17590808652 : 4162 : 1 : 50 : 0 : 0 : 8 : 3 : 0.3999999999999999 ：0
rds_still_queued : 3 : 3 : 6340.674735749029 : 4339 : 2 : 21 : 1 : 0 : 3 : 3 : 0.8 ：0
rds_notify_cong : 2 : 2 : 2222.9209159594357 : 4339 : 2 : 3 : 1 : 0 : 3 : 1 : 0.8 ：0
rds_recv_hs_exthdrs : 2 : 6 : 8518.06629481123 : 1644 : 2 : 12 : 1 : 0 : 4 : 3 : 1.0 ：0
rds_recv_incoming_exthdrs : 2 : 7 : 8103.018087043066 : 4339 : 2 : 4 : 1 : 0 : 4 : 3 : 1.0 ：0
rds6_inc_info_copy : 5 : 2 : 8572.853622914283 : 905 : 1 : 3 : 0 : 0 : 1 : 2 : 1.0 ：0
rds_recvmsg : 4 : 25 : 70124.27935578674 : 1052 : 1 : 87 : 0 : 0 : 9 : 4 : 0.3999999999999999 ：1
rds_recv_rcvbuf_delta : 5 : 11 : 15180.644365531158 : 4339 : 3 : 7 : 4 : 0 : 1 : 2 : 0.8 ：0
rds_conn_peer_gen_update : 2 : 5 : 8470.906701347016 : 1519 : 3 : 5 : 2 : 0 : 2 : 5 : 0.8 ：0
rds_inc_put : 1 : 2 : 1200.7207678359168 : 4162 : 3 : 5 : 4 : 0 : 0 : 2 : 1.0 ：0
rds_inc_init : 3 : 1 : 2477.5589156204237 : 4162 : 1 : 4 : 0 : 0 : 0 : 1 : 1.0 ：0
rds_inc_path_init : 3 : 1 : 2068.3760634411087 : 1674 : 1 : 3 : 0 : 0 : 0 : 1 : 1.0 ：0
