ida_free : 2 : 13 : 13272.783168332342 : 0 : 1 : 13 : 0 : 0 : 6 : 3 : 0.6 ：1
ida_dump_entry : 2 : 7 : 13959.402426180932 : 0 : 0 : 9 : 2 : 0 : 2 : 2 : 1.0 ：0
idr_get_next_ul : 0 : 6 : 7061.479619648891 : 0 : 2 : 5 : 1 : 0 : 4 : 2 : 0.8 ：0
idr_get_next : 0 : 2 : 1001.4483723935574 : 0 : 1 : 7 : 0 : 0 : 3 : 1 : 1.0 ：0
ida_dump : 1 : 1 : 1328.722132708991 : 0 : 1 : 11 : 0 : 0 : 1 : 1 : 1.0 ：0
idr_replace : 0 : 3 : 3034.561341198468 : 0 : 1 : 2 : 0 : 0 : 3 : 1 : 1.0 ：0
idr_for_each : 3 : 3 : 3281.9556203462384 : 0 : 1 : 3 : 0 : 0 : 4 : 2 : 1.0 ：0
idr_alloc : 5 : 3 : 1590.930497014588 : 0 : 1 : 9 : 0 : 0 : 4 : 1 : 1.0 ：0
idr_alloc_cyclic : 5 : 5 : 5882.984562051751 : 0 : 1 : 8 : 0 : 0 : 3 : 2 : 1.0 ：0
ida_destroy : 1 : 2 : 1812.3728056157165 : 0 : 1 : 7 : 0 : 0 : 1 : 2 : 0.8 ：0
ida_alloc_range : 4 : 33 : 94578.41859815728 : 0 : 1 : 16 : 0 : 0 : 11 : 4 : 0.3999999999999999 ：0
idr_alloc_u32 : 5 : 3 : 8715.41638536366 : 0 : 2 : 7 : 2 : 0 : 1 : 1 : 1.0 ：0
ida_check_conv : 1 : 6 : 30736.152212514324 : 0 : 2 : 5 : 1 : 0 : 0 : 2 : 0.8 ：1
ida_checks : 1 : 1 : 2999.5406751978717 : 0 : 1 : 37 : 0 : 0 : 0 : 1 : 1.0 ：0
ida_check_destroy : 1 : 1 : 2971.055700467309 : 0 : 2 : 8 : 1 : 0 : 0 : 1 : 1.0 ：0
ida_check_leaf : 2 : 2 : 4583.8761154711065 : 0 : 2 : 6 : 1 : 0 : 0 : 2 : 0.8 ：0
ida_check_max : 1 : 3 : 5625.030625937188 : 0 : 2 : 4 : 1 : 0 : 0 : 3 : 1.0 ：0
ida_check_destroy_1 : 2 : 1 : 1391.5882240120543 : 0 : 3 : 4 : 2 : 0 : 0 : 1 : 1.0 ：0
ida_check_alloc : 1 : 5 : 8705.50194326861 : 0 : 2 : 6 : 1 : 0 : 0 : 2 : 0.8 ：0
