tcf_skbmod_dump : 4 : 14 : 14838.228919540086 : 2751 : 1 : 14 : 0 : 0 : 8 : 2 : 0.6 ：1
tcf_skbmod_cleanup : 1 : 2 : 1083.6418833288633 : 2751 : 1 : 3 : 0 : 0 : 2 : 1 : 1.0 ：0
tcf_skbmod_act : 3 : 18 : 36088.358003465626 : 2054 : 1 : 16 : 0 : 1 : 8 : 3 : 0.6 ：0
tcf_skbmod_init : 7 : 31 : 76123.90842647 : 974 : 1 : 21 : 0 : 0 : 20 : 3 : 0.3999999999999999 ：0
