filp_close : 2 : 1 : 418.8090414263365 : 0 : 1 : 7 : 0 : 0 : 2 : 1 : 1.0 ：0
build_open_flags : 2 : 33 : 54330.62295312866 : 0 : 4 : 4 : 11 : 0 : 4 : 3 : 0.3999999999999999 ：0
filp_flush : 2 : 4 : 3567.7555439706307 : 0 : 2 : 5 : 2 : 0 : 2 : 2 : 1.0 ：0
do_sys_openat2 : 3 : 5 : 5835.116380400489 : 0 : 3 : 13 : 7 : 0 : 6 : 3 : 0.6 ：0
file_open_name : 0 : 2 : 1064.7901148733602 : 0 : 2 : 9 : 1 : 0 : 3 : 1 : 1.0 ：0
filp_open : 0 : 2 : 1486.630512325119 : 0 : 1 : 14 : 0 : 0 : 3 : 2 : 1.0 ：0
kernel_file_open : 0 : 3 : 2505.825713640148 : 0 : 1 : 34 : 0 : 0 : 4 : 2 : 1.0 ：0
build_open_how : 2 : 4 : 3586.394685447921 : 0 : 3 : 1 : 9 : 0 : 1 : 2 : 0.8 ：0
dentry_create : 0 : 4 : 4079.6364523986467 : 0 : 1 : 41 : 0 : 0 : 4 : 2 : 1.0 ：0
backing_file_open : 0 : 3 : 3350.1626595284333 : 0 : 1 : 37 : 0 : 0 : 4 : 2 : 1.0 ：0
file_open_root : 0 : 2 : 1064.7901148733602 : 0 : 1 : 9 : 0 : 0 : 3 : 1 : 1.0 ：0
dentry_open : 0 : 3 : 3148.756508066151 : 0 : 1 : 38 : 0 : 0 : 3 : 3 : 1.0 ：0
setattr_vfsgid : 2 : 2 : 557.253613829109 : 0 : 5 : 2 : 7 : 0 : 2 : 1 : 0.8 ：0
finish_open : 3 : 1 : 1464.3626518422964 : 0 : 1 : 32 : 0 : 0 : 0 : 1 : 1.0 ：0
ksys_fchown : 3 : 2 : 1276.2476132022186 : 0 : 2 : 27 : 1 : 0 : 3 : 2 : 1.0 ：0
vfs_fchown : 3 : 2 : 1361.407349889519 : 0 : 3 : 24 : 2 : 0 : 3 : 1 : 1.0 ：0
setattr_vfsuid : 2 : 2 : 557.253613829109 : 0 : 5 : 2 : 7 : 0 : 2 : 1 : 0.8 ：0
chown_common : 3 : 10 : 16968.786662213675 : 0 : 4 : 20 : 6 : 0 : 10 : 2 : 0.3999999999999999 ：1
do_fchownat : 5 : 10 : 6075.143608467731 : 0 : 2 : 26 : 2 : 0 : 8 : 2 : 0.8 ：0
access_need_override_creds : 1 : 8 : 5341.550218828827 : 0 : 3 : 7 : 4 : 0 : 7 : 3 : 0.8 ：0
do_dentry_open : 3 : 40 : 67515.9547485887 : 0 : 3 : 29 : 6 : 0 : 10 : 3 : 0.19999999999999996 ：0
chmod_common : 2 : 7 : 7675.963851325565 : 0 : 3 : 8 : 6 : 0 : 8 : 2 : 0.3999999999999999 ：0
do_faccessat : 4 : 24 : 23730.27036050694 : 0 : 2 : 26 : 3 : 0 : 9 : 2 : 0.6 ：0
ksys_fallocate : 4 : 2 : 1320.469200207693 : 0 : 2 : 15 : 2 : 0 : 3 : 2 : 1.0 ：0
do_truncate : 5 : 5 : 7457.032799568003 : 0 : 4 : 4 : 7 : 0 : 4 : 2 : 0.3999999999999999 ：0
access_override_creds : 0 : 7 : 17200.228719740113 : 0 : 3 : 7 : 4 : 0 : 5 : 2 : 0.6 ：0
do_fchmodat : 4 : 6 : 3952.567284356033 : 0 : 2 : 13 : 3 : 0 : 4 : 3 : 0.8 ：0
do_sys_truncate : 2 : 5 : 4161.789626161061 : 0 : 2 : 20 : 2 : 0 : 4 : 2 : 1.0 ：0
vfs_truncate : 2 : 15 : 13912.185729058634 : 0 : 3 : 16 : 3 : 0 : 9 : 1 : 0.8 ：0
vfs_fallocate : 4 : 32 : 41309.60802513092 : 0 : 3 : 12 : 3 : 0 : 4 : 1 : 0.3999999999999999 ：0
do_sys_ftruncate : 3 : 15 : 16219.7966238525 : 0 : 2 : 14 : 2 : 0 : 10 : 1 : 0.8 ：0
