htc_rxctrl_complete : 2 : 4 : 865.0325118285119 : 3978 : 2 : 1 : 1 : 0 : 1 : 1 : 1.0 ：0
htc_get_credit_alloc : 2 : 4 : 4402.489002933927 : 3978 : 3 : 1 : 2 : 0 : 3 : 2 : 0.8 ：0
ath6kl_htc_pipe_cleanup : 1 : 3 : 1695.3663988165106 : 3978 : 2 : 4 : 1 : 0 : 1 : 2 : 0.8 ：0
ath6kl_htc_pipe_wait_target : 1 : 6 : 21609.657140738007 : 3978 : 1 : 112 : 0 : 0 : 6 : 2 : 0.6 ：0
ath6kl_htc_pipe_conn_service : 3 : 36 : 135855.81807401354 : 3978 : 2 : 92 : 1 : 0 : 23 : 3 : 0.3999999999999999 ：0
ath6kl_htc_pipe_flush_txep : 3 : 2 : 1886.0396804612928 : 3978 : 1 : 19 : 0 : 0 : 1 : 2 : 1.0 ：0
ath6kl_htc_pipe_tx : 2 : 1 : 1321.428653372566 : 3978 : 3 : 68 : 3 : 0 : 1 : 1 : 1.0 ：0
ath6kl_htc_pipe_start : 1 : 2 : 7117.3668577095295 : 3978 : 1 : 80 : 0 : 0 : 3 : 2 : 1.0 ：0
ath6kl_htc_pipe_flush_rx_buf : 1 : 2 : 7432.439984988481 : 3978 : 1 : 6 : 0 : 0 : 2 : 3 : 0.8 ：0
ath6kl_htc_pipe_create : 0 : 10 : 25539.789035144702 : 3978 : 1 : 14 : 0 : 0 : 9 : 2 : 0.3999999999999999 ：0
ath6kl_htc_pipe_add_rxbuf_multiple : 2 : 4 : 11460.461538461537 : 3978 : 1 : 13 : 0 : 0 : 3 : 3 : 0.8 ：0
htc_wait_recv_ctrl_message : 1 : 4 : 2678.8999999999996 : 3978 : 3 : 4 : 3 : 0 : 1 : 3 : 0.8 ：0
htc_flush_rx_queue : 2 : 3 : 7363.11588158485 : 3978 : 2 : 12 : 1 : 0 : 2 : 2 : 0.8 ：0
ath6kl_htc_pipe_stop : 1 : 2 : 3476.05679455728 : 3978 : 1 : 33 : 0 : 0 : 2 : 2 : 1.0 ：0
reset_endpoint_states : 1 : 2 : 5316.398669106605 : 3978 : 2 : 1 : 2 : 0 : 2 : 2 : 1.0 ：0
ath6kl_htc_pipe_get_rxbuf_num : 2 : 1 : 1142.1677247125058 : 3978 : 1 : 3 : 0 : 0 : 2 : 1 : 0.8 ：0
recv_packet_completion : 3 : 2 : 816.8444099337116 : 3978 : 2 : 6 : 1 : 0 : 1 : 1 : 1.0 ：0
ath6kl_htc_pipe_rx_complete : 3 : 26 : 90428.48675379016 : 3978 : 1 : 88 : 0 : 0 : 16 : 3 : 0.3999999999999999 ：1
free_htc_packet_container : 2 : 2 : 4041.644444385699 : 3978 : 2 : 2 : 2 : 0 : 1 : 2 : 0.8 ：0
do_recv_completion : 2 : 3 : 2812.5 : 3978 : 3 : 3 : 5 : 0 : 1 : 2 : 1.0 ：0
htc_process_trailer : 4 : 8 : 21284.818308640446 : 3978 : 2 : 61 : 1 : 0 : 5 : 4 : 0.6 ：0
alloc_htc_packet_container : 0 : 2 : 4053.1115126270834 : 3978 : 3 : 2 : 3 : 0 : 3 : 2 : 0.8 ：0
htc_lookup_tx_packet : 0 : 3 : 5209.877505326714 : 3978 : 2 : 4 : 1 : 0 : 1 : 3 : 0.8 ：0
htc_flush_tx_endpoint : 3 : 2 : 2381.463958373484 : 3978 : 2 : 17 : 2 : 0 : 1 : 2 : 0.8 ：0
htc_send_packets_multiple : 2 : 5 : 8715.60144347727 : 3978 : 4 : 64 : 4 : 0 : 1 : 3 : 1.0 ：0
htc_setup_target_buffer_assignments : 1 : 15 : 79989.15401299464 : 3978 : 2 : 1 : 1 : 0 : 8 : 4 : 0.3999999999999999 ：0
build_htc_txctrl_packet : 0 : 3 : 3559.3970362802893 : 3978 : 4 : 2 : 4 : 0 : 5 : 2 : 0.8 ：0
ath6kl_htc_pipe_tx_complete : 2 : 4 : 12175.427420994973 : 3978 : 1 : 71 : 0 : 0 : 4 : 2 : 1.0 ：0
htc_process_credit_report : 4 : 6 : 11662.860836372873 : 3978 : 3 : 58 : 2 : 0 : 2 : 3 : 0.8 ：0
destroy_htc_txctrl_packet : 1 : 1 : 583.794421382166 : 3978 : 4 : 2 : 5 : 0 : 1 : 1 : 1.0 ：0
htc_try_send : 3 : 25 : 133251.689641629 : 3978 : 5 : 52 : 9 : 0 : 10 : 5 : 0.19999999999999996 ：0
htc_issue_packets : 3 : 10 : 54071.61644041409 : 3978 : 6 : 25 : 10 : 0 : 6 : 4 : 0.19999999999999996 ：0
get_htc_packet_credit_based : 3 : 9 : 39838.18766078156 : 3978 : 6 : 6 : 10 : 0 : 4 : 4 : 0.3999999999999999 ：0
send_packet_completion : 2 : 2 : 2274.7381810350034 : 3978 : 7 : 11 : 15 : 0 : 2 : 1 : 0.8 ：0
get_htc_packet : 4 : 3 : 10128.202487639317 : 3978 : 6 : 6 : 10 : 0 : 1 : 2 : 0.8 ：0
do_send_completion : 2 : 5 : 11630.079142722298 : 3978 : 8 : 6 : 21 : 0 : 1 : 3 : 0.8 ：0
restore_tx_packet : 1 : 2 : 1149.6328732400384 : 3978 : 8 : 1 : 16 : 0 : 0 : 2 : 0.8 ：0
