io_task_work_match : 2 : 3 : 1423.630856473919 : 165 : 0 : 57 : 61 : 0 : 2 : 1 : 0.8 ：0
io_acct_cancel_pending_work : 3 : 2 : 5729.685153149065 : 165 : 0 : 12 : 152 : 0 : 3 : 2 : 0.6 ：0
io_wq_cpu_affinity : 2 : 2 : 2315.637607677476 : 165 : 1 : 5 : 0 : 0 : 2 : 2 : 0.8 ：0
io_wq_worker_affinity : 2 : 2 : 1361.7338627141833 : 165 : 0 : 0 : 0 : 0 : 2 : 1 : 1.0 ：0
__io_wq_cpu_online : 3 : 1 : 1608.2707727905852 : 165 : 0 : 0 : 0 : 0 : 1 : 2 : 0.8 ：0
io_wq_exit_workers : 1 : 2 : 6540.466113854675 : 165 : 2 : 778 : 1 : 0 : 2 : 2 : 0.8 ：0
io_wq_init : 1 : 2 : 1085.1855327353146 : 165 : 1 : 5 : 0 : 0 : 2 : 1 : 1.0 ：0
io_wq_create : 0 : 14 : 45468.950933237844 : 165 : 1 : 31 : 0 : 0 : 8 : 3 : 0.3999999999999999 ：0
io_wq_destroy : 1 : 1 : 3385.326791183678 : 165 : 2 : 21 : 1 : 0 : 2 : 3 : 0.8 ：0
io_wqe_cancel_pending_work : 2 : 5 : 2265.564045148476 : 165 : 3 : 14 : 3 : 0 : 3 : 3 : 1.0 ：0
io_wq_max_workers : 2 : 8 : 24477.701340115596 : 165 : 1 : 8 : 0 : 0 : 3 : 3 : 0.8 ：0
io_wqe_remove_pending : 3 : 6 : 6746.877134641933 : 165 : 0 : 6 : 153 : 0 : 2 : 2 : 0.8 ：0
io_wq_cancel_cb : 4 : 12 : 17458.379398447614 : 165 : 1 : 32 : 0 : 0 : 7 : 2 : 0.6 ：0
io_wq_cancel_tw_create : 1 : 2 : 1815.645150285578 : 165 : 0 : 74 : 67 : 0 : 2 : 2 : 0.8 ：1
io_wqe_hash_wake : 4 : 3 : 4109.224733488171 : 165 : 2 : 6 : 1 : 0 : 3 : 2 : 0.8 ：0
io_wq_put_and_exit : 1 : 1 : 411.19433158222125 : 165 : 1 : 803 : 0 : 0 : 0 : 1 : 1.0 ：0
io_run_cancel : 2 : 3 : 1139.9892745168604 : 165 : 0 : 0 : 224 : 0 : 1 : 2 : 0.8 ：0
io_wq_worker_cancel : 2 : 4 : 3885.653883882676 : 165 : 3 : 2 : 2 : 0 : 1 : 1 : 0.8 ：0
__io_wq_worker_cancel : 3 : 3 : 850.0823565931818 : 165 : 0 : 0 : 0 : 0 : 2 : 2 : 1.0 ：0
create_io_worker : 3 : 7 : 11977.717126942007 : 165 : 0 : 627 : 70 : 0 : 6 : 2 : 0.3999999999999999 ：0
io_wqe_insert_work : 2 : 4 : 5160.415184103698 : 165 : 0 : 6 : 71 : 0 : 3 : 2 : 0.8 ：0
io_wqe_enqueue : 2 : 10 : 15173.16480948332 : 165 : 0 : 667 : 70 : 0 : 5 : 3 : 0.19999999999999996 ：0
io_wq_for_each_worker : 3 : 5 : 2943.181818181818 : 165 : 3 : 7 : 4 : 0 : 3 : 3 : 0.8 ：0
io_wq_hash_work : 2 : 1 : 540.4222801869237 : 165 : 1 : 1 : 0 : 0 : 0 : 1 : 1.0 ：0
create_worker_cont : 1 : 6 : 12053.701206955091 : 165 : 0 : 42 : 76 : 0 : 4 : 4 : 0.6 ：0
io_workqueue_create : 1 : 2 : 1238.9527205343775 : 165 : 0 : 402 : 63 : 0 : 2 : 1 : 0.8 ：0
io_wq_worker_sleeping : 1 : 4 : 1776.4060510764084 : 165 : 1 : 1098 : 0 : 0 : 1 : 1 : 1.0 ：0
io_should_retry_thread : 1 : 7 : 1728.4697366524356 : 165 : 0 : 1 : 148 : 0 : 3 : 2 : 0.8 ：0
io_init_new_worker : 3 : 1 : 2586.6588011769268 : 165 : 0 : 6 : 148 : 0 : 0 : 1 : 0.6 ：0
io_wqe_worker : 1 : 9 : 16926.962474060914 : 165 : 0 : 198 : 76 : 0 : 7 : 3 : 0.3999999999999999 ：0
io_worker_handle_work : 1 : 17 : 33145.656762271516 : 165 : 0 : 21 : 74 : 0 : 5 : 4 : 0.19999999999999996 ：0
io_wq_worker_running : 1 : 4 : 1705.349809033352 : 165 : 1 : 4 : 0 : 0 : 1 : 1 : 1.0 ：0
io_wqe_dec_running : 1 : 4 : 3068.4840430133463 : 165 : 0 : 113 : 58 : 0 : 2 : 1 : 0.8 ：0
io_wait_on_hash : 2 : 3 : 4634.537097160579 : 165 : 1 : 5 : 0 : 0 : 3 : 3 : 0.8 ：0
io_assign_current_work : 2 : 2 : 891.6057821265744 : 165 : 0 : 4 : 75 : 0 : 0 : 2 : 0.6 ：0
__io_worker_busy : 2 : 2 : 869.8120926180723 : 165 : 0 : 0 : 0 : 0 : 0 : 2 : 0.8 ：0
io_acct_run_queue : 1 : 3 : 1139.9376129263674 : 165 : 0 : 4 : 136 : 0 : 2 : 1 : 0.6 ：0
create_worker_cb : 1 : 3 : 9661.146678131028 : 165 : 0 : 12 : 107 : 0 : 5 : 2 : 0.6 ：0
io_wqe_create_worker : 2 : 4 : 5948.172633946999 : 165 : 0 : 633 : 68 : 0 : 1 : 2 : 0.6 ：0
io_queue_worker_create : 3 : 11 : 16133.152742412054 : 165 : 0 : 90 : 85 : 0 : 7 : 2 : 0.3999999999999999 ：0
io_worker_exit : 1 : 4 : 6062.102864651973 : 165 : 0 : 158 : 68 : 0 : 2 : 2 : 0.6 ：0
io_task_worker_match : 2 : 2 : 1067.3331337352388 : 165 : 0 : 14 : 66 : 0 : 3 : 1 : 0.8 ：0
io_worker_cancel_cb : 1 : 1 : 3147.9716848426665 : 165 : 0 : 12 : 137 : 0 : 3 : 1 : 0.6 ：0
