siw_cm_llp_state_change : 1 : 7 : 8534.275532535188 : 253 : 5 : 222 : 5 : 0 : 1 : 2 : 0.8 ：0
siw_cm_llp_error_report : 1 : 2 : 2005.4625978154336 : 253 : 5 : 2 : 5 : 0 : 1 : 2 : 1.0 ：0
siw_cm_llp_write_space : 1 : 2 : 776.096356706143 : 253 : 5 : 2 : 5 : 0 : 1 : 1 : 1.0 ：0
siw_create_listen : 2 : 19 : 42106.17649158513 : 253 : 1 : 530 : 0 : 4 : 7 : 5 : 0.3999999999999999 ：0
siw_cm_exit : 1 : 2 : 213.96993759735608 : 253 : 1 : 2 : 0 : 0 : 0 : 2 : 1.0 ：0
siw_reject : 3 : 3 : 10678.175911053779 : 253 : 1 : 39 : 0 : 0 : 1 : 2 : 1.0 ：1
kernel_bindconnect : 3 : 3 : 6268.569003980309 : 253 : 2 : 1 : 1 : 0 : 2 : 1 : 1.0 ：0
siw_drop_listeners : 1 : 4 : 8736.291190904998 : 253 : 2 : 29 : 1 : 0 : 1 : 3 : 1.0 ：0
siw_connect : 2 : 40 : 155406.5021331318 : 253 : 1 : 748 : 0 : 0 : 15 : 3 : 0.3999999999999999 ：0
siw_cm_work_handler : 1 : 38 : 113632.79667399214 : 253 : 0 : 204 : 17 : 0 : 4 : 5 : 0.19999999999999996 ：0
siw_cm_queue_work : 2 : 4 : 8483.005281753964 : 253 : 0 : 217 : 17 : 0 : 1 : 2 : 0.8 ：0
siw_cm_llp_data_ready : 1 : 7 : 5362.860699655919 : 253 : 5 : 222 : 5 : 0 : 2 : 2 : 0.8 ：0
siw_listen_address : 4 : 18 : 57973.65360532615 : 253 : 2 : 514 : 1 : 0 : 12 : 3 : 0.3999999999999999 ：1
siw_destroy_listen : 1 : 2 : 1345.4742255088531 : 253 : 1 : 32 : 0 : 0 : 0 : 2 : 1.0 ：1
siw_cm_init : 1 : 3 : 720.6609026557043 : 253 : 1 : 1 : 0 : 0 : 0 : 1 : 1.0 ：0
siw_accept : 2 : 33 : 158939.38736207658 : 253 : 1 : 83 : 0 : 0 : 14 : 4 : 0.3999999999999999 ：0
siw_accept_newconn : 1 : 21 : 39117.03727118242 : 253 : 0 : 83 : 17 : 0 : 12 : 3 : 0.19999999999999996 ：0
siw_proc_mpareq : 1 : 32 : 69627.1492573577 : 253 : 0 : 30 : 36 : 0 : 8 : 3 : 0.3999999999999999 ：0
siw_proc_mpareply : 1 : 45 : 109757.54620017183 : 253 : 0 : 34 : 18 : 0 : 18 : 4 : 0.19999999999999996 ：0
siw_send_mpareqrep : 3 : 4 : 25184.188448429173 : 253 : 0 : 3 : 40 : 0 : 6 : 2 : 0.8 ：0
siw_qp_cm_drop : 2 : 17 : 16995.04173395623 : 253 : 1 : 253 : 0 : 0 : 2 : 4 : 0.6 ：0
siw_cm_upcall : 3 : 10 : 33364.68319928614 : 253 : 0 : 6 : 79 : 0 : 3 : 4 : 0.3999999999999999 ：0
siw_recv_mpa_rr : 1 : 15 : 58860.04994616515 : 253 : 0 : 4 : 56 : 0 : 6 : 3 : 0.3999999999999999 ：0
siw_cep_set_inuse : 1 : 4 : 2815.0411200867206 : 253 : 0 : 5 : 44 : 0 : 1 : 2 : 0.6 ：0
siw_cep_set_free : 1 : 1 : 971.6168748930963 : 253 : 0 : 3 : 44 : 0 : 0 : 1 : 0.6 ：0
siw_get_work : 0 : 2 : 2090.313192302744 : 253 : 0 : 5 : 18 : 0 : 2 : 2 : 0.6 ：0
siw_put_work : 1 : 1 : 1057.7777777777778 : 253 : 0 : 4 : 18 : 0 : 0 : 1 : 0.6 ：0
siw_cm_free_work : 1 : 1 : 1810.7007537674597 : 253 : 0 : 4 : 22 : 0 : 1 : 2 : 0.8 ：0
siw_cm_alloc_work : 2 : 4 : 3043.4351936826256 : 253 : 0 : 9 : 21 : 0 : 1 : 3 : 0.6 ：0
siw_cancel_mpatimer : 1 : 3 : 2253.703188821262 : 253 : 0 : 8 : 39 : 0 : 0 : 3 : 0.6 ：0
__siw_cep_dealloc : 1 : 2 : 5727.586054023306 : 253 : 0 : 0 : 0 : 0 : 2 : 1 : 0.8 ：0
siw_cep_alloc : 0 : 2 : 5566.280494602057 : 253 : 0 : 9 : 21 : 0 : 3 : 1 : 0.6 ：0
siw_cep_socket_assoc : 2 : 1 : 897.3639336788317 : 253 : 3 : 461 : 3 : 0 : 0 : 1 : 1.0 ：0
siw_sk_assign_rtr_upcalls : 1 : 1 : 1084.380041613599 : 253 : 2 : 20 : 1 : 0 : 1 : 1 : 0.8 ：0
siw_rtr_data_ready : 1 : 7 : 8050.000000000001 : 253 : 3 : 17 : 2 : 0 : 4 : 2 : 0.6 ：0
siw_qp_socket_assoc : 2 : 1 : 1671.2188315128615 : 253 : 0 : 2 : 23 : 0 : 2 : 1 : 0.6 ：0
siw_socket_disassoc : 1 : 3 : 4241.917995398071 : 253 : 0 : 9 : 44 : 0 : 2 : 3 : 0.6 ：0
siw_sk_restore_upcalls : 2 : 1 : 878.8544330585094 : 253 : 0 : 0 : 45 : 0 : 0 : 1 : 0.8 ：0
siw_sk_save_upcalls : 1 : 1 : 2256.046465531203 : 253 : 4 : 3 : 4 : 0 : 1 : 1 : 0.8 ：0
siw_sk_assign_cm_upcalls : 1 : 1 : 892.0647778231529 : 253 : 4 : 454 : 4 : 0 : 0 : 1 : 0.8 ：0
