rtl871x_hal_init : 1 : 4 : 2690.2340110637338 : 4005 : 1 : 32 : 0 : 0 : 4 : 2 : 1.0 ：0
chk_fwhdr : 2 : 5 : 6387.545737782007 : 4005 : 4 : 1 : 3 : 0 : 4 : 1 : 1.0 ：0
rtl8712_dl_fw : 1 : 40 : 171119.45629310462 : 4005 : 3 : 24 : 2 : 0 : 21 : 4 : 0.6 ：0
rtl8712_hal_deinit : 1 : 3 : 14960.90170281225 : 4005 : 1 : 2 : 0 : 0 : 1 : 1 : 1.0 ：0
rtl871x_load_fw_cb : 2 : 2 : 5026.441380011882 : 3467 : 2 : 7 : 1 : 0 : 3 : 2 : 1.0 ：1
update_fwhdr : 2 : 1 : 8227.001936532479 : 4005 : 4 : 2 : 3 : 0 : 0 : 1 : 1.0 ：0
rtl871x_load_fw : 1 : 2 : 2685.341911620262 : 3467 : 1 : 12 : 0 : 0 : 3 : 1 : 1.0 ：0
rtl871x_open_fw : 2 : 2 : 2020.6360858926528 : 4005 : 4 : 1 : 3 : 0 : 0 : 2 : 1.0 ：0
fill_fwpriv : 2 : 5 : 9317.697982721025 : 4005 : 4 : 1 : 3 : 0 : 2 : 2 : 1.0 ：0
rtl8712_hal_init : 1 : 4 : 28503.256657511483 : 4005 : 2 : 31 : 1 : 0 : 4 : 1 : 1.0 ：0
r871x_dev_unload : 1 : 4 : 4134.3746831311355 : 4005 : 2 : 4 : 1 : 0 : 0 : 3 : 1.0 ：0
r871xu_drv_init : 2 : 53 : 190983.02153626474 : 4005 : 1 : 28 : 0 : 0 : 10 : 4 : 0.3999999999999999 ：0
rtl871x_intf_stop : 1 : 4 : 2608.952694249999 : 2007 : 3 : 1 : 3 : 0 : 0 : 2 : 1.0 ：0
r871xu_dev_remove : 1 : 9 : 10966.259643642836 : 4005 : 1 : 19 : 0 : 0 : 4 : 2 : 0.8 ：1
r871x_resume : 1 : 2 : 2466.7640008494823 : 4005 : 1 : 5 : 0 : 0 : 2 : 1 : 1.0 ：0
r871x_suspend : 2 : 2 : 2606.086956521739 : 4005 : 1 : 7 : 0 : 0 : 2 : 1 : 1.0 ：0
r8712_usb_dvobj_init : 1 : 3 : 7104.853836743384 : 4005 : 2 : 2 : 1 : 0 : 6 : 2 : 1.0 ：0
disable_ht_for_spec_devid : 2 : 5 : 7630.3094857292035 : 4005 : 2 : 1 : 1 : 0 : 3 : 3 : 1.0 ：0
