isotp_getsockopt : 5 : 11 : 14894.220431993457 : 927 : 1 : 5 : 0 : 0 : 4 : 2 : 0.8 ：0
isotp_setsockopt_locked : 5 : 31 : 44065.56420678128 : 711 : 2 : 5 : 1 : 0 : 5 : 3 : 0.6 ：0
isotp_setsockopt : 5 : 2 : 1697.9099193863838 : 711 : 1 : 8 : 0 : 0 : 3 : 1 : 1.0 ：0
isotp_release : 1 : 11 : 23375.92402698012 : 927 : 1 : 157 : 0 : 0 : 4 : 4 : 0.3999999999999999 ：0
isotp_init : 1 : 3 : 18256.926341466235 : 927 : 1 : 36 : 0 : 0 : 1 : 1 : 0.8 ：0
isotp_notifier : 3 : 6 : 4498.223582951644 : 676 : 1 : 154 : 0 : 0 : 5 : 2 : 0.8 ：0
isotp_poll : 3 : 4 : 3322.473590967797 : 18 : 1 : 3 : 0 : 0 : 4 : 1 : 1.0 ：0
isotp_getname : 3 : 2 : 3842.1159302385454 : 927 : 1 : 2 : 0 : 0 : 4 : 1 : 1.0 ：0
isotp_sendmsg : 3 : 47 : 159140.45850658862 : 927 : 1 : 25 : 0 : 0 : 21 : 3 : 0.3999999999999999 ：0
isotp_rcv_echo : 2 : 8 : 18676.452766579187 : 80 : 3 : 21 : 4 : 0 : 3 : 2 : 0.8 ：0
isotp_bind : 3 : 27 : 49825.83370303692 : 927 : 1 : 149 : 0 : 0 : 16 : 2 : 0.6 ：1
isotp_recvmsg : 4 : 8 : 12055.75138009244 : 927 : 1 : 6 : 0 : 0 : 7 : 2 : 0.8 ：0
isotp_module_init : 1 : 2 : 1185.0129882871993 : 927 : 1 : 5 : 0 : 0 : 2 : 1 : 1.0 ：0
isotp_notify : 3 : 10 : 12225.670768263166 : 676 : 2 : 148 : 1 : 0 : 1 : 3 : 0.8 ：0
isotp_tx_timer_handler : 1 : 4 : 6015.322957160958 : 927 : 2 : 4 : 1 : 0 : 3 : 1 : 1.0 ：0
isotp_txfr_timer_handler : 1 : 3 : 2672.0230962425803 : 80 : 2 : 19 : 1 : 0 : 1 : 1 : 1.0 ：0
isotp_create_fframe : 3 : 4 : 33766.70910195517 : 927 : 2 : 0 : 1 : 0 : 2 : 2 : 1.0 ：0
isotp_rcv : 2 : 21 : 54856.751650227015 : 80 : 3 : 112 : 4 : 0 : 5 : 4 : 0.3999999999999999 ：0
isotp_fill_dataframe : 4 : 8 : 21910.727718817878 : 927 : 6 : 3 : 15 : 0 : 4 : 3 : 0.6 ：0
isotp_send_cframe : 1 : 6 : 33318.72020018507 : 167 : 5 : 15 : 13 : 0 : 6 : 2 : 0.3999999999999999 ：0
isotp_rcv_ff : 3 : 10 : 54480.1681336786 : 927 : 4 : 21 : 5 : 0 : 4 : 2 : 0.6 ：0
isotp_rcv_cf : 4 : 22 : 76247.07375903988 : 927 : 4 : 39 : 5 : 0 : 3 : 3 : 0.3999999999999999 ：0
isotp_send_fc : 3 : 7 : 35319.08810220987 : 927 : 5 : 17 : 12 : 0 : 5 : 2 : 0.19999999999999996 ：0
check_pad : 4 : 8 : 11685.90142218924 : 927 : 5 : 3 : 18 : 0 : 1 : 2 : 0.6 ：0
check_optimized : 2 : 4 : 13613.257813119597 : 927 : 6 : 1 : 19 : 0 : 0 : 1 : 0.8 ：0
isotp_rcv_fc : 3 : 21 : 57196.92834881635 : 927 : 4 : 27 : 5 : 0 : 1 : 2 : 0.6 ：0
isotp_rcv_sf : 5 : 7 : 12516.292371545018 : 927 : 4 : 17 : 5 : 0 : 2 : 2 : 0.8 ：0
isotp_rx_timer_handler : 1 : 3 : 3921.1831107793873 : 927 : 2 : 3 : 1 : 0 : 2 : 2 : 1.0 ：0
isotp_rcv_skb : 2 : 2 : 3031.240782629211 : 927 : 5 : 4 : 12 : 0 : 1 : 1 : 0.8 ：0
