percpu_ref_resurrect : 1 : 1 : 2159.9902987128357 : 1321 : 2 : 5 : 1 : 0 : 0 : 1 : 0.8 ：0
percpu_ref_init : 4 : 5 : 12480.719270713378 : 2873 : 1 : 4 : 0 : 0 : 1 : 2 : 0.6 ：1
percpu_ref_switch_to_atomic : 2 : 1 : 806.7599110456409 : 1874 : 2 : 2 : 1 : 0 : 0 : 1 : 0.8 ：0
percpu_ref_is_zero : 1 : 3 : 3364.809659115898 : 581 : 2 : 3 : 1 : 0 : 2 : 1 : 0.8 ：0
percpu_ref_switch_to_percpu : 1 : 1 : 806.7599110456409 : 1874 : 1 : 2 : 0 : 0 : 0 : 1 : 0.8 ：0
percpu_ref_exit : 1 : 2 : 2294.2468818819643 : 581 : 1 : 4 : 0 : 0 : 1 : 1 : 0.8 ：0
percpu_ref_kill_and_confirm : 2 : 1 : 1601.6666666666667 : 3127 : 1 : 5 : 0 : 0 : 0 : 1 : 0.8 ：0
__percpu_ref_switch_mode : 2 : 4 : 3530.663526702269 : 2098 : 0 : 0 : 0 : 0 : 1 : 1 : 0.8 ：0
__percpu_ref_switch_to_atomic : 2 : 4 : 4025.3018543971925 : 2098 : 0 : 0 : 0 : 0 : 0 : 2 : 1.0 ：0
percpu_ref_switch_to_atomic_rcu : 1 : 4 : 21662.16393170647 : 2785 : 0 : 0 : 0 : 0 : 3 : 2 : 1.0 ：0
percpu_ref_call_confirm_rcu : 1 : 2 : 2991.24306261362 : 2098 : 0 : 0 : 1 : 0 : 1 : 1 : 1.0 ：0
__percpu_ref_exit : 1 : 3 : 1668.9655132593775 : 581 : 0 : 0 : 0 : 0 : 0 : 2 : 1.0 ：0
__percpu_ref_switch_to_percpu : 1 : 3 : 5480.434532457766 : 2098 : 0 : 0 : 0 : 0 : 1 : 1 : 1.0 ：0
