copy_data : 3 : 2 : 2524.147571479813 : 221 : 4 : 7 : 4 : 0 : 1 : 1 : 1.0 ：0
request_entropy : 1 : 2 : 3024.4061258437523 : 221 : 5 : 4 : 8 : 0 : 1 : 1 : 0.8 ：0
probe_common : 1 : 6 : 12528.070517555945 : 3602 : 2 : 29 : 2 : 0 : 4 : 2 : 1.0 ：1
virtrng_restore : 1 : 4 : 3110.3867315937487 : 3602 : 1 : 31 : 0 : 0 : 3 : 3 : 1.0 ：0
virtio_read : 4 : 8 : 14844.932092786783 : 1677 : 3 : 9 : 3 : 0 : 7 : 2 : 0.8 ：0
remove_common : 1 : 2 : 2636.413043478261 : 3602 : 2 : 5 : 2 : 0 : 1 : 1 : 1.0 ：0
virtrng_scan : 1 : 2 : 760.6593447001758 : 2875 : 1 : 1 : 0 : 0 : 2 : 1 : 1.0 ：0
random_recv_done : 1 : 2 : 2183.7763206092327 : 5124 : 3 : 2 : 3 : 0 : 1 : 1 : 1.0 ：0
