bpf_ringbuf_free : 1 : 2 : 4384.241140546235 : 297 : 2 : 2 : 1 : 0 : 1 : 1 : 1.0 ：0
bpf_ringbuf_mmap_page_cnt : 1 : 1 : 975.2097998526922 : 297 : 2 : 0 : 1 : 0 : 1 : 1 : 1.0 ：0
ringbuf_avail_data_sz : 1 : 1 : 844.7423205250701 : 297 : 2 : 1 : 2 : 0 : 0 : 1 : 1.0 ：0
bpf_ringbuf_commit : 3 : 8 : 6977.3380441916315 : 297 : 2 : 4 : 2 : 0 : 3 : 1 : 0.8 ：0
__bpf_ringbuf_reserve : 0 : 6 : 14270.061668052595 : 297 : 0 : 0 : 0 : 0 : 4 : 2 : 0.6 ：0
bpf_ringbuf_area_alloc : 0 : 8 : 48068.58565813798 : 297 : 3 : 4 : 2 : 0 : 10 : 3 : 0.3999999999999999 ：0
bpf_ringbuf_alloc : 0 : 2 : 2394.212118471556 : 297 : 2 : 11 : 1 : 0 : 3 : 1 : 0.8 ：0
bpf_ringbuf_restore_from_rec : 0 : 1 : 1434.4542004961554 : 297 : 3 : 0 : 3 : 0 : 0 : 1 : 1.0 ：0
ringbuf_map_mmap : 2 : 2 : 3048.4057825217924 : 297 : 1 : 3 : 0 : 0 : 2 : 1 : 1.0 ：0
ringbuf_map_poll : 3 : 2 : 1504.6094054870107 : 297 : 1 : 4 : 0 : 0 : 1 : 1 : 1.0 ：0
ringbuf_map_free : 1 : 1 : 997.851866120239 : 297 : 1 : 5 : 0 : 0 : 1 : 1 : 1.0 ：0
ringbuf_map_alloc : 0 : 9 : 8687.264270311309 : 297 : 1 : 18 : 0 : 0 : 1 : 2 : 0.6 ：0
