smc_tx_write_space : 1 : 8 : 6095.364684956702 : 1618 : 2 : 11 : 1 : 0 : 3 : 2 : 0.6 ：0
smcr_tx_sndbuf_nonempty : 1 : 12 : 19355.55555555556 : 1082 : 3 : 33 : 3 : 0 : 10 : 3 : 0.3999999999999999 ：0
smc_tx_sendmsg : 3 : 37 : 72043.88843044784 : 1618 : 1 : 101 : 0 : 0 : 13 : 4 : 0.6 ：1
smc_tx_work : 1 : 6 : 4698.028683289517 : 1125 : 1 : 71 : 0 : 0 : 3 : 1 : 0.8 ：0
smc_tx_rdma_writes : 2 : 13 : 59273.458315058044 : 1082 : 4 : 24 : 8 : 0 : 3 : 2 : 0.19999999999999996 ：0
smc_tx_rdma_write : 4 : 2 : 8904.087614369426 : 1082 : 6 : 3 : 10 : 0 : 4 : 1 : 0.8 ：0
smcd_tx_sndbuf_nonempty : 1 : 5 : 3585.1899744041484 : 1082 : 3 : 28 : 3 : 0 : 3 : 2 : 0.8 ：0
smc_tx_sndbuf_nonempty : 1 : 6 : 4024.195896292361 : 1618 : 2 : 65 : 2 : 0 : 2 : 2 : 0.8 ：0
smc_tx_consumer_update : 2 : 13 : 16641.84054640787 : 1618 : 1 : 6 : 0 : 0 : 2 : 3 : 0.6 ：0
smcr_tx_rdma_writes : 7 : 7 : 33532.132349835774 : 1082 : 5 : 6 : 9 : 0 : 6 : 3 : 0.6 ：0
smcd_tx_ism_write : 5 : 2 : 3569.1267371265344 : 1082 : 6 : 2 : 10 : 0 : 3 : 1 : 0.8 ：0
smc_tx_advance_cursors : 4 : 1 : 2596.7663640523515 : 1618 : 5 : 4 : 9 : 0 : 0 : 1 : 0.8 ：0
smc_tx_wait : 2 : 15 : 15804.416641960706 : 1618 : 2 : 13 : 1 : 0 : 5 : 3 : 0.8 ：0
smcd_tx_rdma_writes : 6 : 7 : 22599.443220995938 : 1082 : 5 : 4 : 9 : 0 : 4 : 3 : 0.6 ：0
