autofs_catatonic_mode : 1 : 3 : 8893.917048798086 : 1610 : 3 : 6 : 2 : 0 : 0 : 2 : 0.8 ：1
autofs_wait : 3 : 33 : 136228.047382886 : 1610 : 1 : 72 : 0 : 0 : 11 : 3 : 0.3999999999999999 ：0
autofs_wait_release : 3 : 5 : 8420.370414157054 : 1610 : 3 : 4 : 2 : 0 : 0 : 2 : 0.8 ：0
autofs_find_wait : 0 : 6 : 3866.0102779874583 : 1610 : 3 : 1 : 2 : 0 : 2 : 2 : 1.0 ：0
validate_request : 5 : 21 : 44196.678348605994 : 1610 : 2 : 12 : 1 : 0 : 8 : 4 : 0.3999999999999999 ：0
autofs_write : 4 : 6 : 10619.511789028067 : 1610 : 3 : 7 : 2 : 0 : 3 : 2 : 0.8 ：0
autofs_notify_daemon : 3 : 11 : 66929.86001092363 : 1610 : 2 : 29 : 1 : 0 : 9 : 3 : 0.6 ：0
