ipcomp_alloc_tfms : 0 : 7 : 12722.736351286654 : 4757 : 2 : 21 : 1 : 0 : 8 : 3 : 0.6 ：0
ipcomp_decompress : 2 : 8 : 23138.350373488996 : 4757 : 2 : 11 : 1 : 0 : 11 : 2 : 0.6 ：0
ipcomp_destroy : 1 : 2 : 1021.7206066525363 : 4757 : 1 : 19 : 0 : 0 : 1 : 1 : 0.8 ：0
ipcomp_free_scratches : 1 : 3 : 1588.415239238462 : 4757 : 3 : 4 : 3 : 0 : 1 : 1 : 1.0 ：1
ipcomp_alloc_scratches : 0 : 4 : 3728.969426982931 : 4757 : 2 : 5 : 1 : 0 : 6 : 2 : 1.0 ：0
ipcomp_input : 2 : 5 : 5622.215073646217 : 4757 : 1 : 13 : 0 : 0 : 6 : 1 : 1.0 ：0
ipcomp_init_state : 1 : 12 : 9311.605816975085 : 4757 : 1 : 49 : 0 : 0 : 10 : 1 : 0.6 ：0
ipcomp_free_tfms : 1 : 4 : 3769.693010721649 : 4757 : 3 : 8 : 5 : 0 : 3 : 2 : 0.8 ：0
ipcomp_output : 2 : 7 : 7082.7963497903065 : 4757 : 1 : 14 : 0 : 0 : 6 : 2 : 1.0 ：0
ipcomp_compress : 2 : 5 : 9084.333641894267 : 4757 : 2 : 6 : 1 : 0 : 10 : 2 : 1.0 ：0
