convert_skb_to___skb : 2 : 2 : 5464.024655162585 : 1053 : 2 : 2 : 1 : 0 : 1 : 1 : 1.0 ：0
__bpf_prog_test_run_raw_tp : 1 : 1 : 795.2120305166392 : 516 : 0 : 0 : 0 : 0 : 1 : 1 : 0.8 ：0
bpf_prog_test_run_syscall : 3 : 15 : 15255.66888655306 : 284 : 1 : 9 : 0 : 0 : 6 : 2 : 0.6 ：0
bpf_prog_test_run_flow_dissector : 3 : 16 : 32158.792907116393 : 1125 : 1 : 32 : 0 : 0 : 12 : 2 : 0.3999999999999999 ：0
xdp_convert_buff_to_md : 2 : 3 : 1371.9053254745206 : 234 : 2 : 1 : 1 : 0 : 0 : 1 : 1.0 ：0
bpf_prog_test_run_sk_lookup : 3 : 32 : 54606.7252732226 : 359 : 1 : 34 : 0 : 0 : 14 : 3 : 0.3999999999999999 ：0
bpf_prog_test_run_tracing : 3 : 19 : 11817.292525559518 : 724 : 1 : 0 : 0 : 0 : 8 : 2 : 0.8 ：0
xdp_convert_md_to_buff : 2 : 12 : 11907.089417811905 : 234 : 2 : 3 : 1 : 0 : 4 : 2 : 0.6 ：0
bpf_prog_test_run_raw_tp : 3 : 20 : 25281.710402018874 : 516 : 1 : 10 : 0 : 0 : 5 : 2 : 0.6 ：0
verify_user_bpf_flow_keys : 1 : 3 : 2519.674862619547 : 947 : 2 : 4 : 1 : 0 : 0 : 1 : 1.0 ：0
bpf_prog_test_run_xdp : 3 : 29 : 89249.01853166262 : 1792 : 1 : 56 : 0 : 0 : 20 : 4 : 0.3999999999999999 ：0
bpf_prog_test_run_skb : 3 : 35 : 76977.72160335773 : 1792 : 1 : 67 : 0 : 0 : 17 : 4 : 0.3999999999999999 ：0
bpf_ctx_finish : 4 : 9 : 5789.329214829236 : 234 : 2 : 2 : 4 : 0 : 5 : 2 : 0.8 ：0
bpf_ctx_init : 0 : 7 : 8562.351594556842 : 234 : 2 : 8 : 4 : 0 : 5 : 3 : 0.6 ：0
BTF_ID : 0 : 6 : 5334.454337622765 : 39 : 0 : 0 : 0 : 0 : 2 : 2 : 0.8 ：0
convert___skb_to_skb : 2 : 13 : 55370.25975999449 : 1053 : 2 : 6 : 1 : 0 : 1 : 2 : 0.6 ：0
bpf_test_finish : 7 : 20 : 31931.819707168812 : 359 : 2 : 6 : 4 : 0 : 11 : 5 : 0.6 ：1
bpf_kfunc_call_test_acquire : 0 : 2 : 418.8090414263365 : 39 : 0 : 0 : 0 : 0 : 1 : 1 : 1.0 ：0
bpf_test_run : 6 : 6 : 13779.609702854668 : 1037 : 2 : 11 : 2 : 0 : 7 : 3 : 0.8 ：0
