n_hdlc_init : 1 : 2 : 2464.2652510448393 : 0 : 1 : 4 : 0 : 0 : 2 : 1 : 1.0 ：0
n_hdlc_exit : 1 : 2 : 1640.3034276748479 : 0 : 1 : 3 : 0 : 0 : 1 : 1 : 1.0 ：0
n_hdlc_buf_put : 2 : 1 : 1063.1943113422913 : 0 : 4 : 3 : 12 : 0 : 0 : 1 : 0.6 ：0
n_hdlc_alloc_buf : 3 : 4 : 2710.6002018181807 : 0 : 3 : 7 : 2 : 0 : 1 : 3 : 1.0 ：0
n_hdlc_buf_get : 0 : 2 : 2426.2563839228283 : 0 : 3 : 4 : 11 : 0 : 2 : 2 : 0.6 ：0
n_hdlc_tty_poll : 3 : 8 : 7602.777777777778 : 0 : 1 : 5 : 0 : 0 : 3 : 1 : 0.6 ：0
n_hdlc_buf_return : 2 : 1 : 1063.1943113422913 : 0 : 3 : 3 : 3 : 0 : 0 : 1 : 0.8 ：0
n_hdlc_tty_read : 4 : 11 : 13739.210933449916 : 0 : 1 : 20 : 0 : 0 : 4 : 4 : 0.3999999999999999 ：0
n_hdlc_tty_ioctl : 4 : 10 : 23809.00355832432 : 0 : 1 : 17 : 0 : 0 : 5 : 3 : 0.3999999999999999 ：0
n_hdlc_alloc : 0 : 2 : 8921.476772854096 : 0 : 2 : 11 : 1 : 0 : 3 : 1 : 0.8 ：0
n_hdlc_send_frames : 2 : 10 : 28820.543989625625 : 0 : 2 : 19 : 2 : 0 : 2 : 3 : 0.3999999999999999 ：1
n_hdlc_tty_close : 1 : 3 : 5164.1284136438735 : 0 : 1 : 11 : 0 : 0 : 1 : 2 : 0.8 ：1
flush_rx_queue : 1 : 2 : 1142.1677247125058 : 0 : 1 : 9 : 0 : 0 : 2 : 1 : 1.0 ：0
n_hdlc_tty_write : 4 : 8 : 13310.618041418005 : 0 : 1 : 38 : 0 : 0 : 4 : 3 : 0.6 ：0
flush_tx_queue : 1 : 2 : 1142.1677247125058 : 0 : 2 : 9 : 1 : 0 : 2 : 1 : 1.0 ：0
n_hdlc_tty_receive : 4 : 7 : 15766.940236614731 : 0 : 1 : 16 : 0 : 0 : 0 : 2 : 0.6 ：0
n_hdlc_tty_open : 1 : 4 : 6509.596173290853 : 0 : 1 : 16 : 0 : 0 : 1 : 2 : 1.0 ：1
n_hdlc_free_buf_list : 1 : 3 : 507.6515967668819 : 0 : 2 : 6 : 1 : 0 : 1 : 2 : 1.0 ：0
