nf_hook_entries_delete_raw : 2 : 2 : 1067.500800369232 : 1375 : 1 : 8 : 0 : 0 : 1 : 2 : 1.0 ：0
nf_ct_attach : 2 : 3 : 1304.518274565292 : 6024 : 1 : 3 : 0 : 0 : 1 : 2 : 0.8 ：0
nf_hook_slow_list : 3 : 2 : 3401.5801050384594 : 863 : 1 : 10 : 0 : 0 : 2 : 2 : 1.0 ：0
nf_ct_get_tuple_skb : 2 : 2 : 1328.722132708991 : 1326 : 1 : 3 : 0 : 0 : 3 : 1 : 0.8 ：0
nf_unregister_net_hook : 2 : 3 : 2836.0708780663354 : 502 : 3 : 0 : 2 : 0 : 0 : 3 : 1.0 ：0
__nf_unregister_net_hook : 3 : 7 : 8494.727963596879 : 502 : 0 : 0 : 0 : 0 : 1 : 2 : 0.6 ：0
nf_conntrack_destroy : 1 : 1 : 880.4795209683067 : 5420 : 1 : 4 : 0 : 0 : 1 : 1 : 0.8 ：0
nf_hook_slow : 4 : 8 : 8477.608668776262 : 863 : 2 : 4 : 1 : 0 : 3 : 3 : 1.0 ：0
__netfilter_net_init : 2 : 2 : 875.6842503028855 : 1510 : 0 : 0 : 0 : 0 : 1 : 1 : 1.0 ：0
nf_register_net_hooks : 3 : 5 : 3566.4458309180995 : 2418 : 1 : 3 : 0 : 0 : 4 : 2 : 1.0 ：0
netfilter_init : 1 : 5 : 1224.9154691736792 : 6024 : 1 : 3 : 0 : 0 : 4 : 1 : 1.0 ：0
__nf_register_net_hook : 3 : 16 : 18098.833737819106 : 502 : 0 : 0 : 0 : 0 : 2 : 2 : 0.3999999999999999 ：1
nf_register_net_hook : 2 : 7 : 8453.524610704631 : 502 : 2 : 0 : 1 : 0 : 5 : 4 : 0.8 ：0
nf_remove_net_hook : 2 : 3 : 3873.5663073306523 : 1375 : 2 : 3 : 1 : 0 : 3 : 2 : 1.0 ：0
netfilter_net_init : 1 : 4 : 9625.372200615657 : 1510 : 1 : 4 : 0 : 0 : 0 : 2 : 1.0 ：0
nf_unregister_net_hooks : 3 : 2 : 889.704818093462 : 2418 : 2 : 1 : 1 : 0 : 0 : 1 : 1.0 ：0
nf_static_key_dec : 2 : 3 : 1613.4483040037749 : 502 : 0 : 0 : 0 : 0 : 1 : 2 : 1.0 ：0
nf_static_key_inc : 2 : 3 : 1613.4483040037749 : 502 : 0 : 0 : 0 : 0 : 1 : 2 : 1.0 ：0
nf_hook_entry_head : 0 : 23 : 25631.16975327693 : 1510 : 0 : 0 : 0 : 0 : 9 : 3 : 0.6 ：0
nf_ingress_hook : 2 : 5 : 696.5670172863862 : 502 : 0 : 0 : 0 : 0 : 2 : 1 : 1.0 ：0
nf_hook_entries_insert_raw : 2 : 2 : 2404.9711702809805 : 1375 : 1 : 16 : 0 : 0 : 2 : 1 : 1.0 ：0
hooks_validate : 1 : 4 : 4671.071428571428 : 1375 : 2 : 2 : 1 : 0 : 3 : 2 : 1.0 ：0
__nf_hook_entries_try_shrink : 0 : 11 : 24702.129570332516 : 1375 : 0 : 0 : 0 : 0 : 8 : 2 : 0.8 ：0
nf_ingress_check : 3 : 5 : 1177.5591778531566 : 134 : 0 : 0 : 0 : 0 : 0 : 1 : 1.0 ：0
nf_hook_entries_free : 1 : 2 : 2796.466636719273 : 1375 : 2 : 2 : 2 : 0 : 2 : 1 : 1.0 ：0
__nf_hook_entries_free : 1 : 1 : 802.2857142857142 : 1510 : 0 : 0 : 0 : 0 : 1 : 1 : 1.0 ：0
nf_hook_entries_grow : 0 : 11 : 33948.40659655749 : 1375 : 2 : 4 : 1 : 0 : 5 : 3 : 0.3999999999999999 ：0
allocate_hook_entries_size : 0 : 3 : 3375.9701265360627 : 1643 : 3 : 1 : 2 : 0 : 3 : 1 : 0.8 ：0
