gen_estimator_read : 2 : 4 : 3040.434782608696 : 1474 : 1 : 5 : 0 : 0 : 4 : 2 : 0.8 ：0
est_fetch_counters : 2 : 3 : 1959.6493117012933 : 1474 : 4 : 3 : 5 : 0 : 0 : 1 : 0.8 ：0
est_timer : 1 : 2 : 17177.60878549508 : 5724 : 3 : 10 : 2 : 0 : 2 : 2 : 1.0 ：1
gen_new_estimator : 6 : 11 : 25902.717701538928 : 5724 : 2 : 29 : 1 : 0 : 3 : 2 : 0.3999999999999999 ：1
gen_kill_estimator : 1 : 2 : 1274.8701319615352 : 1474 : 1 : 3 : 0 : 0 : 1 : 2 : 1.0 ：0
