jfs_symlink : 4 : 26 : 126535.9292135972 : 6382 : 1 : 40 : 0 : 0 : 22 : 4 : 0.3999999999999999 ：1
jfs_unlink : 2 : 21 : 81773.45598975834 : 6400 : 1 : 36 : 0 : 0 : 14 : 3 : 0.3999999999999999 ：0
jfs_ci_hash : 2 : 2 : 2745.9475324994028 : 6400 : 1 : 4 : 0 : 0 : 1 : 1 : 1.0 ：0
jfs_rename : 6 : 73 : 257575.40640051942 : 3428 : 1 : 45 : 0 : 3 : 28 : 4 : 0.3999999999999999 ：0
jfs_lookup : 0 : 6 : 7556.232755885994 : 6400 : 1 : 9 : 0 : 0 : 5 : 2 : 0.8 ：0
jfs_mknod : 5 : 16 : 42562.19715839451 : 6400 : 1 : 32 : 0 : 0 : 16 : 2 : 0.3999999999999999 ：0
jfs_mkdir : 4 : 23 : 72828.52556551539 : 6400 : 1 : 34 : 0 : 0 : 15 : 3 : 0.3999999999999999 ：0
jfs_free_zero_link : 1 : 15 : 38551.869612553775 : 6382 : 1 : 9 : 0 : 0 : 9 : 2 : 0.3999999999999999 ：0
jfs_ci_compare : 4 : 6 : 3732.665264538213 : 6400 : 1 : 1 : 0 : 0 : 3 : 2 : 1.0 ：0
jfs_nfs_get_inode : 0 : 5 : 2942.170436712766 : 5482 : 2 : 5 : 2 : 0 : 2 : 2 : 1.0 ：0
jfs_ci_revalidate : 2 : 9 : 9496.784246941557 : 4309 : 1 : 1 : 0 : 0 : 0 : 1 : 0.8 ：0
jfs_rmdir : 2 : 17 : 64123.44493553439 : 6400 : 1 : 24 : 0 : 0 : 12 : 2 : 0.3999999999999999 ：0
free_ea_wmap : 1 : 2 : 2181.654265698532 : 6263 : 2 : 5 : 4 : 0 : 1 : 2 : 1.0 ：0
jfs_get_parent : 0 : 1 : 870.9364619395102 : 6400 : 1 : 5 : 0 : 0 : 0 : 1 : 1.0 ：0
jfs_link : 3 : 13 : 30022.664571557867 : 6400 : 1 : 20 : 0 : 0 : 11 : 2 : 0.3999999999999999 ：0
jfs_create : 5 : 21 : 66001.32827018901 : 6400 : 1 : 32 : 0 : 0 : 15 : 3 : 0.3999999999999999 ：0
