smc_ib_sync_sg_for_device : 3 : 3 : 3424.011486151417 : 1235 : 1 : 4 : 0 : 0 : 1 : 2 : 1.0 ：0
smc_copy_netdev_ifindex : 2 : 3 : 3520.7865610419376 : 14 : 2 : 1 : 1 : 0 : 2 : 2 : 1.0 ：0
smc_ib_qp_event_handler : 2 : 5 : 3371.341019843241 : 1436 : 2 : 3 : 1 : 0 : 3 : 2 : 1.0 ：0
smc_ib_map_mr_sg : 2 : 1 : 2713.083312819557 : 1235 : 2 : 1 : 1 : 0 : 2 : 1 : 1.0 ：0
smc_ib_sync_sg_for_cpu : 3 : 3 : 3424.011486151417 : 1235 : 1 : 4 : 0 : 0 : 1 : 2 : 1.0 ：0
smc_ib_setup_per_ibdev : 1 : 9 : 17192.377358490565 : 1436 : 1 : 8 : 0 : 0 : 6 : 2 : 0.6 ：0
smc_ib_add_dev : 1 : 5 : 26224.24313512068 : 1436 : 1 : 46 : 0 : 0 : 3 : 2 : 0.8 ：0
smc_ib_remove_dev : 2 : 1 : 2988.9860823910653 : 1436 : 1 : 13 : 0 : 0 : 1 : 1 : 0.8 ：0
smc_ib_cleanup_per_ibdev : 1 : 3 : 1364.8981379661589 : 1436 : 2 : 4 : 1 : 0 : 1 : 1 : 0.8 ：0
smc_ib_ndev_change : 2 : 7 : 11727.156128465496 : 14 : 1 : 5 : 0 : 0 : 5 : 3 : 0.6 ：0
smc_ib_get_memory_region : 4 : 4 : 6468.000000000001 : 1235 : 1 : 5 : 0 : 0 : 2 : 2 : 1.0 ：0
smc_ib_buf_unmap_sg : 3 : 2 : 4505.920254774798 : 1235 : 1 : 1 : 0 : 0 : 0 : 1 : 1.0 ：0
smc_nl_handle_smcr_dev : 3 : 23 : 30986.332180571477 : 14 : 3 : 30 : 2 : 0 : 15 : 2 : 0.6 ：1
smc_ib_buf_map_sg : 3 : 2 : 1947.744708204715 : 1235 : 1 : 1 : 0 : 0 : 2 : 1 : 1.0 ：0
smc_ib_create_queue_pair : 1 : 2 : 7199.449971931731 : 1436 : 1 : 8 : 0 : 0 : 2 : 3 : 1.0 ：0
smc_nl_prep_smcr_dev : 3 : 5 : 5847.382639317261 : 14 : 2 : 35 : 1 : 0 : 6 : 2 : 0.8 ：0
smc_nl_handle_dev_port : 4 : 15 : 16372.00400734646 : 14 : 4 : 9 : 3 : 0 : 9 : 1 : 0.8 ：0
smc_ib_global_event_handler : 2 : 13 : 21154.642218815537 : 1436 : 2 : 5 : 1 : 0 : 3 : 3 : 0.8 ：0
smc_ib_create_protection_domain : 1 : 2 : 1397.4326815856118 : 1436 : 1 : 3 : 0 : 0 : 2 : 1 : 1.0 ：0
smcr_diag_is_dev_critical : 2 : 8 : 6885.025700053961 : 14 : 4 : 3 : 3 : 0 : 5 : 4 : 0.8 ：0
smc_ib_remember_port_attr : 2 : 7 : 7187.000511459837 : 1436 : 3 : 12 : 2 : 0 : 4 : 1 : 1.0 ：0
smc_ib_port_event_work : 1 : 2 : 5414.228824922799 : 1436 : 2 : 20 : 1 : 0 : 1 : 3 : 1.0 ：0
smc_ib_determine_gid : 5 : 12 : 10685.55157792477 : 874 : 1 : 9 : 0 : 0 : 3 : 3 : 0.6 ：0
smc_ib_fill_mac : 2 : 2 : 2410.0926500954547 : 874 : 4 : 4 : 3 : 0 : 3 : 1 : 1.0 ：0
smc_ib_ready_link : 1 : 12 : 7099.239130434782 : 1436 : 1 : 18 : 0 : 0 : 8 : 2 : 0.8 ：0
smc_ib_modify_qp_rts : 1 : 1 : 4565.051060244572 : 1436 : 2 : 2 : 1 : 0 : 1 : 1 : 1.0 ：0
smc_ib_modify_qp_reset : 1 : 1 : 825.6319111077054 : 1436 : 1 : 2 : 0 : 0 : 1 : 1 : 1.0 ：0
smc_ib_modify_qp_rtr : 1 : 2 : 9973.46821534161 : 1436 : 2 : 7 : 1 : 0 : 1 : 1 : 1.0 ：0
smc_ib_modify_qp_init : 1 : 1 : 1809.3586524891195 : 1436 : 2 : 2 : 1 : 0 : 1 : 1 : 1.0 ：0
