f2fs_handle_failed_inode : 1 : 5 : 16792.681421026005 : 1919 : 1 : 69 : 0 : 0 : 4 : 3 : 0.6 ：0
sanity_check_inode : 2 : 29 : 154984.21533897312 : 1919 : 4 : 30 : 3 : 0 : 19 : 3 : 0.3999999999999999 ：0
f2fs_inode_chksum_set : 2 : 2 : 1023.4395564772598 : 1862 : 4 : 12 : 5 : 0 : 1 : 1 : 1.0 ：0
f2fs_evict_inode : 1 : 39 : 63569.86069730663 : 483 : 1 : 108 : 0 : 0 : 7 : 4 : 0.3999999999999999 ：0
f2fs_iget_retry : 0 : 4 : 1526.702160169242 : 2544 : 1 : 128 : 0 : 0 : 3 : 3 : 1.0 ：0
f2fs_write_inode : 2 : 8 : 5492.39944548195 : 3916 : 1 : 63 : 0 : 0 : 1 : 1 : 0.8 ：0
__recover_inline_status : 2 : 3 : 3736.879502691814 : 3222 : 0 : 0 : 0 : 0 : 3 : 3 : 1.0 ：0
f2fs_update_inode_page : 1 : 6 : 5173.971717106827 : 1919 : 2 : 55 : 3 : 0 : 5 : 2 : 1.0 ：0
f2fs_iget : 0 : 30 : 45545.8303315726 : 332 : 2 : 124 : 1 : 0 : 9 : 3 : 0.3999999999999999 ：0
init_idisk_time : 1 : 1 : 1709.4487871442973 : 332 : 4 : 2 : 8 : 0 : 1 : 1 : 0.8 ：0
sanity_check_compress_inode : 2 : 27 : 25002.780409075654 : 67 : 5 : 8 : 4 : 0 : 12 : 2 : 0.3999999999999999 ：0
f2fs_enable_inode_chksum : 2 : 5 : 2117.7663525064286 : 1862 : 5 : 5 : 7 : 0 : 5 : 1 : 0.8 ：0
f2fs_update_inode : 2 : 16 : 95879.18743655235 : 1919 : 3 : 48 : 4 : 0 : 3 : 3 : 0.3999999999999999 ：0
do_read_inode : 1 : 36 : 118984.6322030285 : 3916 : 3 : 84 : 2 : 0 : 7 : 3 : 0.3999999999999999 ：1
f2fs_inode_chksum : 2 : 1 : 11952.408587428046 : 1862 : 5 : 3 : 7 : 0 : 6 : 1 : 0.8 ：0
f2fs_inode_chksum_verify : 2 : 8 : 6117.237867674216 : 2219 : 1 : 18 : 0 : 0 : 4 : 1 : 0.8 ：0
f2fs_set_inode_flags : 1 : 9 : 5299.57090740093 : 2291 : 3 : 4 : 2 : 0 : 0 : 1 : 0.8 ：0
__get_inode_rdev : 2 : 6 : 4199.758674964211 : 3605 : 0 : 0 : 0 : 0 : 1 : 2 : 1.0 ：0
__set_inode_rdev : 2 : 4 : 6213.102009557894 : 3605 : 0 : 0 : 0 : 0 : 1 : 3 : 1.0 ：0
__written_first_block : 2 : 3 : 1846.0151478987584 : 3066 : 0 : 0 : 0 : 0 : 1 : 2 : 1.0 ：0
f2fs_mark_inode_dirty_sync : 2 : 3 : 496.85981732851735 : 2291 : 1 : 3 : 0 : 0 : 0 : 1 : 1.0 ：0
