locate_meta_index : 0 : 9 : 16622.341544472743 : 5419 : 4 : 3 : 4 : 0 : 5 : 3 : 0.8 ：0
read_blocklist : 3 : 5 : 15172.200149863673 : 465 : 2 : 38 : 2 : 0 : 6 : 2 : 0.6 ：0
squashfs_readahead : 1 : 24 : 70961.31662844156 : 465 : 1 : 69 : 0 : 0 : 16 : 4 : 0.3999999999999999 ：1
squashfs_fill_page : 4 : 2 : 2774.1628314281133 : 465 : 4 : 7 : 7 : 0 : 2 : 1 : 0.8 ：0
squashfs_copy_cache : 4 : 8 : 15951.140804863842 : 3639 : 3 : 14 : 4 : 0 : 6 : 2 : 0.8 ：0
squashfs_readpage_fragment : 2 : 2 : 4177.885229586414 : 3639 : 2 : 19 : 1 : 0 : 3 : 1 : 0.8 ：0
fill_meta_index : 5 : 11 : 69513.236585508 : 5419 : 3 : 26 : 3 : 0 : 12 : 4 : 0.3999999999999999 ：0
squashfs_readahead_fragment : 3 : 5 : 15863.758463106611 : 465 : 2 : 14 : 1 : 0 : 5 : 3 : 0.8 ：0
empty_meta_index : 0 : 10 : 35193.67839672633 : 5419 : 4 : 5 : 4 : 0 : 6 : 3 : 0.3999999999999999 ：0
release_meta_index : 2 : 1 : 713.1181356564149 : 5419 : 4 : 2 : 4 : 0 : 1 : 1 : 0.8 ：0
squashfs_read_folio : 2 : 10 : 21788.877004154412 : 546 : 1 : 86 : 0 : 0 : 11 : 2 : 0.6 ：0
read_indexes : 4 : 8 : 13390.332897913424 : 5419 : 4 : 7 : 7 : 0 : 7 : 4 : 0.6 ：0
