pvr2_context_reset_input_limits : 1 : 3 : 3418.029349582956 : 4143 : 2 : 3 : 2 : 0 : 2 : 2 : 1.0 ：0
pvr2_channel_init : 2 : 2 : 2643.6901700418703 : 4143 : 1 : 9 : 0 : 0 : 0 : 2 : 1.0 ：0
pvr2_context_thread_func : 1 : 5 : 3849.881591894372 : 4143 : 2 : 29 : 1 : 0 : 1 : 3 : 1.0 ：0
pvr2_context_check : 1 : 10 : 14864.720627320874 : 4143 : 3 : 19 : 2 : 0 : 0 : 3 : 0.8 ：0
pvr2_context_destroy : 1 : 6 : 5860.841858635 : 4143 : 4 : 10 : 4 : 0 : 0 : 2 : 0.8 ：0
pvr2_channel_claim_stream : 2 : 7 : 2863.9833408916443 : 4143 : 1 : 11 : 0 : 0 : 2 : 3 : 1.0 ：0
pvr2_context_global_done : 1 : 1 : 322.0 : 4143 : 1 : 3 : 0 : 0 : 0 : 1 : 1.0 ：0
pvr2_channel_disclaim_stream : 1 : 2 : 942.320343209257 : 4143 : 2 : 1 : 2 : 0 : 0 : 1 : 1.0 ：0
pvr2_channel_done : 1 : 3 : 4549.676567859571 : 4143 : 1 : 15 : 0 : 0 : 1 : 2 : 1.0 ：0
pvr2_context_create : 0 : 6 : 7192.861231312069 : 4143 : 1 : 21 : 0 : 0 : 3 : 2 : 0.8 ：0
pvr2_context_global_init : 1 : 1 : 440.3440801523082 : 4143 : 1 : 32 : 0 : 0 : 0 : 1 : 1.0 ：0
pvr2_context_exit : 1 : 4 : 972.8161562175808 : 4143 : 2 : 6 : 4 : 0 : 1 : 2 : 1.0 ：0
pvr2_channel_create_mpeg_stream : 0 : 2 : 1358.4114776772074 : 4143 : 1 : 3 : 0 : 0 : 2 : 1 : 1.0 ：0
pvr2_channel_limit_inputs : 2 : 12 : 14917.9025574225 : 4143 : 1 : 16 : 0 : 0 : 4 : 3 : 0.8 ：0
pvr2_context_set_notify : 2 : 8 : 10578.31741229101 : 4143 : 5 : 3 : 18 : 0 : 1 : 4 : 0.3999999999999999 ：0
