parport_uss720_epp_write_data : 4 : 10 : 18030.783543095004 : 5813 : 1 : 380 : 0 : 0 : 8 : 3 : 0.8 ：0
parport_uss720_write_compat : 4 : 4 : 4563.371171695226 : 5813 : 1 : 155 : 0 : 0 : 5 : 1 : 1.0 ：0
parport_uss720_epp_read_data : 4 : 5 : 4756.331001326927 : 5813 : 1 : 307 : 0 : 0 : 3 : 3 : 1.0 ：0
parport_uss720_restore_state : 2 : 1 : 5863.476004352411 : 5813 : 1 : 147 : 0 : 0 : 1 : 1 : 1.0 ：0
uss720_disconnect : 1 : 2 : 4836.521739130434 : 5813 : 1 : 16 : 0 : 0 : 2 : 2 : 1.0 ：0
uss720_probe : 2 : 7 : 31093.614520280207 : 5813 : 1 : 173 : 0 : 0 : 7 : 2 : 0.3999999999999999 ：1
parport_uss720_ecp_read_data : 4 : 4 : 4423.2451620627335 : 5813 : 1 : 155 : 0 : 0 : 5 : 1 : 1.0 ：0
parport_uss720_epp_read_addr : 4 : 5 : 4756.331001326927 : 5813 : 1 : 307 : 0 : 0 : 3 : 3 : 1.0 ：0
parport_uss720_data_forward : 1 : 2 : 1922.163272749582 : 5813 : 1 : 70 : 0 : 0 : 1 : 1 : 1.0 ：0
parport_uss720_epp_write_addr : 4 : 6 : 5961.933702876617 : 5813 : 1 : 377 : 0 : 0 : 3 : 3 : 0.8 ：0
parport_uss720_enable_irq : 1 : 2 : 1922.163272749582 : 5813 : 1 : 70 : 0 : 0 : 1 : 1 : 1.0 ：0
parport_uss720_ecp_write_addr : 4 : 4 : 2183.630745530545 : 5813 : 1 : 222 : 0 : 0 : 2 : 2 : 1.0 ：0
parport_uss720_save_state : 2 : 3 : 2549.642857142857 : 5813 : 1 : 77 : 0 : 0 : 1 : 1 : 1.0 ：0
parport_uss720_data_reverse : 1 : 2 : 1922.163272749582 : 5813 : 1 : 70 : 0 : 0 : 1 : 1 : 1.0 ：0
uss720_init : 1 : 3 : 2530.1923407230515 : 5813 : 1 : 2 : 0 : 0 : 3 : 1 : 1.0 ：0
parport_uss720_ecp_write_data : 4 : 4 : 4563.371171695226 : 5813 : 1 : 155 : 0 : 0 : 5 : 1 : 1.0 ：0
parport_uss720_read_data : 1 : 2 : 423.24648119092285 : 5813 : 1 : 77 : 0 : 0 : 1 : 1 : 1.0 ：0
parport_uss720_write_control : 2 : 2 : 2021.6591227724837 : 5813 : 1 : 70 : 0 : 0 : 1 : 1 : 1.0 ：0
parport_uss720_read_status : 1 : 2 : 405.7735838768519 : 5813 : 1 : 77 : 0 : 0 : 0 : 1 : 1.0 ：0
parport_uss720_disable_irq : 1 : 2 : 1922.163272749582 : 5813 : 1 : 70 : 0 : 0 : 1 : 1 : 1.0 ：0
parport_uss720_frob_control : 3 : 2 : 3012.2752116229794 : 5813 : 1 : 70 : 0 : 0 : 1 : 1 : 1.0 ：0
clear_epp_timeout : 1 : 2 : 474.03605893383366 : 5813 : 2 : 77 : 4 : 0 : 0 : 1 : 1.0 ：0
uss720_irq : 4 : 6 : 4555.213256800495 : 5665 : 1 : 2 : 0 : 0 : 2 : 1 : 1.0 ：0
change_mode : 2 : 18 : 26663.05238399164 : 5813 : 0 : 151 : 9 : 0 : 3 : 4 : 0.6 ：0
destroy_async : 1 : 2 : 3741.679338034133 : 2771 : 0 : 13 : 147 : 0 : 2 : 1 : 0.6 ：0
get_1284_register : 4 : 6 : 14121.509433962265 : 5665 : 0 : 76 : 24 : 0 : 4 : 2 : 0.6 ：0
submit_async_request : 0 : 7 : 32640.37970726393 : 1660 : 0 : 52 : 48 : 0 : 10 : 2 : 0.3999999999999999 ：0
async_complete : 1 : 8 : 11267.307692307693 : 5665 : 0 : 20 : 49 : 0 : 4 : 2 : 0.6 ：0
kill_all_async_requests_priv : 1 : 1 : 2362.280793644417 : 5665 : 0 : 4 : 27 : 0 : 2 : 2 : 0.6 ：0
destroy_priv : 1 : 1 : 1312.963857745548 : 5665 : 0 : 4 : 150 : 0 : 1 : 1 : 0.8 ：0
set_1284_register : 4 : 3 : 4149.843922009942 : 5665 : 0 : 69 : 22 : 0 : 2 : 2 : 0.8 ：0
