part_release : 1 : 1 : 632.1942527800525 : 159 : 1 : 4 : 0 : 0 : 1 : 1 : 0.8 ：0
delete_partition : 2 : 2 : 7680.264895900526 : 132 : 2 : 11 : 2 : 0 : 0 : 1 : 0.8 ：0
read_part_sector : 0 : 6 : 6983.4383070363065 : 159 : 1 : 6 : 0 : 0 : 6 : 2 : 1.0 ：0
blk_drop_partitions : 1 : 3 : 2448.4224215442964 : 132 : 1 : 17 : 0 : 0 : 2 : 1 : 1.0 ：0
bdev_add_partition : 4 : 2 : 2705.2881666616668 : 132 : 1 : 60 : 0 : 0 : 1 : 2 : 0.8 ：1
blk_add_partitions : 2 : 17 : 36440.350271790536 : 159 : 1 : 96 : 0 : 0 : 6 : 3 : 0.3999999999999999 ：0
blk_add_partition : 4 : 11 : 27525.908883541728 : 159 : 2 : 62 : 1 : 0 : 9 : 2 : 0.6 ：0
partition_overlaps : 4 : 5 : 3079.621523373758 : 132 : 2 : 3 : 2 : 0 : 4 : 2 : 1.0 ：0
bdev_del_partition : 2 : 6 : 6794.319952701238 : 132 : 1 : 22 : 0 : 0 : 6 : 1 : 0.8 ：1
hd_struct_free : 1 : 1 : 2602.1739130434785 : 132 : 5 : 14 : 5 : 0 : 2 : 1 : 1.0 ：0
add_partition : 0 : 28 : 71864.4000760913 : 132 : 3 : 52 : 3 : 0 : 17 : 3 : 0.3999999999999999 ：0
part_uevent : 2 : 3 : 2393.638572809211 : 159 : 1 : 2 : 0 : 0 : 1 : 1 : 1.0 ：0
hd_struct_free_work : 1 : 1 : 1523.581964167504 : 132 : 6 : 5 : 6 : 0 : 0 : 1 : 0.8 ：0
bdev_resize_partition : 4 : 8 : 8450.90748859122 : 132 : 1 : 14 : 0 : 0 : 7 : 1 : 0.6 ：0
disk_unlock_native_capacity : 1 : 3 : 1954.2963546113203 : 159 : 3 : 1 : 3 : 0 : 3 : 2 : 0.8 ：0
check_partition : 0 : 13 : 32171.7817120932 : 159 : 2 : 19 : 1 : 0 : 4 : 3 : 0.3999999999999999 ：0
allocate_partitions : 0 : 3 : 4533.966910342271 : 159 : 3 : 5 : 2 : 0 : 5 : 2 : 0.8 ：0
