vlan_validate_qos_map : 1 : 2 : 299.82920011203635 : 5475 : 2 : 1 : 1 : 0 : 0 : 1 : 1.0 ：0
vlan_validate : 3 : 14 : 24412.381356116308 : 5475 : 1 : 9 : 0 : 0 : 5 : 3 : 0.6 ：0
vlan_changelink : 4 : 6 : 12440.475182508411 : 5475 : 2 : 5 : 1 : 0 : 5 : 3 : 0.8 ：1
vlan_fill_info : 2 : 22 : 36344.270240355785 : 5475 : 1 : 7 : 0 : 0 : 11 : 4 : 0.6 ：0
vlan_qos_map_size : 1 : 2 : 1650.5865002596163 : 5475 : 2 : 1 : 1 : 0 : 0 : 1 : 1.0 ：0
vlan_newlink : 5 : 11 : 23625.509433962263 : 5475 : 1 : 16 : 0 : 0 : 7 : 2 : 0.6 ：1
vlan_get_size : 1 : 1 : 2171.776744751313 : 5475 : 1 : 4 : 0 : 0 : 1 : 1 : 1.0 ：0
