ntfs_setxattr : 8 : 28 : 44923.8493165257 : 0 : 1 : 79 : 0 : 0 : 16 : 3 : 0.3999999999999999 ：0
ntfs_permission : 3 : 2 : 1028.1414066200566 : 0 : 1 : 2 : 0 : 0 : 0 : 2 : 1.0 ：0
ntfs_get_wsl_perm : 1 : 5 : 21423.322503431904 : 0 : 1 : 41 : 0 : 0 : 1 : 3 : 1.0 ：0
ntfs_save_wsl_perm : 1 : 12 : 18898.919764207058 : 0 : 1 : 70 : 0 : 0 : 8 : 2 : 0.6 ：0
ntfs_acl_chmod : 2 : 3 : 2020.6360858926528 : 0 : 1 : 3 : 0 : 0 : 2 : 1 : 1.0 ：0
ntfs_getxattr : 6 : 26 : 36174.648354487595 : 0 : 1 : 49 : 0 : 0 : 11 : 3 : 0.6 ：0
ntfs_get_acl_ex : 0 : 9 : 12814.115533039922 : 0 : 2 : 45 : 1 : 0 : 8 : 2 : 0.6 ：0
ntfs_set_ea : 7 : 58 : 205025.0839311304 : 0 : 3 : 61 : 5 : 3 : 31 : 4 : 0.3999999999999999 ：0
ntfs_get_acl : 0 : 2 : 357.7777777777778 : 0 : 1 : 47 : 0 : 0 : 0 : 1 : 1.0 ：0
ntfs_init_acl : 3 : 5 : 5788.30281646292 : 0 : 1 : 75 : 0 : 0 : 3 : 2 : 0.8 ：0
ntfs_list_ea : 3 : 8 : 17058.565856537214 : 0 : 2 : 30 : 1 : 0 : 8 : 4 : 0.8 ：1
unpacked_ea_size : 1 : 1 : 906.1642572280505 : 0 : 5 : 4 : 14 : 0 : 0 : 1 : 0.8 ：0
ntfs_listxattr : 3 : 2 : 2569.3511786210556 : 0 : 1 : 35 : 0 : 0 : 4 : 2 : 0.8 ：0
ntfs_read_ea : 4 : 32 : 59495.129219989685 : 0 : 4 : 20 : 13 : 0 : 19 : 3 : 0.3999999999999999 ：0
ntfs_get_ea : 6 : 17 : 19491.586246274583 : 0 : 3 : 37 : 4 : 0 : 11 : 2 : 0.3999999999999999 ：0
ntfs_set_acl_ex : 5 : 17 : 21768.43230459794 : 0 : 2 : 72 : 2 : 0 : 8 : 3 : 0.6 ：0
find_ea : 6 : 6 : 4199.271158327922 : 0 : 4 : 7 : 11 : 0 : 5 : 3 : 0.8 ：0
