xdp_convert_md_to_buff : 2 : 12 : 11907.089417811905 : 68 : 2 : 3 : 1 : 0 : 4 : 2 : 0.6 ：0
__bpf_prog_test_run_raw_tp : 1 : 1 : 795.2120305166392 : 350 : 0 : 0 : 0 : 0 : 1 : 1 : 0.8 ：0
bpf_prog_test_run_sk_lookup : 3 : 33 : 55580.74640414171 : 193 : 1 : 31 : 0 : 0 : 14 : 3 : 0.3999999999999999 ：0
bpf_ctx_finish : 4 : 9 : 5789.329214829236 : 68 : 2 : 2 : 4 : 0 : 5 : 2 : 0.8 ：0
verify_user_bpf_flow_keys : 1 : 3 : 2519.674862619547 : 781 : 2 : 4 : 1 : 0 : 0 : 1 : 1.0 ：0
bpf_prog_test_run_flow_dissector : 3 : 16 : 30958.422016713903 : 959 : 1 : 34 : 0 : 0 : 12 : 2 : 0.3999999999999999 ：0
xdp_convert_buff_to_md : 2 : 3 : 1371.9053254745206 : 68 : 2 : 1 : 1 : 0 : 0 : 1 : 1.0 ：0
convert___skb_to_skb : 2 : 13 : 51069.15363678449 : 887 : 2 : 6 : 1 : 0 : 1 : 2 : 0.6 ：0
bpf_prog_test_run_xdp : 3 : 20 : 42460.40793249975 : 1626 : 1 : 49 : 0 : 0 : 15 : 2 : 0.3999999999999999 ：0
bpf_prog_test_run_skb : 3 : 35 : 77463.85789716919 : 1626 : 1 : 70 : 0 : 0 : 17 : 4 : 0.3999999999999999 ：1
bpf_prog_test_run_tracing : 3 : 19 : 11817.292525559518 : 558 : 1 : 11 : 0 : 0 : 8 : 2 : 0.8 ：0
bpf_prog_test_run_raw_tp : 3 : 22 : 27163.475539952513 : 350 : 1 : 9 : 0 : 0 : 6 : 3 : 0.19999999999999996 ：0
convert_skb_to___skb : 2 : 2 : 4208.206687561162 : 887 : 2 : 2 : 1 : 0 : 1 : 1 : 1.0 ：1
bpf_ctx_init : 0 : 7 : 8562.351594556842 : 68 : 2 : 8 : 4 : 0 : 5 : 3 : 0.6 ：0
bpf_prog_test_run_syscall : 3 : 17 : 17118.91167135924 : 118 : 1 : 8 : 0 : 0 : 7 : 3 : 0.3999999999999999 ：0
bpf_test_init : 0 : 6 : 6104.707573648147 : 959 : 2 : 5 : 3 : 0 : 3 : 2 : 0.8 ：0
bpf_test_finish : 6 : 15 : 12606.753298136304 : 193 : 2 : 3 : 4 : 0 : 7 : 2 : 0.8 ：0
bpf_test_run : 6 : 6 : 13779.609702854668 : 871 : 2 : 11 : 2 : 0 : 7 : 3 : 0.8 ：0
