service_to_ulpipe : 1 : 10 : 637.4364019581548 : 4679 : 2 : 0 : 1 : 0 : 0 : 2 : 1.0 ：0
htc_setup_complete : 1 : 5 : 8622.874224906414 : 4679 : 2 : 11 : 1 : 0 : 4 : 2 : 0.8 ：0
htc_process_target_rdy : 2 : 1 : 2727.0678321231658 : 4679 : 2 : 3 : 1 : 0 : 2 : 1 : 1.0 ：0
htc_init : 1 : 2 : 475.77082090385466 : 4679 : 1 : 24 : 0 : 0 : 2 : 1 : 1.0 ：0
ath9k_htc_txcompletion_cb : 3 : 9 : 13403.918208640447 : 4679 : 1 : 4 : 0 : 0 : 5 : 3 : 0.8 ：0
ath9k_htc_hw_init : 5 : 2 : 611.6879383315048 : 4679 : 1 : 2 : 0 : 0 : 0 : 2 : 1.0 ：0
ath9k_htc_fw_panic_report : 3 : 4 : 8912.77376166741 : 3257 : 2 : 1 : 1 : 0 : 3 : 2 : 1.0 ：1
htc_connect_service : 3 : 8 : 26789.75905573901 : 4679 : 1 : 14 : 0 : 0 : 6 : 2 : 0.3999999999999999 ：0
get_next_avail_ep : 0 : 3 : 1343.497900948933 : 4679 : 2 : 0 : 1 : 0 : 2 : 1 : 1.0 ：0
ath9k_htc_hw_alloc : 0 : 2 : 6406.073098261168 : 4679 : 1 : 3 : 0 : 0 : 4 : 1 : 1.0 ：0
htc_process_conn_rsp : 2 : 7 : 19701.811077666356 : 4679 : 2 : 2 : 1 : 0 : 3 : 4 : 0.8 ：0
service_to_dlpipe : 1 : 10 : 637.4364019581548 : 4679 : 2 : 0 : 1 : 0 : 0 : 2 : 1.0 ：0
htc_issue_send : 5 : 1 : 4811.132206342216 : 4293 : 3 : 3 : 7 : 0 : 4 : 1 : 0.8 ：0
htc_config_pipe_credits : 1 : 5 : 9441.846701800247 : 4679 : 2 : 11 : 1 : 0 : 4 : 2 : 0.8 ：0
ath9k_htc_rx_msg : 4 : 22 : 48981.45316070976 : 4679 : 1 : 16 : 0 : 0 : 8 : 4 : 0.3999999999999999 ：0
htc_send : 2 : 1 : 848.6695168142456 : 4293 : 1 : 5 : 0 : 0 : 1 : 1 : 1.0 ：0
