qrtr_connect : 4 : 4 : 5422.822676552667 : 1536 : 1 : 9 : 0 : 0 : 4 : 2 : 1.0 ：0
qrtr_sendmsg : 3 : 23 : 47890.86075722221 : 1536 : 1 : 99 : 0 : 0 : 13 : 3 : 0.3999999999999999 ：0
qrtr_local_enqueue : 5 : 5 : 6059.748631498249 : 1141 : 4 : 9 : 6 : 0 : 2 : 2 : 0.8 ：0
qrtr_create : 4 : 3 : 4163.839868019681 : 1536 : 1 : 7 : 0 : 0 : 2 : 1 : 1.0 ：0
qrtr_release : 1 : 4 : 4883.478260869565 : 1536 : 1 : 61 : 0 : 0 : 2 : 1 : 1.0 ：1
qrtr_proto_init : 1 : 3 : 1430.2842754947133 : 1536 : 1 : 4 : 0 : 0 : 4 : 2 : 1.0 ：0
qrtr_bind : 3 : 4 : 4222.105417844556 : 1536 : 1 : 8 : 0 : 0 : 4 : 1 : 1.0 ：0
qrtr_ioctl : 3 : 17 : 16225.549395687161 : 1536 : 1 : 11 : 0 : 0 : 8 : 3 : 0.3999999999999999 ：0
qrtr_bcast_enqueue : 5 : 2 : 2637.3407369041756 : 1141 : 3 : 39 : 3 : 0 : 1 : 2 : 0.8 ：0
__qrtr_bind : 3 : 7 : 6938.207545913837 : 1536 : 0 : 0 : 0 : 0 : 5 : 1 : 0.8 ：0
qrtr_autobind : 1 : 2 : 2026.7707977971784 : 1536 : 2 : 1 : 2 : 0 : 2 : 1 : 1.0 ：0
qrtr_recvmsg : 4 : 8 : 13093.440349084982 : 1536 : 1 : 45 : 0 : 0 : 6 : 2 : 0.8 ：0
qrtr_send_resume_tx : 1 : 3 : 7517.870908703187 : 190 : 2 : 37 : 1 : 0 : 7 : 2 : 1.0 ：0
qrtr_getname : 3 : 3 : 4489.826040861483 : 1536 : 1 : 7 : 0 : 0 : 3 : 3 : 1.0 ：0
qrtr_port_assign : 2 : 12 : 11345.974033482267 : 1536 : 0 : 0 : 0 : 0 : 2 : 2 : 0.6 ：0
qrtr_reset_ports : 1 : 2 : 3240.68101010583 : 1141 : 0 : 0 : 0 : 0 : 2 : 2 : 0.8 ：0
qrtr_port_remove : 1 : 5 : 10375.655716264007 : 1536 : 2 : 50 : 1 : 0 : 4 : 2 : 0.8 ：0
qrtr_port_lookup : 0 : 3 : 1496.168116965857 : 190 : 5 : 4 : 8 : 0 : 2 : 1 : 0.6 ：0
qrtr_endpoint_unregister : 1 : 3 : 10666.061297452918 : 1536 : 1 : 21 : 0 : 0 : 7 : 2 : 0.8 ：0
qrtr_node_enqueue : 5 : 7 : 21913.32953325938 : 1536 : 4 : 23 : 7 : 0 : 6 : 2 : 0.3999999999999999 ：0
qrtr_alloc_ctrl_packet : 0 : 2 : 1847.6875539104612 : 1015 : 3 : 3 : 5 : 0 : 4 : 1 : 1.0 ：0
qrtr_node_lookup : 0 : 1 : 1177.2899473202465 : 190 : 3 : 5 : 3 : 0 : 2 : 1 : 0.8 ：0
qrtr_node_assign : 2 : 3 : 1523.120533991281 : 1536 : 2 : 3 : 2 : 0 : 0 : 1 : 0.8 ：0
qrtr_endpoint_post : 3 : 25 : 51939.42818957235 : 1536 : 1 : 28 : 0 : 0 : 14 : 2 : 0.6 ：0
qrtr_endpoint_register : 2 : 4 : 5321.241394488023 : 1536 : 1 : 12 : 0 : 0 : 1 : 1 : 0.8 ：0
qrtr_tx_wait : 4 : 13 : 17128.785465357127 : 190 : 5 : 9 : 8 : 0 : 4 : 3 : 0.3999999999999999 ：0
__qrtr_node_release : 1 : 2 : 6336.735011603056 : 1536 : 0 : 0 : 0 : 0 : 3 : 2 : 0.8 ：0
qrtr_tx_flow_failed : 3 : 2 : 2172.640272846026 : 190 : 5 : 5 : 8 : 0 : 1 : 2 : 0.6 ：0
qrtr_tx_resume : 2 : 2 : 5068.913890369285 : 190 : 2 : 8 : 1 : 0 : 4 : 2 : 0.8 ：0
