tls_sw_cancel_work_tx : 1 : 1 : 1083.6418833288633 : 145 : 1 : 3 : 0 : 0 : 1 : 1 : 1.0 ：0
tls_sw_strparser_arm : 2 : 1 : 1257.5597164557178 : 145 : 1 : 11 : 0 : 0 : 1 : 1 : 0.8 ：0
tls_data_ready : 1 : 3 : 2389.330969837143 : 631 : 2 : 6 : 1 : 0 : 3 : 2 : 1.0 ：0
tx_work_handler : 1 : 4 : 5903.918452624033 : 448 : 2 : 24 : 1 : 0 : 4 : 1 : 0.8 ：0
tls_sw_release_resources_tx : 1 : 5 : 11413.622646020769 : 145 : 1 : 31 : 0 : 0 : 2 : 2 : 0.8 ：0
tls_sw_recvmsg : 6 : 63 : 145839.49547160396 : 631 : 1 : 121 : 0 : 0 : 32 : 5 : 0.6 ：0
tls_sw_advance_skb : 3 : 3 : 3841.6519626102104 : 631 : 2 : 4 : 2 : 0 : 5 : 3 : 1.0 ：0
tls_sw_write_space : 2 : 4 : 1477.2727272727273 : 285 : 1 : 4 : 0 : 0 : 1 : 1 : 1.0 ：0
tls_sw_splice_read : 5 : 11 : 17162.36536572599 : 631 : 1 : 99 : 0 : 0 : 14 : 3 : 0.8 ：0
process_rx_list : 8 : 28 : 54306.199342666696 : 330 : 2 : 9 : 1 : 0 : 11 : 4 : 0.6 ：0
tls_sw_release_resources_rx : 1 : 3 : 6888.031326087153 : 516 : 2 : 9 : 1 : 0 : 2 : 3 : 0.8 ：0
tls_sw_stream_read : 1 : 4 : 2184.0123960090277 : 425 : 1 : 7 : 0 : 0 : 4 : 1 : 0.8 ：0
tls_set_sw_offload : 3 : 36 : 146188.4714685432 : 912 : 1 : 168 : 0 : 0 : 26 : 4 : 0.3999999999999999 ：0
tls_read_size : 2 : 15 : 28767.7063863168 : 631 : 2 : 8 : 1 : 0 : 13 : 2 : 0.6 ：0
tls_sw_free_resources_rx : 1 : 1 : 376.9281372837028 : 592 : 1 : 14 : 0 : 0 : 1 : 1 : 1.0 ：0
tls_queue : 2 : 1 : 1387.2256665241507 : 631 : 2 : 3 : 1 : 0 : 2 : 1 : 1.0 ：0
decrypt_skb_update : 6 : 8 : 18746.40129769816 : 488 : 2 : 68 : 2 : 0 : 8 : 4 : 0.8 ：0
decrypt_internal : 7 : 26 : 118954.06340440463 : 488 : 3 : 59 : 4 : 1 : 14 : 3 : 0.3999999999999999 ：0
decrypt_skb : 3 : 1 : 485.6797123703833 : 488 : 1 : 60 : 0 : 0 : 2 : 1 : 1.0 ：0
tls_wait_data : 0 : 10 : 10869.728118426909 : 631 : 2 : 14 : 2 : 0 : 9 : 3 : 0.8 ：0
tls_sw_sendpage_locked : 5 : 2 : 566.0505201256943 : 24 : 1 : 152 : 0 : 0 : 0 : 1 : 1.0 ：0
tls_sw_do_sendpage : 5 : 33 : 52598.08720314516 : 24 : 2 : 151 : 2 : 1 : 19 : 5 : 0.3999999999999999 ：0
tls_sw_sendpage : 5 : 2 : 2307.673144791154 : 24 : 1 : 157 : 0 : 0 : 3 : 1 : 0.8 ：0
tls_sw_sendmsg : 3 : 71 : 144150.13509344438 : 912 : 1 : 170 : 0 : 1 : 31 : 5 : 0.3999999999999999 ：0
tls_sw_push_pending_record : 2 : 3 : 3242.1014269412913 : 912 : 2 : 110 : 1 : 0 : 5 : 1 : 1.0 ：0
tls_setup_from_iter : 7 : 11 : 22343.42851818613 : 425 : 4 : 7 : 5 : 0 : 5 : 3 : 0.6 ：0
tls_split_open_record : 8 : 10 : 59158.33333333333 : 425 : 5 : 20 : 8 : 0 : 7 : 3 : 0.3999999999999999 ：0
tls_do_encryption : 6 : 8 : 28151.418872932787 : 912 : 5 : 27 : 8 : 1 : 5 : 2 : 0.3999999999999999 ：0
tls_push_record : 3 : 11 : 79093.66623624784 : 425 : 4 : 84 : 7 : 0 : 9 : 4 : 0.3999999999999999 ：0
tls_merge_open_record : 4 : 3 : 15068.075795443965 : 425 : 5 : 7 : 8 : 0 : 2 : 2 : 0.8 ：0
bpf_exec_tx_verdict : 6 : 30 : 68190.79204775624 : 425 : 3 : 107 : 6 : 0 : 14 : 4 : 0.19999999999999996 ：1
tls_encrypt_done : 2 : 12 : 24429.17914499336 : 448 : 6 : 12 : 9 : 0 : 11 : 3 : 0.3999999999999999 ：0
tls_tx_records : 2 : 11 : 23302.32993282147 : 448 : 5 : 12 : 15 : 0 : 6 : 3 : 0.19999999999999996 ：0
tls_free_open_rec : 1 : 2 : 1672.1023658996457 : 15 : 4 : 5 : 8 : 0 : 3 : 2 : 0.8 ：0
tls_get_rec : 0 : 2 : 13121.628837212831 : 425 : 6 : 8 : 13 : 0 : 7 : 1 : 0.8 ：0
tls_clone_plaintext_msg : 2 : 1 : 8852.880453154996 : 425 : 2 : 3 : 1 : 0 : 6 : 1 : 1.0 ：0
tls_alloc_encrypted_msg : 2 : 1 : 1607.1519757312524 : 425 : 3 : 3 : 4 : 0 : 4 : 1 : 1.0 ：0
tls_decrypt_done : 2 : 10 : 27169.71971689973 : 468 : 5 : 17 : 6 : 0 : 11 : 3 : 0.3999999999999999 ：0
tls_trim_both_msgs : 2 : 2 : 3142.375945445389 : 425 : 3 : 3 : 4 : 0 : 4 : 1 : 1.0 ：0
padding_length : 3 : 6 : 7055.673401982694 : 315 : 6 : 2 : 10 : 0 : 7 : 3 : 0.6 ：0
tls_do_decryption : 8 : 8 : 15253.80039248349 : 631 : 4 : 30 : 5 : 0 : 6 : 2 : 0.8 ：0
__skb_nsg : 4 : 14 : 45085.351164611464 : 471 : 0 : 0 : 0 : 0 : 9 : 4 : 0.6 ：0
