register_buffer : 3 : 2 : 1366.919523062373 : 4230 : 4 : 3 : 4 : 0 : 1 : 1 : 1.0 ：0
probe_common : 1 : 6 : 11813.781191217038 : 3258 : 2 : 21 : 2 : 0 : 4 : 2 : 1.0 ：1
virtrng_scan : 1 : 2 : 760.6593447001758 : 2531 : 1 : 1 : 0 : 0 : 2 : 1 : 1.0 ：0
virtrng_restore : 1 : 4 : 3110.3867315937487 : 3258 : 1 : 23 : 0 : 0 : 3 : 3 : 1.0 ：0
virtio_read : 4 : 5 : 4230.0 : 1333 : 3 : 6 : 3 : 0 : 3 : 2 : 0.8 ：1
remove_common : 1 : 2 : 2834.634220446991 : 3258 : 2 : 4 : 2 : 0 : 1 : 1 : 1.0 ：0
virtio_cleanup : 1 : 2 : 684.8771071783901 : 4230 : 3 : 1 : 3 : 0 : 1 : 1 : 1.0 ：1
random_recv_done : 1 : 2 : 1905.144237029964 : 4780 : 3 : 2 : 3 : 0 : 1 : 1 : 1.0 ：0
