vga16fb_setup : 1 : 5 : 1190.9305804119242 : 2332 : 2 : 1 : 1 : 0 : 1 : 2 : 1.0 ：0
vga16fb_imageblit : 2 : 2 : 572.0 : 2332 : 1 : 66 : 0 : 0 : 0 : 1 : 1.0 ：0
vga_8planes_fillrect : 2 : 6 : 22650.45283018868 : 2332 : 2 : 24 : 1 : 0 : 7 : 4 : 0.8 ：0
vga_pal_blank : 1 : 2 : 1920.0 : 2332 : 2 : 1 : 1 : 0 : 1 : 2 : 1.0 ：0
vga16fb_probe : 1 : 13 : 45334.016613002095 : 2332 : 1 : 15 : 0 : 0 : 11 : 2 : 0.3999999999999999 ：0
vga16fb_blank : 2 : 5 : 5082.7753789622675 : 2332 : 1 : 15 : 0 : 0 : 1 : 3 : 1.0 ：0
vga16fb_destroy : 1 : 1 : 580.4535602007699 : 2332 : 1 : 3 : 0 : 0 : 0 : 1 : 1.0 ：0
vga16fb_init : 1 : 5 : 3490.0901813311298 : 2332 : 1 : 8 : 0 : 0 : 3 : 3 : 0.8 ：0
vga16fb_copyarea : 2 : 19 : 71664.2243654954 : 2332 : 1 : 28 : 0 : 0 : 1 : 6 : 0.6 ：0
vga_imageblit_color : 2 : 7 : 13413.228176513585 : 2332 : 2 : 19 : 1 : 0 : 2 : 5 : 1.0 ：0
vga16fb_fillrect : 2 : 14 : 33953.713434006364 : 2332 : 1 : 46 : 0 : 0 : 0 : 6 : 0.6 ：0
vga_8planes_imageblit : 2 : 2 : 15987.211199835827 : 2332 : 3 : 20 : 2 : 0 : 8 : 1 : 1.0 ：1
vga_vesa_unblank : 1 : 1 : 13879.456348940987 : 2332 : 2 : 4 : 1 : 0 : 0 : 1 : 1.0 ：0
vga_8planes_copyarea : 2 : 8 : 43303.29506061039 : 2332 : 2 : 15 : 1 : 0 : 4 : 4 : 0.8 ：0
vga16fb_remove : 1 : 2 : 410.66666666666674 : 2332 : 1 : 2 : 0 : 0 : 1 : 1 : 1.0 ：0
vga_imageblit_expand : 2 : 10 : 31400.92262976177 : 2332 : 2 : 45 : 1 : 0 : 2 : 7 : 0.6 ：0
vga16fb_setcolreg : 6 : 5 : 8511.860525935466 : 2332 : 1 : 6 : 0 : 0 : 2 : 2 : 1.0 ：0
vga_vesa_blank : 2 : 6 : 32845.28264104396 : 2332 : 2 : 7 : 1 : 0 : 0 : 2 : 0.3999999999999999 ：0
vga16_setpalette : 4 : 1 : 706.7402574069428 : 2332 : 2 : 1 : 1 : 0 : 0 : 1 : 1.0 ：0
ega16_setpalette : 4 : 2 : 3987.085347935344 : 2332 : 2 : 3 : 1 : 0 : 1 : 2 : 1.0 ：0
vga16fb_check_var : 2 : 36 : 257004.84635741773 : 2332 : 2 : 2 : 1 : 0 : 5 : 3 : 0.3999999999999999 ：0
vga16fb_open : 2 : 2 : 2323.5548789945087 : 2332 : 1 : 0 : 0 : 0 : 1 : 2 : 1.0 ：0
vga16fb_set_par : 1 : 22 : 88644.9719312415 : 2332 : 1 : 8 : 0 : 0 : 1 : 2 : 0.6 ：0
vga16fb_clock_chip : 5 : 5 : 19676.017760450333 : 2332 : 3 : 0 : 2 : 0 : 5 : 3 : 0.8 ：0
vga16fb_pan_var : 2 : 9 : 17043.614384376477 : 2332 : 2 : 3 : 1 : 1 : 1 : 2 : 0.8 ：0
vga16fb_update_fix : 1 : 6 : 21174.456521739132 : 2332 : 2 : 0 : 2 : 0 : 0 : 3 : 0.8 ：0
vga16fb_release : 2 : 3 : 1391.6608465537308 : 2332 : 1 : 1 : 0 : 0 : 1 : 1 : 1.0 ：0
