del_mtd_blktrans_dev : 1 : 5 : 13160.251735459293 : 5920 : 1 : 23 : 0 : 0 : 0 : 1 : 0.6 ：0
add_mtd_blktrans_dev : 1 : 27 : 86483.63257920012 : 5920 : 1 : 30 : 0 : 1 : 11 : 3 : 0.3999999999999999 ：0
blktrans_dev_get : 0 : 3 : 878.4634845557521 : 227 : 2 : 3 : 3 : 0 : 3 : 0 : 0.8 ：0
register_mtd_blktrans : 1 : 6 : 9341.106773642761 : 5920 : 1 : 9 : 0 : 0 : 3 : 1 : 0.6 ：1
blktrans_getgeo : 2 : 4 : 2713.9565803347477 : 5652 : 1 : 16 : 0 : 0 : 5 : 0 : 0.8 ：0
mtd_blktrans_exit : 1 : 3 : 675.4230836016794 : 5920 : 1 : 1 : 0 : 0 : 0 : 0 : 1.0 ：0
mtd_next_request : 0 : 2 : 1521.9379869928405 : 989 : 1 : 3 : 0 : 0 : 3 : 1 : 1.0 ：0
mtd_queue_rq : 2 : 2 : 2131.439161612222 : 989 : 1 : 5 : 0 : 0 : 3 : 1 : 0.8 ：0
blktrans_dev_put : 1 : 1 : 253.74443781538918 : 227 : 2 : 9 : 4 : 0 : 0 : 0 : 0.8 ：0
deregister_mtd_blktrans : 1 : 1 : 2400.504451930244 : 5920 : 1 : 7 : 0 : 0 : 0 : 0 : 0.8 ：0
blktrans_dev_release : 1 : 1 : 1456.8979020786167 : 3690 : 3 : 5 : 7 : 0 : 0 : 0 : 0.6 ：0
blktrans_open : 2 : 12 : 17454.71062383791 : 5920 : 1 : 25 : 0 : 0 : 8 : 1 : 0.6 ：0
blktrans_notify_add : 1 : 2 : 783.7096278729084 : 5920 : 1 : 1 : 0 : 0 : 1 : 0 : 1.0 ：0
do_blktrans_request : 3 : 13 : 28925.21868892635 : 5920 : 1 : 10 : 0 : 0 : 12 : 3 : 0.6 ：0
blktrans_notify_remove : 1 : 2 : 1528.9479835327877 : 5920 : 1 : 2 : 0 : 0 : 1 : 0 : 1.0 ：0
blktrans_release : 2 : 6 : 4903.151084016417 : 5920 : 1 : 24 : 0 : 0 : 2 : 1 : 0.6 ：0
