ax88772_init_phy : 1 : 3 : 7249.710938436115 : 80 : 2 : 8 : 1 : 0 : 4 : 2 : 1.0 ：0
ax88772_init_mdio : 1 : 2 : 7282.156169543255 : 80 : 2 : 3 : 1 : 0 : 1 : 1 : 1.0 ：0
ax88178_change_mtu : 2 : 2 : 4747.893919687099 : 3328 : 1 : 9 : 0 : 0 : 2 : 1 : 1.0 ：0
marvell_led_status : 2 : 3 : 5532.820868339982 : 3328 : 2 : 3 : 1 : 0 : 1 : 2 : 1.0 ：0
ax88178_reset : 1 : 9 : 53460.70096326787 : 3328 : 1 : 29 : 0 : 0 : 8 : 2 : 0.6 ：0
ax88178_bind : 2 : 5 : 25979.703661674943 : 3328 : 1 : 14 : 0 : 0 : 2 : 2 : 0.6 ：0
rtl8211cl_phy_init : 1 : 2 : 13826.87013269732 : 3328 : 2 : 3 : 1 : 0 : 1 : 2 : 1.0 ：0
asix_resume : 1 : 3 : 1181.327012602546 : 1695 : 1 : 2 : 0 : 0 : 2 : 1 : 1.0 ：0
marvell_phy_init : 1 : 2 : 16513.357872298642 : 3328 : 2 : 3 : 1 : 0 : 2 : 2 : 1.0 ：0
ax88772_stop : 1 : 2 : 1817.9961080396872 : 80 : 1 : 1 : 0 : 0 : 1 : 1 : 1.0 ：0
ax88772_bind : 2 : 11 : 52463.08019038685 : 3102 : 1 : 95 : 0 : 0 : 5 : 4 : 0.6 ：0
ax88178_link_reset : 1 : 7 : 10368.554441874221 : 3328 : 1 : 9 : 0 : 0 : 4 : 2 : 0.8 ：0
ax88772_resume : 1 : 4 : 1802.7580957716016 : 1821 : 2 : 15 : 1 : 0 : 2 : 1 : 1.0 ：0
ax88772a_resume : 1 : 4 : 1869.5269141335125 : 1821 : 2 : 17 : 1 : 0 : 2 : 2 : 1.0 ：0
ax88178_set_mfb : 1 : 10 : 10200.46896254739 : 3328 : 2 : 5 : 1 : 0 : 4 : 2 : 0.8 ：0
ax88772_unbind : 2 : 1 : 550.0 : 3102 : 1 : 2 : 0 : 0 : 1 : 1 : 1.0 ：1
ax88772a_hw_reset : 2 : 37 : 90763.62733183177 : 1821 : 3 : 14 : 3 : 0 : 17 : 3 : 0.6 ：0
asix_suspend : 2 : 3 : 1393.915414025589 : 1821 : 1 : 2 : 0 : 0 : 2 : 1 : 1.0 ：0
ax88772_suspend : 1 : 2 : 3222.059799458548 : 1821 : 2 : 5 : 1 : 0 : 2 : 1 : 1.0 ：0
ax88772_reset : 1 : 7 : 7723.491334525823 : 2484 : 1 : 5 : 0 : 0 : 7 : 1 : 1.0 ：0
ax88772_hw_reset : 2 : 27 : 43762.76971165554 : 1821 : 3 : 12 : 3 : 0 : 15 : 2 : 0.6 ：0
ax88772_ethtool_get_sset_count : 2 : 2 : 256.9964572388883 : 80 : 1 : 1 : 0 : 0 : 0 : 2 : 1.0 ：0
ax88172_bind : 2 : 9 : 29882.089473808264 : 3328 : 1 : 20 : 0 : 0 : 6 : 2 : 0.6 ：0
asix_phy_reset : 2 : 3 : 5352.984344844873 : 1821 : 2 : 4 : 2 : 0 : 0 : 2 : 1.0 ：0
ax88772_ethtool_get_strings : 3 : 2 : 152.36090628064912 : 80 : 1 : 1 : 0 : 0 : 0 : 2 : 1.0 ：0
ax88172_link_reset : 1 : 2 : 3241.8060129761784 : 3328 : 1 : 5 : 0 : 0 : 2 : 2 : 1.0 ：0
ax88172_set_multicast : 1 : 8 : 13369.762286317087 : 3328 : 1 : 7 : 0 : 0 : 5 : 3 : 1.0 ：0
asix_get_phyid : 1 : 10 : 9770.491233643697 : 3328 : 2 : 2 : 2 : 0 : 4 : 2 : 0.8 ：0
asix_set_netdev_dev_addr : 2 : 2 : 1017.5919714835836 : 3198 : 2 : 4 : 3 : 0 : 0 : 2 : 1.0 ：0
asix_status : 2 : 3 : 2362.5 : 3102 : 1 : 3 : 0 : 0 : 2 : 2 : 1.0 ：0
