media_request_get_by_fd : 0 : 12 : 11715.328456034686 : 374 : 1 : 5 : 0 : 0 : 6 : 1 : 0.8 ：0
media_request_object_release : 1 : 2 : 1703.1210806824645 : 374 : 0 : 9 : 13 : 0 : 1 : 1 : 0.8 ：0
media_request_state_str : 0 : 2 : 839.2923700700695 : 374 : 3 : 3 : 2 : 0 : 0 : 1 : 1.0 ：0
media_request_release : 1 : 3 : 3631.3289367448106 : 374 : 0 : 26 : 16 : 0 : 1 : 1 : 0.6 ：0
media_request_ioctl_queue : 1 : 11 : 36015.2215454117 : 374 : 2 : 39 : 1 : 0 : 4 : 2 : 0.3999999999999999 ：0
media_request_alloc : 2 : 8 : 18420.026296452314 : 374 : 1 : 16 : 0 : 0 : 8 : 2 : 0.3999999999999999 ：1
media_request_object_bind : 5 : 5 : 5150.095922059375 : 374 : 1 : 5 : 0 : 0 : 3 : 1 : 0.8 ：0
media_request_ioctl : 3 : 3 : 916.7752230942212 : 374 : 1 : 79 : 0 : 0 : 1 : 2 : 1.0 ：0
media_request_ioctl_reinit : 1 : 4 : 9627.904959502961 : 374 : 2 : 38 : 1 : 0 : 1 : 2 : 0.8 ：0
media_request_close : 2 : 1 : 342.0 : 374 : 1 : 29 : 0 : 0 : 1 : 1 : 1.0 ：0
media_request_poll : 2 : 6 : 4393.526824187417 : 374 : 1 : 4 : 0 : 0 : 5 : 2 : 0.8 ：0
media_request_clean : 1 : 1 : 4794.844855973126 : 374 : 0 : 22 : 13 : 0 : 0 : 2 : 0.8 ：0
media_request_object_init : 1 : 1 : 955.2919094213297 : 374 : 1 : 2 : 0 : 0 : 0 : 1 : 1.0 ：0
media_request_object_complete : 1 : 8 : 5338.783505608106 : 374 : 1 : 33 : 0 : 0 : 4 : 2 : 0.6 ：0
media_request_object_unbind : 1 : 15 : 12229.77591486223 : 374 : 0 : 6 : 22 : 0 : 6 : 2 : 0.3999999999999999 ：0
media_request_object_find : 0 : 5 : 3921.696761153974 : 374 : 1 : 5 : 0 : 0 : 4 : 3 : 0.8 ：0
