snmp_fold_field64 : 3 : 1 : 764.6269524198453 : 5071 : 1 : 5 : 0 : 0 : 3 : 2 : 1.0 ：0
ipip_gso_segment : 0 : 2 : 497.85297406429135 : 1914 : 1 : 22 : 0 : 0 : 0 : 1 : 1.0 ：0
ipv4_mib_init_net : 1 : 15 : 26741.433755008475 : 5784 : 1 : 7 : 0 : 0 : 9 : 2 : 0.3999999999999999 ：0
inet_init : 1 : 23 : 59215.619332758884 : 120 : 1 : 43 : 0 : 0 : 9 : 2 : 0.6 ：0
inet_gro_complete : 2 : 5 : 12197.889440351439 : 1201 : 2 : 8 : 2 : 0 : 7 : 2 : 1.0 ：0
ipv4_mib_exit_net : 1 : 1 : 4491.907848094198 : 5784 : 1 : 2 : 0 : 0 : 0 : 1 : 0.8 ：0
inet_gro_receive : 0 : 14 : 41761.61848782853 : 1201 : 2 : 14 : 2 : 0 : 13 : 3 : 0.6 ：0
ipip_gro_receive : 0 : 2 : 1260.9853204361552 : 2981 : 1 : 16 : 0 : 0 : 1 : 2 : 1.0 ：0
inet_recv_error : 4 : 4 : 1865.4647021289877 : 157 : 1 : 2 : 0 : 0 : 0 : 1 : 1.0 ：0
inet_current_timestamp : 1 : 1 : 4213.868944642085 : 3000 : 1 : 3 : 0 : 0 : 3 : 1 : 1.0 ：0
inet_ctl_sock_create : 5 : 3 : 3855.4340929591094 : 5889 : 1 : 1 : 0 : 0 : 3 : 2 : 1.0 ：0
ipv4_proc_init : 1 : 12 : 2562.032931634893 : 6972 : 2 : 9 : 1 : 0 : 8 : 1 : 0.8 ：0
snmp_get_cpu_field64 : 4 : 3 : 2813.499693328133 : 3183 : 2 : 3 : 1 : 0 : 4 : 2 : 1.0 ：0
snmp_fold_field : 2 : 1 : 695.1154112907684 : 5071 : 1 : 2 : 0 : 0 : 2 : 1 : 1.0 ：0
ipv4_offload_init : 1 : 4 : 5345.875440969641 : 4202 : 1 : 51 : 0 : 0 : 0 : 3 : 1.0 ：0
inet_init_net : 1 : 5 : 20579.889232610964 : 3663 : 1 : 2 : 0 : 0 : 0 : 1 : 1.0 ：0
inet_sk_rebuild_header : 1 : 10 : 17588.094740813285 : 6837 : 1 : 26 : 0 : 0 : 7 : 2 : 0.6 ：0
inet_gso_segment : 0 : 29 : 73556.83922971302 : 1201 : 2 : 19 : 2 : 0 : 13 : 4 : 0.6 ：0
inet_sk_reselect_saddr : 1 : 9 : 17878.473598362973 : 6837 : 2 : 12 : 1 : 0 : 9 : 2 : 0.6 ：0
inet_unregister_protosw : 1 : 2 : 995.7510455535732 : 6972 : 1 : 5 : 0 : 0 : 0 : 2 : 0.8 ：0
inet_register_protosw : 1 : 9 : 20045.53138863794 : 6972 : 2 : 6 : 1 : 0 : 8 : 2 : 0.6 ：0
inet_shutdown : 2 : 12 : 20254.55831570379 : 6972 : 1 : 3 : 0 : 0 : 3 : 2 : 0.6 ：0
inet_compat_ioctl : 3 : 4 : 2601.448822890815 : 4858 : 1 : 7 : 0 : 0 : 1 : 2 : 1.0 ：0
inet_recvmsg : 4 : 3 : 2801.133545721663 : 5146 : 1 : 3 : 0 : 0 : 4 : 1 : 1.0 ：0
inet_compat_routing_ioctl : 3 : 8 : 6188.400226726448 : 1461 : 2 : 5 : 1 : 0 : 2 : 1 : 1.0 ：0
inet_ioctl : 3 : 24 : 16936.363636363636 : 2306 : 1 : 8 : 0 : 0 : 6 : 2 : 0.6 ：0
inet_send_prepare : 1 : 4 : 1084.5392704161952 : 329 : 2 : 8 : 2 : 0 : 0 : 1 : 1.0 ：0
inet_sendmsg : 3 : 2 : 1299.8368689544477 : 5059 : 1 : 11 : 0 : 0 : 1 : 1 : 1.0 ：0
inet_splice_eof : 1 : 3 : 2331.820155878046 : 345 : 1 : 11 : 0 : 0 : 2 : 1 : 1.0 ：0
inet_getname : 3 : 6 : 11178.427307111077 : 6972 : 1 : 6 : 0 : 0 : 5 : 3 : 1.0 ：0
inet_accept : 3 : 2 : 3348.1864823978794 : 366 : 1 : 3 : 0 : 0 : 1 : 1 : 1.0 ：0
__inet_accept : 3 : 2 : 1451.4919743446378 : 366 : 0 : 0 : 0 : 0 : 0 : 1 : 1.0 ：1
inet_stream_connect : 4 : 1 : 906.1642572280505 : 2670 : 1 : 2 : 0 : 0 : 2 : 1 : 1.0 ：0
__inet_stream_connect : 5 : 41 : 57856.34444533745 : 2670 : 0 : 0 : 0 : 0 : 17 : 3 : 0.6 ：0
inet_wait_for_connect : 3 : 5 : 6130.267499152654 : 6972 : 0 : 0 : 0 : 0 : 1 : 2 : 1.0 ：0
inet_dgram_connect : 4 : 7 : 7315.638368973979 : 6972 : 1 : 9 : 0 : 0 : 4 : 2 : 0.8 ：0
inet_create : 4 : 35 : 92484.71740574158 : 6972 : 1 : 31 : 0 : 0 : 15 : 4 : 0.3999999999999999 ：0
inet_release : 1 : 5 : 7589.173037237826 : 6972 : 1 : 3 : 0 : 0 : 2 : 2 : 1.0 ：0
inet_listen : 2 : 4 : 1863.9159008480794 : 279 : 1 : 2 : 0 : 0 : 4 : 1 : 1.0 ：0
inet_bind_sk : 3 : 5 : 5895.850647341928 : 279 : 2 : 1 : 1 : 0 : 3 : 2 : 0.8 ：0
__inet_bind : 4 : 34 : 43339.18106023536 : 2241 : 0 : 0 : 0 : 0 : 13 : 4 : 0.3999999999999999 ：0
inet_autobind : 1 : 3 : 3302.6112944450115 : 1781 : 3 : 4 : 4 : 0 : 1 : 3 : 1.0 ：0
inet_sock_destruct : 1 : 4 : 7870.385009452544 : 6972 : 2 : 11 : 1 : 0 : 1 : 2 : 0.8 ：0
__inet_listen_sk : 2 : 8 : 10716.426498766212 : 279 : 0 : 0 : 0 : 0 : 1 : 3 : 0.8 ：0
