mISDN_sock_create : 4 : 14 : 2925.5910541093513 : 0 : 1 : 17 : 0 : 0 : 3 : 2 : 1.0 ：0
misdn_sock_init : 1 : 2 : 751.2655800197633 : 0 : 1 : 2 : 0 : 0 : 2 : 1 : 1.0 ：0
base_sock_ioctl : 3 : 12 : 38476.31442348995 : 0 : 1 : 12 : 0 : 0 : 6 : 4 : 0.3999999999999999 ：0
data_sock_getname : 3 : 2 : 5336.565426751694 : 0 : 1 : 2 : 0 : 0 : 2 : 1 : 1.0 ：0
base_sock_create : 4 : 4 : 3652.511079148379 : 0 : 2 : 8 : 1 : 0 : 1 : 1 : 1.0 ：0
data_sock_create : 4 : 3 : 3151.4709533317255 : 0 : 2 : 7 : 1 : 0 : 1 : 1 : 1.0 ：0
base_sock_release : 1 : 2 : 2084.5109471851297 : 0 : 1 : 7 : 0 : 0 : 1 : 1 : 1.0 ：0
base_sock_bind : 3 : 8 : 5744.796978978363 : 0 : 1 : 3 : 0 : 0 : 6 : 2 : 0.8 ：0
mISDN_sock_recvmsg : 4 : 10 : 28211.604123434852 : 0 : 1 : 14 : 0 : 0 : 3 : 3 : 0.6 ：0
data_sock_getsockopt : 5 : 6 : 3543.172496251347 : 0 : 1 : 2 : 0 : 0 : 1 : 2 : 0.8 ：0
data_sock_setsockopt : 5 : 5 : 5456.234214376426 : 0 : 1 : 4 : 0 : 0 : 3 : 3 : 0.8 ：1
mISDN_ctrl : 3 : 3 : 2050.7369172387835 : 0 : 2 : 2 : 1 : 0 : 1 : 2 : 1.0 ：0
data_sock_release : 1 : 16 : 7439.20178036912 : 0 : 1 : 11 : 0 : 0 : 1 : 2 : 0.8 ：0
data_sock_bind : 3 : 30 : 37236.874657134744 : 0 : 1 : 26 : 0 : 0 : 9 : 3 : 0.3999999999999999 ：0
mISDN_send : 2 : 4 : 4107.498575866983 : 0 : 2 : 3 : 1 : 0 : 3 : 1 : 1.0 ：0
data_sock_ioctl_bound : 3 : 16 : 39391.861763699635 : 0 : 2 : 6 : 1 : 0 : 4 : 5 : 0.3999999999999999 ：0
mISDN_sock_sendmsg : 3 : 20 : 28511.260784287755 : 0 : 1 : 11 : 0 : 0 : 8 : 2 : 0.3999999999999999 ：0
mISDN_sock_cmsg : 3 : 2 : 810.3825645026814 : 0 : 2 : 2 : 1 : 0 : 1 : 2 : 1.0 ：0
_l2_alloc_skb : 0 : 2 : 990.1144362832868 : 0 : 0 : 0 : 0 : 0 : 2 : 1 : 1.0 ：0
data_sock_ioctl : 3 : 10 : 23422.582298910405 : 0 : 1 : 17 : 0 : 0 : 6 : 3 : 0.6 ：0
