slhc_init : 0 : 15 : 29567.664239063157 : 2675 : 1 : 4 : 0 : 0 : 7 : 3 : 0.3999999999999999 ：0
slhc_free : 1 : 4 : 1572.5234647324287 : 2675 : 1 : 2 : 0 : 0 : 0 : 1 : 0.8 ：1
slhc_toss : 1 : 2 : 399.7722668160485 : 2675 : 2 : 1 : 2 : 0 : 0 : 1 : 1.0 ：0
slhc_remember : 3 : 7 : 31528.09576688262 : 2675 : 1 : 5 : 0 : 0 : 2 : 2 : 0.8 ：0
slhc_uncompress : 3 : 32 : 132725.24140407942 : 2675 : 1 : 13 : 0 : 0 : 10 : 4 : 0.6 ：0
slhc_compress : 6 : 80 : 370995.3323476683 : 2675 : 1 : 8 : 0 : 1 : 14 : 3 : 0.6 ：0
