h5_serdev_probe : 1 : 8 : 18140.261584991105 : 751 : 1 : 11 : 0 : 0 : 4 : 2 : 0.8 ：0
h5_enqueue : 2 : 7 : 7059.225198147011 : 2959 : 1 : 4 : 0 : 0 : 1 : 2 : 0.8 ：0
h5_dequeue : 0 : 10 : 34421.12619261444 : 2959 : 1 : 27 : 0 : 0 : 6 : 3 : 0.3999999999999999 ：0
h5_serdev_suspend : 1 : 3 : 1362.4262061299064 : 613 : 1 : 1 : 0 : 0 : 3 : 1 : 1.0 ：0
h5_serdev_resume : 1 : 3 : 1362.4262061299064 : 613 : 1 : 1 : 0 : 0 : 3 : 1 : 1.0 ：0
h5_btrtl_resume : 1 : 2 : 2167.5734811649486 : 613 : 1 : 11 : 0 : 0 : 1 : 1 : 1.0 ：0
h5_prepare_pkt : 0 : 8 : 35241.37389152736 : 2959 : 2 : 16 : 1 : 0 : 6 : 2 : 0.8 ：0
h5_reset_rx : 1 : 2 : 1204.3772957752783 : 2243 : 0 : 94 : 23 : 0 : 0 : 2 : 0.8 ：0
h5_btrtl_reprobe_worker : 1 : 3 : 2452.794604439911 : 613 : 2 : 6 : 1 : 0 : 1 : 1 : 1.0 ：0
h5_btrtl_open : 1 : 1 : 2638.440798138189 : 751 : 1 : 5 : 0 : 0 : 0 : 1 : 1.0 ：0
h5_btrtl_setup : 1 : 6 : 15020.585735728693 : 751 : 1 : 12 : 0 : 0 : 9 : 2 : 0.8 ：0
h5_unslip_one_byte : 2 : 6 : 6399.0025099935465 : 2959 : 2 : 101 : 1 : 0 : 2 : 3 : 1.0 ：0
h5_recv : 3 : 5 : 7365.415539614494 : 2959 : 1 : 199 : 0 : 0 : 3 : 4 : 1.0 ：0
h5_slip_one_byte : 2 : 3 : 2874.180639416273 : 2959 : 3 : 1 : 2 : 0 : 0 : 2 : 1.0 ：0
h5_btrtl_suspend : 1 : 1 : 729.6121171631855 : 613 : 1 : 2 : 0 : 0 : 0 : 1 : 1.0 ：0
valid_packet_type : 1 : 7 : 411.3791395653666 : 2959 : 3 : 0 : 2 : 0 : 2 : 2 : 1.0 ：0
h5_rx_3wire_hdr : 2 : 6 : 18184.31458375497 : 2959 : 0 : 86 : 15 : 0 : 1 : 2 : 0.8 ：0
h5_rx_delimiter : 2 : 2 : 542.1900208067995 : 2959 : 0 : 91 : 20 : 0 : 1 : 1 : 0.8 ：0
h5_rx_payload : 2 : 2 : 1374.9035077084748 : 2959 : 0 : 76 : 14 : 0 : 1 : 2 : 0.8 ：0
h5_open : 1 : 5 : 13696.354864510582 : 2959 : 1 : 121 : 0 : 0 : 1 : 2 : 1.0 ：0
h5_peer_reset : 1 : 1 : 3484.5454734540313 : 2123 : 0 : 4 : 27 : 0 : 1 : 1 : 0.8 ：0
h5_rx_pkt_start : 2 : 4 : 3304.9173469250522 : 2959 : 0 : 90 : 17 : 0 : 1 : 2 : 0.8 ：0
h5_complete_rx_pkt : 1 : 6 : 8055.771826284267 : 2959 : 0 : 36 : 25 : 0 : 1 : 2 : 0.8 ：0
h5_handle_internal_rx : 1 : 19 : 51756.8856945175 : 2959 : 0 : 17 : 26 : 0 : 1 : 2 : 0.3999999999999999 ：0
h5_close : 1 : 4 : 2712.012014828439 : 2959 : 1 : 3 : 0 : 0 : 1 : 1 : 1.0 ：1
h5_setup : 1 : 3 : 1144.489595550095 : 751 : 1 : 0 : 0 : 0 : 1 : 1 : 1.0 ：0
h5_pkt_cull : 1 : 8 : 10130.01637862191 : 2959 : 0 : 8 : 26 : 0 : 2 : 2 : 0.3999999999999999 ：0
h5_link_control : 3 : 2 : 1730.7790507875025 : 2959 : 0 : 4 : 30 : 0 : 2 : 1 : 0.8 ：0
h5_timed_event : 1 : 8 : 18315.884379132618 : 2959 : 2 : 13 : 1 : 0 : 5 : 2 : 0.6 ：0
