chaoskey_rng_read : 4 : 6 : 15277.583453839456 : 0 : 2 : 5 : 1 : 0 : 3 : 1 : 0.6 ：0
chaoskey_resume : 1 : 4 : 2716.897307745945 : 0 : 1 : 4 : 0 : 0 : 2 : 0 : 1.0 ：0
chaoskey_read : 4 : 16 : 28948.375960316644 : 0 : 1 : 4 : 0 : 0 : 10 : 3 : 0.3999999999999999 ：0
_chaoskey_fill : 1 : 11 : 25765.132040787645 : 0 : 0 : 0 : 0 : 0 : 6 : 1 : 0.6 ：0
chaoskey_probe : 2 : 19 : 50940.91943108721 : 0 : 1 : 35 : 0 : 0 : 15 : 1 : 0.3999999999999999 ：1
chaos_read_callback : 1 : 2 : 3175.205382981496 : 0 : 2 : 3 : 1 : 0 : 2 : 0 : 1.0 ：0
chaoskey_free : 1 : 2 : 1300.258432267921 : 0 : 2 : 4 : 3 : 0 : 0 : 1 : 0.8 ：1
chaoskey_open : 2 : 3 : 6212.5280120217185 : 0 : 1 : 6 : 0 : 0 : 2 : 1 : 0.8 ：0
chaoskey_disconnect : 1 : 4 : 5464.178319601002 : 0 : 1 : 13 : 0 : 0 : 1 : 1 : 0.8 ：0
chaoskey_release : 2 : 5 : 10814.621448850408 : 0 : 1 : 8 : 0 : 0 : 2 : 2 : 0.6 ：0
