madvise_remove : 4 : 7 : 13955.610458390702 : 5428 : 4 : 6 : 4 : 0 : 5 : 2 : 0.6 ：0
madvise_behavior_valid : 1 : 24 : 1649.7977094150824 : 476 : 3 : 0 : 3 : 0 : 2 : 2 : 1.0 ：0
madvise_pageout : 4 : 3 : 2561.006131106378 : 864 : 4 : 13 : 4 : 0 : 2 : 1 : 1.0 ：0
madvise_set_anon_name : 4 : 6 : 5939.778654771932 : 22 : 1 : 26 : 0 : 0 : 0 : 1 : 0.8 ：0
process_madvise_behavior_valid : 1 : 4 : 266.6452831502814 : 476 : 2 : 0 : 1 : 0 : 2 : 2 : 1.0 ：0
madvise_free_single_vma : 3 : 5 : 12075.255562933813 : 2213 : 5 : 13 : 5 : 0 : 3 : 1 : 1.0 ：0
madvise_vma_anon_name : 5 : 4 : 3108.6645922593552 : 22 : 2 : 22 : 1 : 0 : 2 : 1 : 1.0 ：0
madvise_free_pte_range : 4 : 28 : 64361.2856486255 : 2213 : 1 : 40 : 0 : 0 : 11 : 4 : 0.3999999999999999 ：0
do_madvise : 4 : 12 : 14157.444340838312 : 476 : 2 : 133 : 2 : 0 : 5 : 2 : 0.3999999999999999 ：0
madvise_vma_behavior : 5 : 33 : 29536.312006493255 : 22 : 3 : 109 : 3 : 0 : 4 : 2 : 0.6 ：0
madvise_populate : 5 : 13 : 16592.094252448904 : 220 : 4 : 5 : 4 : 0 : 4 : 4 : 0.3999999999999999 ：0
madvise_walk_vmas : 5 : 13 : 25691.198039719646 : 22 : 3 : 2 : 4 : 0 : 6 : 3 : 0.6 ：0
can_do_pageout : 1 : 7 : 3576.7345427672567 : 864 : 5 : 4 : 5 : 0 : 2 : 1 : 1.0 ：0
madvise_inject_error : 3 : 7 : 11967.920373482735 : 1739 : 3 : 8 : 3 : 0 : 4 : 3 : 0.8 ：0
madvise_dontneed_free : 5 : 12 : 20729.353663051832 : 1671 : 4 : 21 : 4 : 0 : 1 : 3 : 0.3999999999999999 ：0
madvise_pageout_page_range : 4 : 1 : 1273.835046825655 : 864 : 5 : 3 : 5 : 0 : 0 : 2 : 1.0 ：0
madvise_cold : 4 : 2 : 1944.7015753123546 : 864 : 4 : 8 : 4 : 0 : 2 : 1 : 1.0 ：0
madvise_cold_page_range : 4 : 1 : 1273.835046825655 : 864 : 5 : 3 : 5 : 0 : 0 : 2 : 1.0 ：0
madvise_cold_or_pageout_pte_range : 4 : 37 : 88528.72345374245 : 864 : 1 : 51 : 0 : 0 : 13 : 4 : 0.3999999999999999 ：0
force_shm_swapin_readahead : 4 : 3 : 5660.643044082773 : 3269 : 5 : 11 : 5 : 0 : 3 : 2 : 0.8 ：0
replace_vma_anon_name : 2 : 6 : 4374.692979072419 : 22 : 5 : 16 : 7 : 0 : 1 : 2 : 0.3999999999999999 ：0
swapin_walk_pmd_entry : 4 : 7 : 9432.49090483023 : 3269 : 1 : 10 : 0 : 0 : 6 : 2 : 0.6 ：0
madvise_willneed : 4 : 6 : 15806.131622114595 : 6139 : 4 : 22 : 4 : 0 : 3 : 2 : 0.6 ：0
free_vma_anon_name : 1 : 2 : 1112.1106793253346 : 22 : 6 : 5 : 8 : 0 : 1 : 1 : 0.8 ：0
madvise_update_vma : 6 : 13 : 21493.43082269711 : 22 : 4 : 21 : 6 : 0 : 7 : 2 : 0.6 ：1
dup_vma_anon_name : 2 : 2 : 574.3129175544523 : 22 : 1 : 2 : 0 : 0 : 0 : 1 : 1.0 ：0
vma_anon_name : 0 : 2 : 406.31662194328595 : 22 : 6 : 2 : 12 : 0 : 1 : 1 : 0.8 ：0
anon_vma_name_alloc : 0 : 3 : 3714.4557847709807 : 22 : 6 : 5 : 8 : 0 : 3 : 2 : 0.8 ：0
madvise_need_mmap_write : 1 : 9 : 1284.7131741229578 : 5319 : 3 : 0 : 3 : 0 : 0 : 2 : 1.0 ：0
