minix_truncate : 1 : 5 : 1189.419703764204 : 0 : 3 : 6 : 3 : 0 : 0 : 1 : 1.0 ：0
minix_write_inode : 2 : 7 : 5516.889485445295 : 0 : 1 : 33 : 0 : 0 : 3 : 3 : 0.8 ：0
V1_minix_update_inode : 0 : 5 : 11753.692772763685 : 0 : 2 : 11 : 1 : 0 : 6 : 1 : 1.0 ：0
init_minix_fs : 1 : 5 : 919.4684628180298 : 0 : 1 : 8 : 0 : 0 : 4 : 1 : 1.0 ：0
V2_minix_update_inode : 0 : 5 : 12997.076964406957 : 0 : 2 : 13 : 1 : 0 : 6 : 1 : 1.0 ：0
minix_getattr : 5 : 2 : 4384.494087761653 : 0 : 1 : 5 : 0 : 0 : 2 : 1 : 0.8 ：0
minix_iget : 0 : 4 : 2348.340026966706 : 0 : 3 : 45 : 2 : 0 : 2 : 1 : 1.0 ：0
minix_write_failed : 2 : 2 : 1063.3308753677895 : 0 : 2 : 8 : 1 : 0 : 1 : 2 : 1.0 ：0
V1_minix_iget : 0 : 4 : 17343.859348599723 : 0 : 4 : 20 : 3 : 0 : 5 : 2 : 0.8 ：0
minix_set_inode : 2 : 6 : 5088.104449505769 : 0 : 5 : 5 : 8 : 0 : 0 : 2 : 0.8 ：0
minix_write_begin : 6 : 2 : 1011.3311742036428 : 0 : 1 : 15 : 0 : 0 : 2 : 1 : 1.0 ：0
V2_minix_iget : 0 : 4 : 18402.537963312912 : 0 : 4 : 20 : 3 : 0 : 5 : 2 : 0.8 ：0
minix_check_superblock : 1 : 6 : 4232.849831948756 : 0 : 3 : 1 : 2 : 0 : 4 : 1 : 0.8 ：1
init_inodecache : 1 : 2 : 846.8107981738729 : 0 : 2 : 3 : 1 : 0 : 0 : 1 : 1.0 ：0
minix_get_block : 4 : 2 : 834.5536264250227 : 0 : 2 : 3 : 5 : 0 : 0 : 1 : 0.8 ：0
destroy_inodecache : 1 : 1 : 497.4684313282454 : 0 : 2 : 2 : 2 : 0 : 0 : 1 : 1.0 ：0
minix_put_super : 1 : 5 : 8790.548902617398 : 0 : 1 : 5 : 0 : 0 : 2 : 2 : 0.8 ：0
minix_statfs : 2 : 1 : 4316.206022025897 : 0 : 1 : 5 : 0 : 0 : 3 : 1 : 0.8 ：0
minix_fill_super : 3 : 54 : 216697.6834698527 : 0 : 2 : 62 : 1 : 0 : 25 : 2 : 0.3999999999999999 ：1
minix_remount : 3 : 10 : 15855.601893478628 : 0 : 1 : 5 : 0 : 0 : 2 : 3 : 0.8 ：1
minix_alloc_inode : 0 : 2 : 795.6276720133552 : 0 : 1 : 1 : 0 : 0 : 2 : 1 : 1.0 ：0
minix_evict_inode : 1 : 3 : 1300.258432267921 : 0 : 1 : 11 : 0 : 0 : 0 : 2 : 1.0 ：0
