post_one_notification : 2 : 11 : 35336.73895357818 : 665 : 2 : 13 : 1 : 0 : 11 : 2 : 0.3999999999999999 ：0
watch_queue_pipe_buf_release : 2 : 2 : 7435.839859089596 : 665 : 1 : 2 : 0 : 0 : 2 : 1 : 1.0 ：0
free_watch : 1 : 1 : 1482.4071301878319 : 665 : 0 : 0 : 0 : 0 : 1 : 1 : 1.0 ：1
get_watch_queue : 0 : 4 : 3374.7631552844377 : 665 : 1 : 5 : 0 : 0 : 4 : 3 : 1.0 ：0
add_watch_to_object : 2 : 4 : 9093.812077236711 : 665 : 1 : 12 : 0 : 0 : 3 : 2 : 0.8 ：0
watch_queue_init : 1 : 2 : 2309.2983838773175 : 665 : 1 : 4 : 0 : 0 : 1 : 1 : 0.8 ：0
watch_queue_set_size : 2 : 20 : 36066.691847107984 : 665 : 1 : 11 : 0 : 0 : 8 : 2 : 0.3999999999999999 ：0
__put_watch_queue : 1 : 3 : 4545.416800346213 : 665 : 0 : 0 : 0 : 0 : 2 : 1 : 0.8 ：0
remove_watch_from_object : 4 : 14 : 25563.214809691606 : 665 : 1 : 30 : 0 : 0 : 8 : 3 : 0.3999999999999999 ：0
watch_queue_set_filter : 2 : 19 : 53300.683469341566 : 665 : 1 : 12 : 0 : 0 : 9 : 2 : 0.3999999999999999 ：0
filter_watch_notification : 2 : 6 : 10123.548931854584 : 665 : 0 : 0 : 0 : 0 : 5 : 2 : 1.0 ：0
__post_watch_notification : 4 : 6 : 6439.162318810038 : 665 : 0 : 0 : 0 : 0 : 3 : 2 : 0.6 ：0
watch_queue_clear : 1 : 8 : 20589.212076234064 : 665 : 1 : 14 : 0 : 0 : 3 : 5 : 0.3999999999999999 ：0
init_watch : 2 : 1 : 647.1111111111111 : 665 : 1 : 3 : 0 : 0 : 0 : 1 : 1.0 ：0
