mesh_path_flush_by_nexthop : 1 : 2 : 3064.4694275102606 : 4654 : 1 : 4 : 0 : 0 : 4 : 2 : 0.8 ：0
mesh_path_fix_nexthop : 2 : 1 : 4106.304375152441 : 4654 : 1 : 14 : 0 : 0 : 0 : 1 : 0.8 ：0
mesh_path_tbl_expire : 2 : 4 : 2637.1032029541784 : 1702 : 2 : 4 : 1 : 0 : 2 : 2 : 0.8 ：0
mesh_path_new : 0 : 2 : 3735.736218873703 : 1702 : 2 : 6 : 2 : 0 : 3 : 1 : 0.8 ：0
mesh_path_del : 2 : 1 : 2220.997973990613 : 1743 : 1 : 9 : 0 : 0 : 2 : 1 : 1.0 ：0
mesh_plink_broken : 1 : 4 : 9627.824569630442 : 4538 : 1 : 7 : 0 : 0 : 3 : 3 : 0.8 ：0
table_flush_by_iface : 1 : 1 : 1333.9130142408114 : 3368 : 2 : 3 : 1 : 0 : 2 : 2 : 0.8 ：0
table_path_del : 3 : 2 : 2151.121259407211 : 1702 : 2 : 3 : 1 : 0 : 1 : 2 : 0.8 ：0
mpp_flush_by_proxy : 2 : 2 : 2430.9782608695655 : 1743 : 2 : 4 : 1 : 0 : 3 : 2 : 0.8 ：0
mesh_pathtbl_init : 1 : 4 : 4649.673913043478 : 4654 : 1 : 26 : 0 : 0 : 3 : 2 : 0.8 ：1
mesh_path_flush_pending : 1 : 2 : 770.3616545629942 : 125 : 5 : 3 : 5 : 0 : 1 : 1 : 1.0 ：0
mpp_path_add : 3 : 6 : 9304.180910474519 : 4452 : 1 : 15 : 0 : 0 : 4 : 1 : 0.6 ：0
mesh_path_free_rcu : 2 : 1 : 2676.521739130435 : 1702 : 4 : 15 : 4 : 0 : 1 : 1 : 0.8 ：0
mesh_path_send_to_gates : 1 : 2 : 9109.596855383463 : 3388 : 1 : 26 : 0 : 0 : 5 : 3 : 0.8 ：0
mesh_path_add : 0 : 8 : 13368.785096135714 : 3388 : 1 : 17 : 0 : 0 : 3 : 2 : 0.6 ：0
mesh_gate_del : 2 : 2 : 3035.135312609198 : 3388 : 5 : 5 : 5 : 0 : 0 : 1 : 0.8 ：0
mesh_path_move_to_queue : 3 : 8 : 14742.727051727685 : 3388 : 2 : 19 : 1 : 0 : 1 : 3 : 0.6 ：0
mesh_path_assign_nexthop : 2 : 1 : 5356.042301494234 : 4654 : 2 : 6 : 1 : 0 : 2 : 2 : 0.8 ：0
mesh_path_add_gate : 1 : 3 : 8045.730126874819 : 3388 : 1 : 8 : 0 : 0 : 4 : 2 : 0.8 ：0
prepare_for_gate : 3 : 3 : 19077.703745484414 : 3388 : 3 : 7 : 2 : 0 : 3 : 2 : 0.8 ：0
__mesh_path_lookup_by_idx : 0 : 4 : 2880.51128332494 : 1702 : 0 : 0 : 0 : 0 : 4 : 2 : 0.8 ：0
mpath_lookup : 0 : 3 : 1661.3395518919076 : 3220 : 2 : 5 : 2 : 0 : 2 : 2 : 0.8 ：0
mesh_table_alloc : 0 : 2 : 2468.975335498381 : 1702 : 2 : 4 : 1 : 0 : 3 : 1 : 0.8 ：0
mesh_path_rht_free : 2 : 1 : 506.0 : 1702 : 3 : 16 : 3 : 0 : 2 : 1 : 1.0 ：0
