kvm_xen_destroy_vm : 1 : 3 : 4050.0 : 611 : 1 : 6 : 0 : 0 : 2 : 1 : 1.0 ：0
kvm_xen_destroy_vcpu : 1 : 2 : 2492.2089650018343 : 189 : 1 : 6 : 0 : 0 : 0 : 0 : 1.0 ：0
kvm_xen_setattr_evtchn : 2 : 7 : 5714.067183537394 : 189 : 2 : 35 : 1 : 0 : 1 : 0 : 0.8 ：0
kvm_xen_hcall_evtchn_send : 3 : 7 : 11457.370205602869 : 189 : 2 : 39 : 1 : 0 : 9 : 1 : 0.6 ：0
kvm_xen_set_evtchn : 2 : 16 : 28701.958131958465 : 189 : 3 : 32 : 6 : 0 : 6 : 1 : 0.19999999999999996 ：0
kvm_xen_hvm_evtchn_send : 2 : 9 : 6767.747702544239 : 189 : 1 : 35 : 0 : 0 : 3 : 0 : 0.8 ：0
kvm_xen_eventfd_assign : 2 : 25 : 60199.85769117722 : 189 : 3 : 11 : 2 : 0 : 10 : 3 : 0.3999999999999999 ：1
kvm_xen_eventfd_deassign : 2 : 4 : 3218.073603355648 : 189 : 3 : 6 : 2 : 0 : 1 : 0 : 0.8 ：0
kvm_xen_set_evtchn_fast : 2 : 26 : 74306.64139741032 : 274 : 4 : 23 : 7 : 0 : 11 : 3 : 0.19999999999999996 ：0
kvm_xen_init_vcpu : 1 : 1 : 1210.036418600351 : 189 : 1 : 5 : 0 : 0 : 0 : 0 : 1.0 ：0
kvm_xen_setup_evtchn : 3 : 5 : 11965.941180407597 : 274 : 1 : 37 : 0 : 0 : 1 : 0 : 1.0 ：0
max_evtchn_port : 1 : 3 : 262.27886564689675 : 189 : 5 : 1 : 18 : 0 : 2 : 0 : 0.8 ：0
kvm_xen_eventfd_reset : 1 : 2 : 3522.089659327158 : 189 : 3 : 7 : 2 : 0 : 2 : 1 : 0.8 ：0
evtchn_set_fn : 5 : 2 : 244.1466343769439 : 274 : 2 : 33 : 1 : 0 : 0 : 0 : 1.0 ：0
kvm_xen_eventfd_update : 2 : 11 : 26554.347357595278 : 189 : 3 : 5 : 2 : 0 : 2 : 1 : 0.6 ：0
kvm_xen_check_poller : 2 : 4 : 1797.3053002826932 : 189 : 5 : 3 : 8 : 0 : 1 : 1 : 0.8 ：0
kvm_xen_hcall_set_timer_op : 3 : 9 : 10719.069899304275 : 189 : 2 : 17 : 1 : 0 : 4 : 2 : 0.8 ：0
kvm_xen_hypercall : 1 : 14 : 104911.1691563586 : 189 : 1 : 133 : 0 : 0 : 3 : 2 : 0.6 ：0
kvm_xen_hcall_vcpu_op : 6 : 13 : 28676.24199396731 : 189 : 2 : 23 : 1 : 0 : 12 : 2 : 0.3999999999999999 ：0
kvm_xen_hcall_sched_op : 5 : 4 : 1301.3376321710546 : 189 : 2 : 25 : 1 : 0 : 3 : 1 : 1.0 ：0
kvm_xen_schedop_poll : 4 : 19 : 62197.78834716944 : 189 : 3 : 23 : 2 : 0 : 8 : 2 : 0.3999999999999999 ：0
cancel_evtchn_poll : 1 : 1 : 614.5335136115052 : 189 : 2 : 3 : 1 : 0 : 1 : 0 : 1.0 ：0
kvm_xen_hvm_config : 2 : 12 : 7413.193566671394 : 611 : 1 : 5 : 0 : 0 : 0 : 0 : 0.6 ：0
kvm_xen_hvm_get_attr : 2 : 6 : 7910.137446166984 : 611 : 1 : 3 : 0 : 0 : 2 : 1 : 0.8 ：0
kvm_xen_vcpu_get_attr : 2 : 16 : 57823.600140899944 : 611 : 1 : 3 : 0 : 0 : 2 : 2 : 0.3999999999999999 ：0
wait_pending_event : 3 : 7 : 14619.554224131085 : 189 : 4 : 7 : 3 : 0 : 7 : 2 : 0.8 ：0
__kvm_xen_has_interrupt : 1 : 9 : 22183.048895659394 : 611 : 0 : 0 : 0 : 0 : 3 : 2 : 0.8 ：0
kvm_xen_hypercall_complete_userspace : 1 : 2 : 1437.9564107631852 : 611 : 2 : 5 : 1 : 0 : 1 : 0 : 1.0 ：0
kvm_xen_vcpu_set_attr : 2 : 38 : 311336.0189003267 : 611 : 1 : 36 : 0 : 0 : 1 : 2 : 0.3999999999999999 ：0
kvm_xen_inject_pending_events : 1 : 8 : 33565.56702283478 : 189 : 1 : 11 : 0 : 0 : 4 : 1 : 0.3999999999999999 ：0
kvm_xen_write_hypercall_page : 2 : 11 : 38067.64650556101 : 611 : 1 : 9 : 0 : 0 : 6 : 2 : 0.6 ：0
kvm_xen_hvm_set_attr : 2 : 10 : 15407.249291953136 : 611 : 1 : 55 : 0 : 0 : 2 : 2 : 0.8 ：0
kvm_xen_update_runstate_guest : 2 : 12 : 107017.02473489652 : 584 : 1 : 14 : 0 : 0 : 5 : 1 : 0.3999999999999999 ：0
kvm_xen_inject_vcpu_vector : 1 : 2 : 3590.3791468449986 : 189 : 5 : 2 : 9 : 0 : 2 : 1 : 0.8 ：0
kvm_xen_update_runstate : 2 : 5 : 9490.589750700128 : 584 : 2 : 2 : 2 : 0 : 5 : 1 : 1.0 ：0
kvm_xen_init_timer : 1 : 1 : 721.0284451965598 : 189 : 2 : 7 : 1 : 0 : 0 : 0 : 1.0 ：0
kvm_xen_start_timer : 3 : 2 : 2807.4952744816405 : 189 : 3 : 10 : 5 : 0 : 1 : 1 : 1.0 ：0
kvm_xen_stop_timer : 1 : 1 : 1101.5712357169666 : 189 : 3 : 2 : 6 : 0 : 0 : 0 : 0.8 ：0
xen_timer_callback : 1 : 2 : 2438.8440036652196 : 189 : 4 : 5 : 8 : 0 : 2 : 0 : 0.8 ：0
kvm_xen_shared_info_init : 2 : 10 : 33254.65417497681 : 611 : 2 : 15 : 1 : 0 : 13 : 1 : 0.3999999999999999 ：0
kvm_xen_inject_timer_irqs : 1 : 2 : 4347.198993354159 : 189 : 1 : 35 : 0 : 0 : 1 : 1 : 1.0 ：0
