isofs_read_level3_size : 1 : 20 : 55384.814463901916 : 0 : 0 : 0 : 1 : 0 : 13 : 3 : 0.3999999999999999 ：0
init_iso9660_fs : 1 : 7 : 1429.3199236152366 : 0 : 1 : 10 : 0 : 0 : 5 : 0 : 1.0 ：0
exit_iso9660_fs : 1 : 1 : 117.6206750336681 : 0 : 1 : 5 : 0 : 0 : 0 : 0 : 1.0 ：0
__isofs_iget : 0 : 5 : 6647.714640773994 : 0 : 0 : 0 : 0 : 0 : 4 : 2 : 0.6 ：0
isofs_statfs : 2 : 1 : 5657.530994513565 : 0 : 1 : 2 : 0 : 0 : 2 : 0 : 0.8 ：0
isofs_bmap : 2 : 2 : 1292.3432830810887 : 0 : 2 : 12 : 1 : 0 : 2 : 0 : 0.8 ：0
rootdir_empty : 2 : 4 : 4786.691376304271 : 0 : 3 : 2 : 2 : 0 : 4 : 1 : 1.0 ：0
isofs_iget5_test : 2 : 2 : 1047.2364229919378 : 0 : 0 : 0 : 0 : 0 : 1 : 0 : 1.0 ：0
isofs_iget5_set : 2 : 1 : 968.5059917227167 : 0 : 0 : 0 : 0 : 0 : 1 : 0 : 1.0 ：0
isofs_get_blocks : 4 : 16 : 54723.30597612703 : 0 : 4 : 9 : 5 : 0 : 7 : 3 : 0.3999999999999999 ：0
isofs_fill_super : 3 : 98 : 471972.9349823621 : 0 : 2 : 42 : 1 : 1 : 34 : 5 : 0.3999999999999999 ：0
isofs_show_options : 2 : 21 : 22900.836125552723 : 0 : 1 : 6 : 0 : 0 : 1 : 0 : 0.6 ：0
isofs_get_last_session : 2 : 10 : 12155.104317818837 : 0 : 3 : 4 : 2 : 0 : 4 : 2 : 0.8 ：0
isofs_bread : 0 : 2 : 560.7999018195464 : 0 : 1 : 14 : 0 : 0 : 2 : 0 : 1.0 ：0
isofs_read_inode : 2 : 49 : 163913.69960489013 : 0 : 0 : 0 : 0 : 0 : 15 : 2 : 0.3999999999999999 ：1
isofs_dentry_cmp_common : 5 : 10 : 9726.728035970416 : 0 : 2 : 2 : 3 : 0 : 0 : 2 : 0.8 ：0
isofs_hashi_common : 3 : 5 : 5787.220230233226 : 0 : 2 : 4 : 2 : 0 : 3 : 1 : 1.0 ：0
parse_options : 2 : 41 : 95509.25776062736 : 0 : 3 : 10 : 2 : 0 : 4 : 2 : 0.3999999999999999 ：0
isofs_get_block : 4 : 2 : 1157.9895375930366 : 0 : 3 : 11 : 4 : 0 : 1 : 1 : 0.8 ：0
destroy_inodecache : 1 : 1 : 407.1205760451312 : 0 : 2 : 2 : 2 : 0 : 0 : 0 : 1.0 ：0
isofs_alloc_inode : 0 : 2 : 630.4926602180776 : 0 : 1 : 1 : 0 : 0 : 2 : 0 : 1.0 ：0
init_inodecache : 1 : 2 : 653.3572166383407 : 0 : 2 : 3 : 1 : 0 : 0 : 0 : 1.0 ：0
isofs_remount : 3 : 2 : 269.8462801008327 : 0 : 1 : 1 : 0 : 0 : 0 : 0 : 1.0 ：0
init_once : 1 : 1 : 226.65193273614193 : 0 : 3 : 1 : 2 : 0 : 1 : 0 : 1.0 ：0
isofs_put_super : 1 : 1 : 634.6898675915309 : 0 : 1 : 3 : 0 : 0 : 1 : 0 : 1.0 ：0
isofs_hash_common : 3 : 4 : 2745.9475324994028 : 0 : 2 : 1 : 1 : 0 : 2 : 1 : 1.0 ：0
