userfaultfd_syscall_allowed : 1 : 4 : 2586.370564559128 : 0 : 2 : 1 : 1 : 0 : 3 : 1 : 1.0 ：0
userfaultfd_show_fdinfo : 2 : 1 : 8419.467080781566 : 0 : 1 : 4 : 0 : 0 : 2 : 2 : 0.8 ：0
userfaultfd_api : 2 : 13 : 16904.055646207282 : 0 : 2 : 6 : 1 : 0 : 9 : 1 : 0.6 ：0
new_userfaultfd : 1 : 5 : 11578.342816520722 : 0 : 2 : 9 : 2 : 0 : 3 : 2 : 0.8 ：0
userfaultfd_dev_ioctl : 3 : 2 : 274.1295543881475 : 0 : 1 : 10 : 0 : 0 : 0 : 1 : 1.0 ：0
uffd_ctx_features : 1 : 1 : 748.8947815907463 : 0 : 3 : 0 : 2 : 0 : 0 : 1 : 1.0 ：0
userfaultfd_init : 1 : 2 : 872.76473489675 : 0 : 1 : 5 : 0 : 0 : 2 : 1 : 1.0 ：0
userfaultfd_zeropage : 2 : 14 : 25317.22474233207 : 0 : 2 : 15 : 1 : 0 : 9 : 2 : 0.8 ：0
userfaultfd_wake : 2 : 5 : 7837.764399253315 : 0 : 2 : 9 : 1 : 0 : 6 : 1 : 1.0 ：0
userfaultfd_writeprotect : 2 : 11 : 19976.857526829815 : 0 : 2 : 12 : 1 : 0 : 6 : 2 : 0.8 ：0
wake_userfault : 2 : 6 : 7915.616294899867 : 0 : 3 : 5 : 12 : 0 : 2 : 2 : 0.6 ：0
userfaultfd_continue : 2 : 18 : 33084.59565172043 : 0 : 2 : 15 : 1 : 0 : 10 : 2 : 0.6 ：0
userfaultfd_ioctl : 3 : 11 : 8136.782107013715 : 0 : 1 : 140 : 0 : 0 : 3 : 2 : 1.0 ：0
userfaultfd_ctx_read : 4 : 17 : 98330.7743899073 : 0 : 2 : 45 : 1 : 0 : 4 : 4 : 0.3999999999999999 ：0
userfaultfd_copy : 2 : 18 : 32279.236223399417 : 0 : 2 : 15 : 1 : 0 : 10 : 2 : 0.6 ：0
resolve_userfault_fork : 3 : 2 : 2388.4289974124467 : 0 : 3 : 1 : 2 : 0 : 2 : 1 : 1.0 ：0
validate_range : 3 : 7 : 3247.992492032521 : 0 : 3 : 0 : 14 : 0 : 1 : 1 : 0.6 ：0
userfaultfd_unregister : 2 : 38 : 86770.97928557497 : 0 : 2 : 32 : 1 : 0 : 15 : 3 : 0.3999999999999999 ：1
init_once_userfaultfd_ctx : 1 : 1 : 2122.5179338706366 : 0 : 2 : 2 : 1 : 0 : 1 : 1 : 1.0 ：0
__wake_userfault : 2 : 3 : 2872.5241624189334 : 0 : 0 : 0 : 0 : 0 : 0 : 1 : 0.8 ：0
userfaultfd_read : 4 : 8 : 10973.618696489615 : 0 : 1 : 49 : 0 : 0 : 4 : 2 : 0.8 ：0
userfaultfd_release : 2 : 8 : 27458.024809855462 : 0 : 1 : 24 : 0 : 0 : 4 : 3 : 0.3999999999999999 ：0
userfaultfd_register : 2 : 66 : 173543.11070517194 : 0 : 2 : 27 : 1 : 0 : 24 : 3 : 0.3999999999999999 ：0
has_unmap_ctx : 4 : 4 : 1361.4987764901102 : 0 : 2 : 1 : 1 : 0 : 3 : 1 : 1.0 ：0
find_userfault_in : 0 : 3 : 3035.363788579245 : 0 : 4 : 5 : 6 : 0 : 4 : 1 : 0.8 ：0
userfaultfd_unmap_prep : 4 : 5 : 5836.634350281041 : 0 : 1 : 9 : 0 : 0 : 3 : 2 : 1.0 ：0
userfaultfd_unmap_complete : 2 : 1 : 5015.543173082708 : 0 : 1 : 30 : 0 : 0 : 1 : 2 : 1.0 ：0
userfaultfd_poll : 2 : 7 : 8617.959260516287 : 0 : 1 : 5 : 0 : 0 : 5 : 1 : 0.6 ：0
dup_fctx : 1 : 1 : 2129.152193111302 : 0 : 2 : 27 : 1 : 0 : 2 : 1 : 1.0 ：0
userfaultfd_remove : 3 : 3 : 5513.995864828041 : 0 : 1 : 31 : 0 : 0 : 5 : 1 : 1.0 ：0
mremap_userfaultfd_complete : 4 : 3 : 5867.239183606186 : 0 : 1 : 34 : 0 : 0 : 2 : 2 : 1.0 ：0
userfault_msg : 5 : 5 : 10993.958978297946 : 0 : 2 : 4 : 1 : 0 : 2 : 1 : 0.8 ：0
dup_userfaultfd_complete : 1 : 1 : 1040.813280360001 : 0 : 1 : 31 : 0 : 0 : 0 : 2 : 1.0 ：0
mremap_userfaultfd_prep : 2 : 4 : 2609.868437561424 : 0 : 1 : 3 : 0 : 0 : 1 : 2 : 1.0 ：0
handle_userfault : 2 : 39 : 109008.23411809567 : 0 : 1 : 64 : 0 : 0 : 13 : 3 : 0.3999999999999999 ：0
userfaultfd_huge_must_wait : 5 : 7 : 5233.003533143724 : 0 : 2 : 6 : 1 : 0 : 4 : 1 : 0.8 ：0
userfaultfd_event_wait_completion : 2 : 12 : 26912.84322707964 : 0 : 3 : 23 : 5 : 0 : 5 : 4 : 0.3999999999999999 ：0
userfaultfd_get_blocking_state : 1 : 3 : 291.409627803611 : 0 : 2 : 0 : 1 : 0 : 3 : 1 : 1.0 ：0
userfaultfd_must_wait : 4 : 19 : 22684.746023212818 : 0 : 2 : 17 : 1 : 0 : 13 : 2 : 0.6 ：0
dup_userfaultfd : 2 : 7 : 14101.200846551146 : 0 : 1 : 11 : 0 : 0 : 2 : 3 : 0.6 ：0
msg_init : 1 : 1 : 1313.3124037352843 : 0 : 3 : 2 : 7 : 0 : 0 : 1 : 0.8 ：0
userfaultfd_wake_function : 4 : 6 : 14948.253187425984 : 0 : 2 : 4 : 1 : 0 : 5 : 2 : 1.0 ：0
userfaultfd_ctx_put : 1 : 2 : 5427.786489824311 : 0 : 4 : 6 : 11 : 0 : 0 : 2 : 0.6 ：0
