virtual_nci_close : 1 : 1 : 1273.835046825655 : 1200 : 1 : 4 : 0 : 0 : 1 : 1 : 0.8 ：0
virtual_ncidev_ioctl : 3 : 3 : 2482.7279237279677 : 1200 : 1 : 1 : 0 : 0 : 2 : 1 : 1.0 ：0
virtual_ncidev_write : 4 : 3 : 2597.0766399952 : 1200 : 1 : 5 : 0 : 0 : 3 : 2 : 1.0 ：1
virtual_nci_open : 1 : 1 : 381.49653185003166 : 1200 : 1 : 1 : 0 : 0 : 1 : 1 : 1.0 ：0
virtual_ncidev_read : 4 : 5 : 8416.637902348084 : 1200 : 1 : 7 : 0 : 0 : 3 : 2 : 0.8 ：0
virtual_ncidev_open : 2 : 4 : 7095.722064479573 : 1200 : 1 : 9 : 0 : 0 : 3 : 2 : 0.8 ：0
virtual_ncidev_close : 2 : 1 : 973.0672444309869 : 1200 : 1 : 4 : 0 : 0 : 1 : 1 : 1.0 ：0
virtual_nci_send : 2 : 4 : 4873.5938379954605 : 1200 : 1 : 7 : 0 : 0 : 1 : 2 : 0.8 ：0
