xfrmi_newlink : 5 : 2 : 4045.2205424655704 : 0 : 1 : 20 : 0 : 0 : 5 : 1 : 1.0 ：0
xfrmi_fini : 1 : 1 : 215.09775004326937 : 0 : 1 : 9 : 0 : 0 : 0 : 1 : 1.0 ：0
xfrmi6_fini : 1 : 2 : 683.129181080001 : 0 : 2 : 2 : 2 : 0 : 0 : 1 : 1.0 ：1
xfrmi4_init : 1 : 13 : 6870.674601197782 : 0 : 2 : 4 : 1 : 0 : 7 : 1 : 0.8 ：1
xfrmi_init : 1 : 9 : 5534.176463869492 : 0 : 1 : 22 : 0 : 0 : 8 : 1 : 0.8 ：0
xfrmi_exit_batch_net : 1 : 3 : 6373.63945376979 : 0 : 1 : 8 : 0 : 0 : 4 : 3 : 0.8 ：0
xfrmi6_init : 1 : 13 : 6870.674601197782 : 0 : 2 : 4 : 1 : 0 : 7 : 1 : 0.8 ：1
xfrmi6_rcv_tunnel : 1 : 1 : 1672.1023658996457 : 0 : 1 : 4 : 0 : 0 : 2 : 1 : 1.0 ：0
xfrmi4_fini : 1 : 2 : 683.129181080001 : 0 : 2 : 2 : 2 : 0 : 0 : 1 : 1.0 ：1
xfrmi6_err : 6 : 9 : 21229.315310107453 : 0 : 1 : 13 : 0 : 0 : 9 : 2 : 0.6 ：0
xfrmi_dev_setup : 1 : 1 : 1681.7446935859814 : 0 : 1 : 6 : 0 : 0 : 0 : 1 : 1.0 ：0
xfrmi_dev_init : 1 : 6 : 8698.266511665348 : 0 : 1 : 9 : 0 : 0 : 4 : 2 : 0.8 ：0
xfrmi_get_size : 1 : 1 : 507.64732294101384 : 0 : 1 : 1 : 0 : 0 : 0 : 1 : 1.0 ：0
xfrmi_xmit : 2 : 12 : 28366.52938295213 : 0 : 1 : 42 : 0 : 0 : 12 : 4 : 0.6 ：0
xfrmi_change : 2 : 2 : 819.7777777777777 : 0 : 3 : 0 : 2 : 0 : 0 : 1 : 1.0 ：0
xfrmi_changelink : 4 : 3 : 3620.4663819531197 : 0 : 1 : 24 : 0 : 0 : 3 : 2 : 1.0 ：0
xfrmi_scrub_packet : 2 : 2 : 1925.6842503028854 : 0 : 3 : 6 : 3 : 0 : 0 : 1 : 1.0 ：0
xfrmi_fill_info : 2 : 4 : 1683.2904148117036 : 0 : 1 : 2 : 0 : 0 : 3 : 1 : 1.0 ：0
xfrmi4_err : 2 : 10 : 25099.346580635978 : 0 : 1 : 13 : 0 : 0 : 9 : 2 : 0.6 ：0
xfrmi_update : 2 : 1 : 2273.2155966292344 : 0 : 2 : 14 : 1 : 0 : 4 : 1 : 1.0 ：0
xfrmi_rcv_cb : 2 : 9 : 14423.850111942524 : 0 : 1 : 22 : 0 : 0 : 5 : 4 : 0.8 ：0
xfrmi_locate : 0 : 3 : 3931.190476190476 : 0 : 2 : 4 : 2 : 0 : 4 : 1 : 1.0 ：0
xfrmi_netlink_parms : 2 : 4 : 2935.7917094810014 : 0 : 2 : 2 : 2 : 0 : 0 : 1 : 1.0 ：0
xfrmi_xmit2 : 3 : 13 : 26825.437531381664 : 0 : 2 : 28 : 1 : 0 : 12 : 3 : 0.6 ：0
xfrmi_dev_free : 1 : 1 : 519.5619433767098 : 0 : 2 : 3 : 1 : 0 : 1 : 1 : 1.0 ：0
xfrmi_create : 1 : 3 : 2699.5866076780844 : 0 : 2 : 9 : 1 : 0 : 6 : 1 : 1.0 ：0
xfrmi_link : 2 : 1 : 1525.1750543274416 : 0 : 3 : 4 : 4 : 0 : 0 : 1 : 1.0 ：0
xfrmi_dev_uninit : 1 : 1 : 875.1904392146909 : 0 : 1 : 7 : 0 : 0 : 2 : 1 : 1.0 ：0
xfrmi_lookup : 0 : 3 : 2598.0952380952385 : 0 : 2 : 4 : 3 : 0 : 4 : 2 : 1.0 ：0
xfrmi_unlink : 2 : 3 : 3214.400726223233 : 0 : 3 : 4 : 3 : 0 : 1 : 3 : 1.0 ：0
xfrmi_decode_session : 0 : 9 : 5765.481744079745 : 0 : 1 : 7 : 0 : 0 : 6 : 2 : 0.8 ：0
