qrtr_sendmsg : 3 : 23 : 48537.11305360752 : 1785 : 1 : 99 : 0 : 0 : 13 : 3 : 0.3999999999999999 ：0
qrtr_bcast_enqueue : 5 : 2 : 2637.3407369041756 : 1390 : 3 : 39 : 3 : 0 : 1 : 2 : 0.8 ：0
qrtr_local_enqueue : 5 : 5 : 6059.748631498249 : 1390 : 4 : 9 : 6 : 0 : 2 : 2 : 0.8 ：0
__qrtr_bind : 3 : 7 : 6938.207545913837 : 1785 : 0 : 0 : 0 : 0 : 5 : 1 : 0.8 ：0
qrtr_connect : 4 : 4 : 5422.822676552667 : 1785 : 1 : 9 : 0 : 0 : 4 : 2 : 1.0 ：0
qrtr_ioctl : 3 : 17 : 16225.549395687161 : 1785 : 1 : 11 : 0 : 0 : 8 : 3 : 0.3999999999999999 ：0
qrtr_create : 4 : 3 : 4163.839868019681 : 1785 : 1 : 7 : 0 : 0 : 2 : 1 : 1.0 ：0
qrtr_bind : 3 : 4 : 4222.105417844556 : 1785 : 1 : 8 : 0 : 0 : 4 : 1 : 1.0 ：0
qrtr_reset_ports : 1 : 2 : 3240.68101010583 : 1390 : 0 : 0 : 0 : 0 : 2 : 2 : 0.8 ：0
qrtr_autobind : 1 : 2 : 2026.7707977971784 : 1785 : 2 : 1 : 2 : 0 : 2 : 1 : 1.0 ：0
qrtr_send_resume_tx : 1 : 3 : 7549.530234012589 : 439 : 2 : 37 : 1 : 0 : 7 : 2 : 1.0 ：0
qrtr_getname : 3 : 3 : 4489.826040861483 : 1785 : 1 : 7 : 0 : 0 : 3 : 3 : 1.0 ：0
qrtr_port_assign : 2 : 12 : 10839.55597561697 : 1785 : 0 : 0 : 0 : 0 : 3 : 2 : 0.6 ：0
qrtr_recvmsg : 4 : 8 : 16045.747801889504 : 1785 : 1 : 46 : 0 : 0 : 6 : 2 : 0.6 ：0
qrtr_proto_init : 1 : 6 : 2149.073447823525 : 1785 : 1 : 5 : 0 : 0 : 5 : 1 : 1.0 ：0
qrtr_release : 1 : 4 : 5154.7402407194195 : 1785 : 1 : 62 : 0 : 0 : 2 : 1 : 1.0 ：0
qrtr_port_remove : 1 : 5 : 10436.666666666668 : 1785 : 2 : 50 : 1 : 0 : 4 : 2 : 0.8 ：0
qrtr_endpoint_unregister : 1 : 4 : 14263.036521437029 : 1785 : 1 : 23 : 0 : 0 : 7 : 3 : 0.8 ：0
qrtr_endpoint_register : 2 : 4 : 5321.241394488023 : 1785 : 1 : 12 : 0 : 0 : 1 : 1 : 0.8 ：0
qrtr_port_lookup : 0 : 3 : 1496.168116965857 : 439 : 5 : 4 : 8 : 0 : 2 : 1 : 0.6 ：0
qrtr_node_assign : 2 : 3 : 1719.0854651614104 : 137 : 2 : 3 : 2 : 0 : 0 : 1 : 0.8 ：0
qrtr_tx_flow_failed : 3 : 2 : 2172.640272846026 : 439 : 5 : 5 : 8 : 0 : 1 : 2 : 0.6 ：0
qrtr_node_enqueue : 5 : 8 : 23430.35140753812 : 1785 : 4 : 23 : 7 : 0 : 4 : 2 : 0.3999999999999999 ：0
qrtr_alloc_ctrl_packet : 0 : 2 : 1847.6875539104612 : 1264 : 3 : 3 : 5 : 0 : 4 : 1 : 1.0 ：0
qrtr_endpoint_post : 3 : 26 : 56193.28944406282 : 1785 : 1 : 27 : 0 : 0 : 15 : 2 : 0.6 ：0
qrtr_tx_resume : 2 : 2 : 5068.913890369285 : 439 : 2 : 8 : 1 : 0 : 4 : 2 : 0.8 ：0
qrtr_node_lookup : 0 : 1 : 1177.2899473202465 : 439 : 3 : 5 : 3 : 0 : 2 : 1 : 0.8 ：0
qrtr_tx_wait : 4 : 13 : 17128.785465357127 : 439 : 5 : 9 : 8 : 0 : 4 : 3 : 0.3999999999999999 ：1
__qrtr_node_release : 1 : 3 : 8672.209650760973 : 1785 : 0 : 0 : 0 : 0 : 3 : 2 : 0.8 ：0
