can_rcv_list_find : 0 : 14 : 19693.15379172369 : 447 : 2 : 1 : 2 : 0 : 1 : 3 : 0.8 ：0
can_pernet_init : 1 : 9 : 18169.91285540309 : 1330 : 1 : 8 : 0 : 0 : 3 : 3 : 0.6 ：0
can_rcv_filter : 2 : 14 : 42927.05305018342 : 4684 : 3 : 3 : 3 : 0 : 7 : 4 : 0.6 ：0
can_pernet_exit : 1 : 3 : 1400.3047027435055 : 1330 : 1 : 4 : 0 : 0 : 0 : 2 : 0.8 ：0
can_notifier : 3 : 3 : 1649.3685216654947 : 4684 : 1 : 2 : 0 : 0 : 3 : 2 : 1.0 ：0
canfd_rcv : 4 : 7 : 9344.649395095576 : 3080 : 1 : 15 : 0 : 0 : 5 : 2 : 0.8 ：0
can_rx_register : 8 : 6 : 15795.080420131835 : 4684 : 1 : 10 : 0 : 0 : 6 : 1 : 0.8 ：0
can_proto_unregister : 1 : 1 : 1722.8706464064228 : 4684 : 1 : 7 : 0 : 0 : 1 : 1 : 0.8 ：0
can_rx_unregister : 6 : 20 : 19109.206814278725 : 4684 : 1 : 17 : 0 : 0 : 5 : 2 : 0.3999999999999999 ：1
can_receive : 2 : 4 : 9564.798091019034 : 3080 : 2 : 11 : 2 : 0 : 4 : 2 : 0.8 ：0
can_proto_register : 1 : 6 : 7189.4891416810415 : 4684 : 1 : 7 : 0 : 0 : 4 : 2 : 0.6 ：0
can_init : 1 : 10 : 8545.262186243015 : 4684 : 1 : 11 : 0 : 0 : 5 : 1 : 0.8 ：0
can_dev_rcv_lists_find : 0 : 2 : 737.6090615274431 : 447 : 3 : 0 : 5 : 0 : 1 : 2 : 1.0 ：0
can_exit : 1 : 2 : 943.6074248043403 : 4684 : 1 : 6 : 0 : 0 : 0 : 1 : 1.0 ：0
can_rx_delete_receiver : 1 : 2 : 1383.5799881753096 : 4684 : 2 : 3 : 1 : 0 : 2 : 1 : 1.0 ：0
can_rcv : 4 : 7 : 9192.096090746005 : 447 : 1 : 15 : 0 : 0 : 5 : 2 : 0.8 ：0
can_create : 4 : 15 : 16595.30517114016 : 4684 : 1 : 15 : 0 : 0 : 6 : 2 : 0.6 ：0
can_get_proto : 0 : 3 : 1393.1568569324172 : 3492 : 2 : 4 : 1 : 0 : 2 : 1 : 0.8 ：0
can_send : 2 : 27 : 45539.301540203174 : 4684 : 1 : 12 : 0 : 2 : 10 : 4 : 0.3999999999999999 ：0
