lapbeth_cleanup_driver : 1 : 1 : 2187.1844935313106 : 0 : 1 : 8 : 0 : 0 : 1 : 2 : 0.8 ：0
lapbeth_new_device : 1 : 6 : 13890.448209422924 : 0 : 2 : 17 : 1 : 0 : 7 : 1 : 0.8 ：1
lapbeth_device_event : 3 : 9 : 6829.748954915259 : 0 : 1 : 30 : 0 : 0 : 5 : 2 : 0.8 ：0
lapbeth_close : 1 : 2 : 2195.217391304348 : 0 : 1 : 6 : 0 : 0 : 2 : 1 : 0.8 ：0
lapbeth_init_driver : 1 : 1 : 185.0219859070546 : 0 : 1 : 3 : 0 : 0 : 0 : 1 : 1.0 ：0
lapbeth_disconnected : 2 : 2 : 2621.823843536556 : 0 : 2 : 5 : 1 : 0 : 2 : 1 : 1.0 ：0
lapbeth_set_mac_address : 2 : 1 : 620.5895841704172 : 0 : 1 : 1 : 0 : 0 : 1 : 1 : 1.0 ：0
lapbeth_connected : 2 : 2 : 2621.823843536556 : 0 : 2 : 5 : 1 : 0 : 2 : 1 : 1.0 ：0
lapbeth_open : 1 : 2 : 2505.4737000589666 : 0 : 1 : 6 : 0 : 0 : 2 : 2 : 0.8 ：0
lapbeth_napi_poll : 2 : 4 : 3129.5624937032358 : 0 : 3 : 4 : 2 : 0 : 3 : 2 : 1.0 ：0
lapbeth_setup : 1 : 1 : 582.4634548781733 : 0 : 3 : 0 : 2 : 0 : 0 : 1 : 1.0 ：0
lapbeth_xmit : 2 : 19 : 17099.24049512995 : 0 : 1 : 21 : 0 : 0 : 9 : 2 : 0.6 ：0
lapbeth_get_x25_dev : 0 : 2 : 948.7405633202122 : 0 : 2 : 2 : 2 : 0 : 3 : 2 : 1.0 ：0
lapbeth_data_transmit : 2 : 1 : 5992.778059663672 : 0 : 1 : 6 : 0 : 0 : 3 : 1 : 1.0 ：0
lapbeth_data_indication : 2 : 2 : 2923.0526500687947 : 0 : 1 : 7 : 0 : 0 : 3 : 2 : 1.0 ：0
lapbeth_rcv : 4 : 13 : 18482.250413474747 : 0 : 1 : 15 : 0 : 0 : 8 : 2 : 0.6 ：0
