blk_mq_sched_free_requests : 1 : 2 : 1084.380041613599 : 0 : 2 : 2 : 1 : 0 : 2 : 2 : 1.0 ：0
blk_mq_sched_alloc_tags : 3 : 3 : 3342.6859140209185 : 0 : 2 : 5 : 1 : 0 : 3 : 1 : 0.8 ：0
blk_mq_exit_sched : 2 : 4 : 4997.668071627277 : 0 : 2 : 6 : 1 : 0 : 1 : 3 : 1.0 ：1
__blk_mq_sched_bio_merge : 3 : 5 : 8921.154365658122 : 0 : 0 : 0 : 0 : 0 : 6 : 2 : 0.8 ：0
blk_mq_init_sched : 2 : 8 : 16836.610615787846 : 0 : 1 : 24 : 0 : 0 : 7 : 4 : 0.3999999999999999 ：0
blk_mq_sched_tags_teardown : 1 : 2 : 1304.8293821019029 : 0 : 3 : 2 : 3 : 0 : 2 : 3 : 1.0 ：0
blk_mq_sched_dispatch_requests : 1 : 5 : 4849.270412249701 : 0 : 1 : 4 : 0 : 0 : 1 : 2 : 1.0 ：0
blk_mq_sched_free_tags : 3 : 2 : 952.0 : 0 : 3 : 2 : 2 : 0 : 0 : 2 : 1.0 ：0
blk_mq_sched_insert_requests : 4 : 10 : 8818.04958352145 : 0 : 1 : 6 : 0 : 0 : 3 : 3 : 0.8 ：0
blk_mq_attempt_merge : 5 : 2 : 1676.635725463502 : 0 : 0 : 0 : 0 : 0 : 3 : 2 : 1.0 ：0
blk_mq_sched_try_merge : 4 : 10 : 8958.843955980614 : 0 : 1 : 8 : 0 : 0 : 8 : 2 : 0.8 ：0
blk_mq_do_dispatch_ctx : 1 : 10 : 13222.58400451973 : 0 : 0 : 0 : 0 : 0 : 5 : 3 : 0.8 ：0
blk_mq_do_dispatch_sched : 1 : 3 : 408.33881539067806 : 0 : 0 : 0 : 0 : 0 : 2 : 2 : 1.0 ：0
blk_mq_sched_bypass_insert : 3 : 5 : 6834.684662888033 : 0 : 2 : 1 : 1 : 0 : 2 : 1 : 1.0 ：0
sched_rq_cmp : 3 : 1 : 1605.7166000816753 : 0 : 0 : 0 : 0 : 0 : 2 : 1 : 1.0 ：0
blk_mq_next_ctx : 0 : 2 : 1200.3303440165394 : 0 : 0 : 0 : 1 : 0 : 0 : 1 : 1.0 ：0
__blk_mq_sched_dispatch_requests : 1 : 19 : 24934.08713670796 : 0 : 0 : 0 : 0 : 0 : 5 : 3 : 0.3999999999999999 ：0
blk_mq_sched_assign_ioc : 1 : 5 : 5467.295408583648 : 0 : 1 : 5 : 0 : 0 : 3 : 2 : 0.6 ：0
blk_mq_bio_list_merge : 4 : 8 : 6678.590571334053 : 0 : 0 : 0 : 1 : 0 : 5 : 3 : 0.8 ：0
blk_mq_sched_free_hctx_data : 2 : 3 : 1556.5274866972234 : 0 : 1 : 2 : 0 : 0 : 2 : 2 : 1.0 ：0
blk_mq_sched_mark_restart_hctx : 1 : 2 : 456.8825906469125 : 0 : 0 : 0 : 0 : 0 : 0 : 1 : 1.0 ：0
blk_mq_sched_restart : 1 : 2 : 626.8888888888889 : 0 : 1 : 3 : 0 : 0 : 0 : 1 : 1.0 ：0
blk_mq_dispatch_hctx_list : 1 : 3 : 4291.024823706441 : 0 : 0 : 0 : 0 : 0 : 2 : 3 : 1.0 ：0
blk_mq_sched_insert_request : 4 : 13 : 33584.1577298243 : 0 : 1 : 11 : 0 : 0 : 6 : 2 : 0.3999999999999999 ：0
__blk_mq_do_dispatch_sched : 1 : 19 : 29635.128205128203 : 0 : 0 : 0 : 0 : 0 : 6 : 3 : 0.6 ：0
