rds_tcp_tune : 1 : 5 : 9500.706405640107 : 2554 : 1 : 8 : 0 : 0 : 5 : 3 : 0.6 ：0
rds_tcp_exit : 1 : 2 : 777.2348780780854 : 1655 : 1 : 29 : 0 : 0 : 0 : 1 : 1.0 ：0
rds_tcp_destroy_conns : 1 : 2 : 3329.300118776579 : 4787 : 2 : 8 : 1 : 0 : 0 : 2 : 0.8 ：0
rds_tcp_sysctl_reset : 1 : 3 : 2819.3023245262293 : 2388 : 2 : 5 : 1 : 0 : 1 : 2 : 0.8 ：0
rds_tcp_conn_alloc : 2 : 7 : 18329.815091339216 : 4787 : 1 : 12 : 0 : 0 : 4 : 3 : 0.8 ：0
rds_tcp_listen_sock_def_readable : 0 : 2 : 1022.1634462847401 : 2270 : 1 : 1 : 0 : 0 : 3 : 1 : 1.0 ：0
rds_tcp_skbuf_handler : 5 : 3 : 2496.382588323908 : 2388 : 1 : 8 : 0 : 0 : 3 : 2 : 1.0 ：0
rds_tcp_init_net : 1 : 12 : 26579.134797346836 : 2613 : 1 : 13 : 0 : 0 : 6 : 3 : 0.6 ：0
rds_tcp_exit_net : 1 : 3 : 1389.284465806235 : 1655 : 1 : 16 : 0 : 0 : 1 : 1 : 1.0 ：0
rds_tcp_accept_worker : 1 : 2 : 816.8444099337116 : 2613 : 2 : 3 : 1 : 0 : 0 : 1 : 1.0 ：0
rds_tcp_init : 1 : 9 : 3830.041143371663 : 2613 : 1 : 19 : 0 : 0 : 6 : 2 : 0.8 ：0
rds_tcp_conn_free : 1 : 2 : 1744.500975350311 : 1740 : 2 : 5 : 1 : 0 : 1 : 1 : 0.8 ：0
rds_tcp_laddr_check : 3 : 8 : 10081.208853916109 : 4787 : 1 : 6 : 0 : 0 : 2 : 3 : 0.6 ：0
rds_tcp_kill_sock : 1 : 3 : 7603.470611868435 : 1655 : 2 : 12 : 1 : 0 : 3 : 3 : 0.8 ：0
rds_tcp_accept_work : 1 : 1 : 875.1904392146909 : 2613 : 1 : 3 : 0 : 0 : 2 : 1 : 1.0 ：0
list_has_conn : 2 : 2 : 1020.7094442274362 : 2284 : 3 : 1 : 4 : 0 : 2 : 2 : 1.0 ：0
rds6_tcp_tc_info : 4 : 3 : 9707.974693882601 : 1531 : 2 : 5 : 2 : 0 : 5 : 2 : 0.8 ：0
rds_tcp_tc_info : 4 : 4 : 10818.362544131116 : 4787 : 2 : 5 : 2 : 0 : 4 : 2 : 0.8 ：0
rds_tcp_set_callbacks : 2 : 4 : 12953.916006002 : 2270 : 2 : 6 : 1 : 0 : 1 : 1 : 0.8 ：0
rds_tcp_reset_callbacks : 2 : 8 : 22447.004145086354 : 2307 : 1 : 23 : 0 : 0 : 3 : 2 : 0.8 ：1
rds_tcp_restore_callbacks : 2 : 3 : 5935.0580430944965 : 2270 : 2 : 6 : 1 : 0 : 0 : 1 : 0.8 ：0
