nilfs_evict_inode : 1 : 6 : 9512.647242298588 : 3068 : 1 : 32 : 0 : 0 : 4 : 2 : 1.0 ：1
nilfs_detach_btree_node_cache : 1 : 2 : 1646.2863905694248 : 399 : 3 : 2 : 2 : 0 : 2 : 2 : 1.0 ：0
nilfs_update_inode : 3 : 3 : 6013.5836153106475 : 5142 : 0 : 0 : 0 : 0 : 4 : 1 : 1.0 ：0
nilfs_setattr : 3 : 8 : 8733.094334626434 : 5142 : 1 : 59 : 0 : 0 : 8 : 2 : 0.8 ：0
__nilfs_mark_inode_dirty : 2 : 2 : 3304.9173469250522 : 3126 : 0 : 0 : 0 : 0 : 3 : 2 : 1.0 ：0
nilfs_set_file_dirty : 2 : 7 : 10888.43367570123 : 416 : 4 : 11 : 6 : 0 : 2 : 3 : 0.6 ：0
nilfs_truncate : 1 : 5 : 9541.64014326749 : 3788 : 3 : 46 : 3 : 0 : 3 : 1 : 0.8 ：0
nilfs_dirty_inode : 2 : 3 : 3581.710527925247 : 5142 : 1 : 7 : 0 : 0 : 2 : 2 : 1.0 ：0
nilfs_permission : 3 : 4 : 1503.4172763868485 : 4578 : 1 : 2 : 0 : 0 : 1 : 1 : 1.0 ：0
nilfs_fiemap : 4 : 23 : 65672.43171711137 : 4499 : 1 : 14 : 0 : 0 : 9 : 5 : 0.3999999999999999 ：0
nilfs_iget_for_shadow : 0 : 4 : 7874.136721133859 : 399 : 1 : 29 : 0 : 0 : 4 : 2 : 0.8 ：0
nilfs_truncate_bmap : 2 : 11 : 6700.041646834454 : 5142 : 4 : 6 : 5 : 0 : 4 : 1 : 0.8 ：0
nilfs_load_inode_block : 2 : 4 : 7437.14586110603 : 5142 : 0 : 0 : 0 : 0 : 4 : 3 : 0.8 ：0
nilfs_inode_dirty : 1 : 3 : 2567.934782608696 : 5142 : 1 : 5 : 0 : 0 : 4 : 2 : 0.8 ：0
nilfs_write_inode_common : 3 : 8 : 21232.338798232115 : 5142 : 0 : 0 : 1 : 0 : 2 : 2 : 0.8 ：0
nilfs_clear_inode : 1 : 6 : 4941.553388218349 : 4652 : 2 : 12 : 1 : 0 : 1 : 1 : 0.8 ：0
nilfs_attach_btree_node_cache : 1 : 4 : 9818.803161453565 : 399 : 2 : 13 : 1 : 0 : 3 : 2 : 0.8 ：0
nilfs_iget_locked : 0 : 1 : 1374.4099355102946 : 4578 : 2 : 8 : 1 : 0 : 0 : 2 : 1.0 ：0
nilfs_iget_for_gc : 0 : 4 : 5803.37163631075 : 4578 : 1 : 13 : 0 : 0 : 4 : 2 : 0.8 ：0
nilfs_iget : 0 : 4 : 4184.301001903852 : 399 : 1 : 13 : 0 : 0 : 4 : 2 : 0.8 ：0
nilfs_ilookup : 0 : 1 : 1335.8643901480866 : 4578 : 1 : 4 : 0 : 0 : 0 : 2 : 1.0 ：0
nilfs_iget_set : 2 : 6 : 4919.293145198364 : 399 : 3 : 3 : 6 : 0 : 1 : 1 : 0.6 ：0
nilfs_insert_inode_locked : 3 : 1 : 1335.8643901480866 : 3068 : 2 : 4 : 1 : 0 : 0 : 2 : 1.0 ：0
nilfs_iget_test : 2 : 13 : 8637.022120129195 : 399 : 3 : 2 : 9 : 0 : 2 : 2 : 0.6 ：0
nilfs_direct_IO : 2 : 2 : 1474.2555094309985 : 5142 : 1 : 19 : 0 : 0 : 1 : 1 : 1.0 ：0
nilfs_new_inode : 0 : 23 : 43078.542522952055 : 5142 : 1 : 35 : 0 : 0 : 16 : 3 : 0.3999999999999999 ：0
__nilfs_read_inode : 4 : 10 : 19285.59381583199 : 5142 : 0 : 0 : 0 : 0 : 7 : 2 : 0.6 ：0
nilfs_read_inode_common : 2 : 10 : 28421.46097438588 : 5142 : 0 : 0 : 0 : 0 : 3 : 2 : 0.6 ：0
nilfs_set_inode_flags : 1 : 6 : 3183.430429386545 : 5142 : 2 : 2 : 1 : 0 : 0 : 1 : 0.8 ：0
nilfs_write_end : 7 : 1 : 3641.833232693353 : 5142 : 1 : 15 : 0 : 0 : 2 : 1 : 1.0 ：0
nilfs_write_begin : 6 : 3 : 3444.63719811718 : 5142 : 1 : 69 : 0 : 0 : 4 : 2 : 1.0 ：0
nilfs_write_failed : 2 : 2 : 1063.3308753677895 : 2873 : 2 : 48 : 1 : 0 : 1 : 2 : 1.0 ：0
nilfs_writepage : 2 : 6 : 7076.675552953519 : 5142 : 1 : 7 : 0 : 0 : 3 : 2 : 0.6 ：0
nilfs_writepages : 2 : 3 : 2413.4449583793776 : 5142 : 1 : 3 : 0 : 0 : 3 : 2 : 1.0 ：0
nilfs_dirty_folio : 2 : 10 : 9172.51117471745 : 416 : 1 : 20 : 0 : 0 : 5 : 3 : 0.6 ：0
nilfs_get_block : 4 : 16 : 28404.738533567863 : 2467 : 4 : 15 : 8 : 0 : 9 : 4 : 0.19999999999999996 ：0
nilfs_inode_add_blocks : 2 : 2 : 1092.0399192383695 : 4442 : 1 : 4 : 0 : 0 : 1 : 1 : 1.0 ：0
nilfs_inode_sub_blocks : 2 : 2 : 1092.0399192383695 : 4442 : 1 : 4 : 0 : 0 : 1 : 1 : 1.0 ：0
