__dev_mc_add : 3 : 2 : 1430.5083002250008 : 4191 : 0 : 0 : 0 : 0 : 2 : 1 : 0.8 ：0
dev_uc_sync_multiple : 2 : 3 : 2140.5271769459027 : 3083 : 1 : 2 : 0 : 0 : 2 : 1 : 0.8 ：0
dev_addr_del : 3 : 5 : 5398.459867738591 : 2837 : 1 : 4 : 0 : 0 : 3 : 1 : 1.0 ：0
dev_mc_sync_multiple : 2 : 3 : 2140.5271769459027 : 3083 : 1 : 2 : 0 : 0 : 2 : 1 : 0.8 ：0
dev_uc_add : 2 : 2 : 1189.3044098600951 : 3448 : 1 : 2 : 0 : 0 : 2 : 1 : 0.8 ：0
__dev_mc_del : 3 : 2 : 1273.835046825655 : 4191 : 0 : 0 : 0 : 0 : 2 : 1 : 0.8 ：0
dev_uc_unsync : 2 : 5 : 6793.230893096096 : 452 : 1 : 4 : 0 : 0 : 0 : 1 : 0.8 ：0
dev_mc_add_excl : 2 : 2 : 1430.5083002250008 : 3448 : 1 : 2 : 0 : 0 : 2 : 1 : 0.8 ：0
dev_uc_add_excl : 2 : 2 : 1430.5083002250008 : 3448 : 1 : 2 : 0 : 0 : 2 : 1 : 0.8 ：0
dev_addr_flush : 1 : 1 : 504.65378859709796 : 4191 : 1 : 0 : 0 : 0 : 0 : 1 : 1.0 ：0
dev_addr_init : 1 : 2 : 6491.270634166451 : 4191 : 1 : 2 : 0 : 0 : 3 : 2 : 1.0 ：0
dev_mc_sync : 2 : 3 : 2140.5271769459027 : 3083 : 1 : 2 : 0 : 0 : 2 : 1 : 0.8 ：0
dev_addr_add : 3 : 3 : 1889.0394728494086 : 2837 : 1 : 3 : 0 : 0 : 3 : 1 : 1.0 ：0
dev_mc_unsync : 2 : 2 : 2569.616263212216 : 4191 : 1 : 4 : 0 : 0 : 0 : 1 : 0.8 ：0
dev_uc_sync : 2 : 3 : 2140.5271769459027 : 3083 : 1 : 2 : 0 : 0 : 2 : 1 : 0.8 ：0
dev_uc_del : 2 : 2 : 1189.3044098600951 : 4191 : 1 : 2 : 0 : 0 : 2 : 1 : 0.8 ：0
__hw_addr_unsync_dev : 3 : 5 : 2956.752076039533 : 2670 : 0 : 0 : 0 : 0 : 0 : 2 : 1.0 ：0
__hw_addr_ref_sync_dev : 4 : 9 : 19415.91562975881 : 1050 : 0 : 0 : 0 : 0 : 1 : 2 : 0.8 ：0
__hw_addr_flush : 1 : 1 : 1698.0143470965093 : 2837 : 0 : 0 : 0 : 0 : 0 : 2 : 1.0 ：0
__hw_addr_ref_unsync_dev : 3 : 5 : 4207.528152178567 : 1050 : 0 : 0 : 0 : 0 : 0 : 2 : 1.0 ：0
__hw_addr_sync_dev : 4 : 8 : 11162.89632919866 : 2670 : 0 : 0 : 0 : 0 : 2 : 2 : 0.8 ：0
__hw_addr_unsync : 3 : 2 : 1063.1943113422913 : 2670 : 0 : 0 : 0 : 0 : 0 : 2 : 1.0 ：0
__hw_addr_sync_multiple : 3 : 3 : 2824.43015056717 : 3037 : 0 : 0 : 0 : 0 : 2 : 3 : 1.0 ：0
__hw_addr_del_ex : 6 : 2 : 994.5374071959634 : 3083 : 0 : 0 : 0 : 0 : 1 : 1 : 1.0 ：0
__hw_addr_sync : 3 : 5 : 2952.5461698147255 : 2670 : 0 : 0 : 0 : 0 : 2 : 3 : 1.0 ：0
__hw_addr_unsync_one : 4 : 2 : 2006.791573570863 : 3083 : 0 : 0 : 0 : 0 : 1 : 1 : 1.0 ：0
__hw_addr_sync_one : 3 : 4 : 2424.092931062406 : 3083 : 0 : 0 : 0 : 0 : 2 : 2 : 1.0 ：0
__hw_addr_del_entry : 4 : 9 : 4240.0870412548065 : 1050 : 0 : 0 : 0 : 0 : 0 : 1 : 0.8 ：0
__hw_addr_add_ex : 8 : 17 : 25774.893473120464 : 30 : 0 : 0 : 0 : 0 : 3 : 4 : 0.6 ：1
__hw_addr_create : 0 : 3 : 3667.5519622573693 : 30 : 0 : 0 : 0 : 0 : 4 : 1 : 0.8 ：0
__hw_addr_lookup : 0 : 11 : 12522.222222222223 : 30 : 0 : 0 : 0 : 0 : 7 : 2 : 0.8 ：0
