read_blocklist : 3 : 5 : 15172.200149863673 : 4497 : 2 : 38 : 1 : 0 : 6 : 2 : 0.6 ：0
squashfs_readpage : 2 : 10 : 19949.999999999996 : 2717 : 1 : 87 : 0 : 0 : 10 : 2 : 0.6 ：0
release_meta_index : 2 : 1 : 713.1181356564149 : 4497 : 4 : 2 : 3 : 0 : 1 : 1 : 0.8 ：0
read_indexes : 4 : 8 : 13390.332897913424 : 4497 : 4 : 7 : 5 : 0 : 7 : 4 : 0.8 ：0
squashfs_copy_cache : 4 : 8 : 15951.140804863842 : 2717 : 3 : 14 : 4 : 0 : 6 : 2 : 0.8 ：0
fill_meta_index : 5 : 11 : 69513.236585508 : 4497 : 3 : 26 : 2 : 0 : 12 : 4 : 0.3999999999999999 ：0
squashfs_readpage_fragment : 2 : 2 : 4177.885229586414 : 2717 : 2 : 19 : 1 : 0 : 3 : 1 : 0.8 ：0
squashfs_fill_page : 4 : 2 : 2774.1628314281133 : 1002 : 4 : 7 : 5 : 0 : 2 : 1 : 1.0 ：0
locate_meta_index : 0 : 9 : 16622.341544472743 : 4497 : 4 : 3 : 3 : 0 : 5 : 3 : 0.8 ：0
empty_meta_index : 0 : 10 : 35193.67839672633 : 4497 : 4 : 5 : 3 : 0 : 6 : 3 : 0.3999999999999999 ：0
