hfs_evict_inode : 1 : 3 : 1592.2711498090698 : 4528 : 1 : 5 : 0 : 0 : 0 : 2 : 1.0 ：0
hfs_inode_write_fork : 4 : 3 : 1849.4157275777839 : 6468 : 2 : 4 : 1 : 0 : 0 : 1 : 0.8 ：0
hfs_test_inode : 2 : 3 : 2140.21280608713 : 6468 : 2 : 2 : 1 : 0 : 2 : 2 : 1.0 ：0
hfs_file_lookup : 0 : 10 : 13847.410307705735 : 6468 : 1 : 34 : 0 : 0 : 7 : 3 : 0.8 ：0
hfs_file_release : 2 : 4 : 3960.8323456849034 : 6468 : 1 : 6 : 0 : 0 : 0 : 3 : 0.8 ：0
hfs_file_fsync : 4 : 3 : 6629.908936654199 : 4528 : 1 : 7 : 0 : 0 : 4 : 1 : 0.8 ：0
hfs_read_inode : 2 : 6 : 35897.10652097958 : 6468 : 2 : 18 : 2 : 0 : 3 : 3 : 0.3999999999999999 ：0
hfs_write_inode : 2 : 20 : 59783.44690248398 : 6468 : 1 : 22 : 0 : 0 : 6 : 3 : 0.6 ：1
hfs_inode_setattr : 3 : 15 : 20843.759061286084 : 6468 : 1 : 14 : 0 : 0 : 5 : 2 : 0.8 ：0
hfs_direct_IO : 2 : 5 : 6125.7922954021315 : 6468 : 1 : 8 : 0 : 0 : 8 : 2 : 0.8 ：0
hfs_iget : 0 : 5 : 3669.555258974754 : 6468 : 1 : 25 : 0 : 0 : 5 : 2 : 0.8 ：0
hfs_delete_inode : 1 : 6 : 8522.094764812555 : 6468 : 1 : 9 : 0 : 0 : 1 : 3 : 0.8 ：0
hfs_inode_read_fork : 5 : 3 : 15101.414886642107 : 6468 : 3 : 6 : 3 : 0 : 4 : 1 : 0.8 ：0
hfs_release_folio : 2 : 15 : 20915.968577590465 : 236 : 1 : 9 : 0 : 0 : 9 : 4 : 0.3999999999999999 ：0
hfs_file_open : 2 : 2 : 626.8888888888889 : 6468 : 1 : 3 : 0 : 0 : 0 : 1 : 1.0 ：0
hfs_new_inode : 0 : 8 : 34744.20524938123 : 6468 : 1 : 18 : 0 : 0 : 4 : 2 : 0.3999999999999999 ：0
hfs_write_begin : 6 : 2 : 1979.027776247047 : 5556 : 1 : 6 : 0 : 0 : 2 : 1 : 1.0 ：0
hfs_write_failed : 2 : 2 : 1063.3308753677895 : 3664 : 2 : 2 : 2 : 0 : 1 : 2 : 1.0 ：0
