proc_setup_self : 1 : 4 : 8858.546578959133 : 2614 : 1 : 10 : 0 : 0 : 6 : 3 : 0.8 ：1
proc_self_get_link : 0 : 3 : 4513.710166337654 : 1640 : 1 : 7 : 0 : 0 : 4 : 1 : 1.0 ：0
proc_setup_thread_self : 1 : 4 : 8980.034695760525 : 2132 : 1 : 10 : 0 : 0 : 6 : 3 : 0.8 ：1
proc_thread_self_get_link : 0 : 3 : 5420.943581350593 : 1640 : 1 : 8 : 0 : 0 : 5 : 1 : 1.0 ：0
