nilfs_load_super_block : 4 : 14 : 51413.482236455784 : 5188 : 2 : 20 : 1 : 0 : 2 : 3 : 0.3999999999999999 ：0
nilfs_discard_segments : 3 : 7 : 15632.968459479524 : 4876 : 1 : 3 : 0 : 1 : 4 : 3 : 0.6 ：0
nilfs_put_root : 1 : 2 : 2071.450101651388 : 4624 : 1 : 6 : 0 : 0 : 1 : 2 : 0.8 ：0
nilfs_release_super_block : 1 : 3 : 2827.0552139339657 : 5188 : 3 : 1 : 3 : 0 : 1 : 3 : 1.0 ：0
nilfs_near_disk_full : 1 : 1 : 1426.6618476795195 : 5188 : 1 : 2 : 0 : 0 : 0 : 1 : 1.0 ：0
nilfs_lookup_root : 0 : 5 : 5478.2151655809785 : 4624 : 2 : 4 : 1 : 1 : 3 : 3 : 0.8 ：0
nilfs_store_disk_layout : 2 : 12 : 40384.57742364874 : 5188 : 2 : 12 : 1 : 0 : 1 : 3 : 0.3999999999999999 ：0
nilfs_valid_sb : 1 : 5 : 9860.01220894203 : 4716 : 3 : 4 : 3 : 0 : 4 : 1 : 1.0 ：0
nilfs_fall_back_super_block : 1 : 1 : 3579.428571428571 : 5188 : 1 : 1 : 0 : 0 : 0 : 1 : 1.0 ：0
nilfs_swap_super_block : 1 : 1 : 3843.0028813292347 : 5188 : 3 : 0 : 2 : 0 : 2 : 1 : 1.0 ：0
nilfs_find_or_create_root : 0 : 8 : 19150.84294716681 : 4624 : 1 : 16 : 0 : 1 : 4 : 3 : 0.3999999999999999 ：0
nilfs_max_segment_count : 1 : 1 : 566.794847320047 : 9 : 3 : 2 : 2 : 0 : 1 : 1 : 1.0 ：1
nilfs_sb2_bad_offset : 2 : 3 : 2569.8913043478265 : 214 : 3 : 4 : 2 : 0 : 4 : 1 : 0.8 ：0
init_nilfs : 3 : 24 : 31540.521889577492 : 5188 : 1 : 58 : 0 : 0 : 16 : 3 : 0.3999999999999999 ：0
nilfs_count_free_blocks : 2 : 1 : 648.7743838713839 : 5188 : 1 : 1 : 0 : 0 : 0 : 1 : 1.0 ：0
nilfs_max_size : 1 : 2 : 2597.9403129749417 : 4624 : 2 : 1 : 1 : 0 : 1 : 1 : 1.0 ：0
nilfs_load_super_root : 3 : 9 : 25567.787124886258 : 5188 : 2 : 14 : 1 : 0 : 11 : 1 : 0.3999999999999999 ：0
nilfs_store_log_cursor : 2 : 2 : 6031.281799639443 : 4716 : 2 : 3 : 2 : 0 : 2 : 2 : 1.0 ：0
load_nilfs : 2 : 41 : 87964.27600614598 : 5188 : 1 : 52 : 0 : 0 : 24 : 3 : 0.3999999999999999 ：0
nilfs_get_blocksize : 3 : 2 : 1536.0180093446493 : 214 : 2 : 4 : 2 : 0 : 0 : 2 : 0.8 ：0
alloc_nilfs : 0 : 2 : 5458.986074551298 : 4624 : 1 : 6 : 0 : 0 : 3 : 1 : 0.8 ：0
destroy_nilfs : 1 : 2 : 1017.3240849334178 : 4624 : 1 : 4 : 0 : 0 : 0 : 2 : 1.0 ：0
nilfs_set_last_segment : 4 : 4 : 2248.2102921603355 : 5188 : 1 : 4 : 0 : 0 : 1 : 2 : 0.8 ：0
