io_cancel_cb : 2 : 9 : 8174.755945052833 : 144 : 0 : 0 : 2 : 2 : 5 : 2 : 0.8 ：0
__io_async_cancel : 3 : 7 : 9602.848861423543 : 144 : 0 : 0 : 0 : 0 : 5 : 3 : 0.6 ：0
io_async_cancel_one : 2 : 6 : 2993.776210428084 : 144 : 0 : 0 : 1 : 0 : 4 : 2 : 1.0 ：0
init_hash_table : 2 : 2 : 1644.1407878745683 : 144 : 1 : 2 : 0 : 0 : 0 : 2 : 1.0 ：0
io_async_cancel : 2 : 7 : 11161.34133137052 : 144 : 1 : 6 : 0 : 0 : 5 : 3 : 0.8 ：0
io_async_cancel_prep : 2 : 8 : 6135.652173913044 : 144 : 1 : 3 : 0 : 0 : 1 : 2 : 0.8 ：0
io_try_cancel : 3 : 6 : 5357.009058962228 : 144 : 0 : 0 : 0 : 0 : 4 : 1 : 0.8 ：0
__io_sync_cancel : 3 : 5 : 5648.763184796237 : 144 : 0 : 0 : 0 : 0 : 1 : 2 : 1.0 ：0
