cfg80211_register_netdevice : 1 : 5 : 5732.403199569163 : 1015 : 1 : 12 : 0 : 0 : 5 : 1 : 1.0 ：0
cfg80211_init : 1 : 13 : 6078.093320899213 : 1858 : 1 : 13 : 0 : 0 : 8 : 2 : 0.8 ：0
cfg80211_netdev_notifier_call : 3 : 30 : 63371.52511218449 : 6035 : 1 : 45 : 0 : 0 : 7 : 4 : 0.3999999999999999 ：0
wiphy_delayed_work_queue : 3 : 2 : 1032.2463857667913 : 149 : 1 : 8 : 0 : 0 : 0 : 2 : 1.0 ：0
wiphy_delayed_work_flush : 2 : 1 : 427.31615889468173 : 53 : 1 : 16 : 0 : 0 : 0 : 1 : 1.0 ：0
wiphy_work_cancel : 2 : 2 : 1761.6858195515647 : 53 : 2 : 6 : 1 : 0 : 1 : 1 : 0.8 ：0
cfg80211_exit : 1 : 1 : 340.0 : 6035 : 1 : 7 : 0 : 0 : 0 : 1 : 1.0 ：0
wiphy_work_flush : 2 : 3 : 1930.4843258783683 : 53 : 2 : 13 : 1 : 0 : 2 : 1 : 0.8 ：0
cfg80211_register_wdev : 2 : 6 : 9252.004333648203 : 1015 : 2 : 6 : 2 : 0 : 0 : 1 : 1.0 ：0
cfg80211_leave : 2 : 17 : 13328.613164910797 : 53 : 4 : 11 : 4 : 0 : 1 : 3 : 0.8 ：0
cfg80211_pernet_exit : 1 : 2 : 974.704339502152 : 5212 : 1 : 19 : 0 : 0 : 1 : 2 : 0.8 ：0
cfg80211_init_wdev : 1 : 6 : 8335.804008522742 : 1858 : 2 : 4 : 1 : 0 : 0 : 1 : 0.8 ：0
cfg80211_stop_iface : 3 : 2 : 3199.9067298375826 : 3468 : 1 : 7 : 0 : 0 : 2 : 1 : 0.8 ：0
wiphy_delayed_work_cancel : 2 : 1 : 427.31615889468173 : 149 : 1 : 9 : 0 : 0 : 0 : 1 : 1.0 ：0
cfg80211_update_iface_num : 3 : 2 : 692.0260094628095 : 4144 : 2 : 1 : 1 : 0 : 0 : 1 : 1.0 ：0
wiphy_work_queue : 2 : 2 : 1996.9945375720665 : 149 : 2 : 6 : 2 : 0 : 1 : 1 : 0.8 ：0
_cfg80211_unregister_wdev : 2 : 9 : 25499.085785235988 : 1858 : 0 : 0 : 0 : 0 : 3 : 4 : 0.3999999999999999 ：0
cfg80211_dev_free : 1 : 3 : 7431.08970311784 : 6035 : 1 : 7 : 0 : 0 : 0 : 2 : 0.8 ：0
wiphy_rfkill_set_hw_state_reason : 3 : 2 : 737.9093270268318 : 939 : 1 : 3 : 0 : 0 : 1 : 1 : 1.0 ：0
wiphy_unregister : 1 : 5 : 22753.411629867885 : 3690 : 2 : 30 : 1 : 0 : 2 : 2 : 0.6 ：0
wiphy_rfkill_start_polling : 1 : 2 : 803.3846033957254 : 5266 : 1 : 4 : 0 : 0 : 1 : 1 : 1.0 ：0
cfg80211_wiphy_work : 1 : 5 : 6472.473725152332 : 149 : 2 : 9 : 1 : 0 : 3 : 2 : 0.8 ：0
cfg80211_propagate_cac_done_wk : 1 : 1 : 1166.9989512772372 : 2433 : 2 : 4 : 1 : 0 : 1 : 1 : 0.8 ：0
wiphy_new_nm : 0 : 32 : 103010.31900479992 : 3294 : 1 : 125 : 0 : 0 : 11 : 3 : 0.3999999999999999 ：0
cfg80211_process_wiphy_works : 2 : 4 : 6432.070230244413 : 53 : 3 : 8 : 4 : 0 : 1 : 2 : 0.8 ：0
wiphy_verify_combinations : 1 : 23 : 55012.125635261815 : 4554 : 2 : 2 : 1 : 0 : 4 : 4 : 0.6 ：0
wiphy_register : 1 : 113 : 343760.33534283016 : 6035 : 1 : 59 : 0 : 0 : 15 : 5 : 0.3999999999999999 ：0
cfg80211_propagate_radar_detect_wk : 1 : 1 : 1166.9989512772372 : 2433 : 2 : 4 : 1 : 0 : 1 : 1 : 0.8 ：0
cfg80211_sched_scan_stop_wk : 2 : 2 : 1901.6591097127496 : 3242 : 2 : 3 : 1 : 0 : 1 : 2 : 1.0 ：0
cfg80211_destroy_iface_wk : 1 : 1 : 755.726463093396 : 3495 : 2 : 22 : 1 : 0 : 1 : 1 : 0.8 ：0
cfg80211_event_work : 1 : 1 : 1234.87252815805 : 5229 : 2 : 4 : 1 : 0 : 1 : 1 : 0.8 ：0
cfg80211_destroy_ifaces : 1 : 3 : 2688.7637538549634 : 3495 : 3 : 18 : 2 : 0 : 0 : 3 : 0.8 ：0
cfg80211_rfkill_block_work : 1 : 1 : 624.0 : 1514 : 2 : 21 : 1 : 0 : 1 : 1 : 1.0 ：0
cfg80211_rfkill_set_block : 2 : 2 : 734.7277761308517 : 5266 : 3 : 19 : 3 : 0 : 1 : 1 : 0.8 ：0
cfg80211_stop_p2p_device : 2 : 8 : 4475.147067156423 : 3876 : 5 : 4 : 5 : 0 : 0 : 2 : 0.8 ：0
cfg80211_stop_nan : 2 : 3 : 1370.9037877156256 : 2590 : 5 : 4 : 5 : 0 : 0 : 1 : 1.0 ：0
cfg80211_shutdown_all_interfaces : 1 : 4 : 4411.488300260714 : 3465 : 4 : 16 : 4 : 0 : 2 : 3 : 0.8 ：0
cfg80211_rdev_by_wiphy_idx : 0 : 2 : 1262.3959062611905 : 4153 : 2 : 2 : 1 : 0 : 2 : 3 : 1.0 ：0
wiphy_idx_to_wiphy : 0 : 2 : 700.5474002423084 : 5362 : 1 : 4 : 0 : 0 : 2 : 1 : 1.0 ：0
cfg80211_dev_check_name : 2 : 8 : 11331.927008796547 : 3294 : 2 : 6 : 2 : 0 : 1 : 2 : 0.8 ：0
cfg80211_dev_rename : 2 : 5 : 8535.126940196424 : 5868 : 1 : 15 : 0 : 0 : 3 : 1 : 0.8 ：0
cfg80211_switch_netns : 2 : 8 : 27088.189433866766 : 5212 : 2 : 12 : 1 : 0 : 3 : 3 : 0.3999999999999999 ：0
