__bpf_strtoull : 5 : 17 : 22727.473150601465 : 828 : 0 : 0 : 0 : 0 : 4 : 1 : 0.8 ：0
__bpf_spin_lock : 1 : 1 : 2912.5974285831144 : 898 : 0 : 0 : 0 : 0 : 3 : 2 : 0.8 ：0
BPF_CALL_1 : 3 : 1 : 374.4 : 289 : 1 : 6 : 0 : 0 : 0 : 1 : 1.0 ：0
try_get_fmt_tmp_buf : 1 : 2 : 2179.8463765702245 : 82 : 3 : 6 : 2 : 0 : 2 : 2 : 1.0 ：0
bpf_get_current_uid_gid : 0 : 2 : 1515.6203913146055 : 2225 : 0 : 0 : 0 : 0 : 3 : 1 : 1.0 ：0
copy_map_value_locked : 4 : 2 : 2043.2967235008787 : 898 : 1 : 3 : 0 : 0 : 1 : 1 : 0.8 ：0
bpf_bprintf_cleanup : 1 : 2 : 199.31568569324173 : 82 : 3 : 3 : 3 : 0 : 0 : 2 : 1.0 ：0
__bpf_strtoll : 4 : 5 : 4601.177491152112 : 828 : 0 : 0 : 0 : 0 : 4 : 2 : 0.8 ：0
bpf_trace_copy_string : 4 : 5 : 3976.0150995208032 : 90 : 3 : 2 : 2 : 0 : 0 : 2 : 1.0 ：0
bpf_bprintf_prepare : 5 : 76 : 213275.02757581233 : 82 : 2 : 23 : 1 : 3 : 12 : 5 : 0.6 ：0
bpf_base_func_proto : 0 : 35 : 7194.354466524634 : 449 : 1 : 4 : 0 : 0 : 3 : 2 : 0.3999999999999999 ：0
bpf_get_current_pid_tgid : 0 : 2 : 737.6090615274431 : 2225 : 0 : 0 : 0 : 0 : 1 : 1 : 1.0 ：0
