llcp_sock_getname : 3 : 4 : 12417.368507046962 : 3169 : 1 : 7 : 0 : 0 : 2 : 2 : 1.0 ：0
llcp_sock_destruct : 1 : 3 : 2449.6838942134486 : 3169 : 3 : 11 : 2 : 0 : 1 : 2 : 1.0 ：0
nfc_llcp_sock_alloc : 0 : 3 : 9128.687050740466 : 3169 : 2 : 19 : 1 : 0 : 4 : 1 : 1.0 ：0
nfc_llcp_accept_unlink : 1 : 1 : 1452.5161202284621 : 3169 : 3 : 5 : 3 : 0 : 1 : 1 : 1.0 ：0
llcp_sock_create : 4 : 7 : 4480.527355359446 : 3169 : 1 : 22 : 0 : 0 : 1 : 2 : 0.8 ：0
llcp_sock_sendmsg : 3 : 6 : 9371.426340911987 : 3169 : 1 : 8 : 0 : 0 : 4 : 3 : 0.8 ：1
llcp_sock_accept : 4 : 9 : 11200.0 : 3169 : 1 : 28 : 0 : 0 : 6 : 3 : 0.6 ：0
llcp_sock_release : 1 : 10 : 17342.95728773047 : 3169 : 1 : 16 : 0 : 0 : 8 : 3 : 0.6 ：0
llcp_sock_connect : 4 : 29 : 53374.56566891247 : 3169 : 1 : 33 : 0 : 0 : 18 : 2 : 0.3999999999999999 ：0
llcp_sock_poll : 3 : 10 : 8468.13576966413 : 3169 : 1 : 9 : 0 : 0 : 3 : 1 : 0.8 ：0
llcp_accept_poll : 1 : 2 : 1974.7998447017017 : 3169 : 2 : 2 : 1 : 0 : 1 : 2 : 1.0 ：0
nfc_llcp_accept_enqueue : 2 : 1 : 2426.6020044903385 : 3169 : 1 : 4 : 0 : 0 : 2 : 1 : 1.0 ：0
llcp_sock_recvmsg : 4 : 20 : 36418.06768782104 : 3169 : 1 : 16 : 0 : 0 : 7 : 4 : 0.3999999999999999 ：0
nfc_llcp_getsockopt : 5 : 15 : 27126.666666666668 : 3169 : 1 : 8 : 0 : 0 : 5 : 2 : 0.6 ：0
nfc_llcp_sock_free : 1 : 1 : 958.9696361598893 : 3169 : 4 : 4 : 3 : 0 : 0 : 1 : 1.0 ：0
nfc_llcp_accept_dequeue : 0 : 5 : 7400.663572061685 : 3169 : 2 : 15 : 1 : 0 : 3 : 3 : 1.0 ：0
sock_wait_state : 3 : 5 : 5041.509031248138 : 3169 : 2 : 12 : 1 : 0 : 2 : 3 : 1.0 ：0
llcp_raw_sock_bind : 3 : 10 : 14827.639063562125 : 3169 : 1 : 13 : 0 : 0 : 9 : 2 : 0.6 ：0
nfc_llcp_setsockopt : 5 : 14 : 18653.363500316053 : 3169 : 1 : 6 : 0 : 0 : 5 : 3 : 0.6 ：0
llcp_sock_listen : 2 : 5 : 4102.444525432798 : 3169 : 1 : 3 : 0 : 0 : 4 : 2 : 1.0 ：0
llcp_sock_bind : 3 : 15 : 37247.007140191505 : 3169 : 1 : 17 : 0 : 0 : 11 : 2 : 0.6 ：0
