line6_init_cap_control : 1 : 8 : 9861.200486906659 : 3348 : 2 : 29 : 1 : 0 : 4 : 2 : 0.6 ：1
line6_hwdep_init : 1 : 3 : 5615.621321991296 : 2748 : 3 : 9 : 2 : 0 : 4 : 1 : 1.0 ：0
line6_get_usb_properties : 1 : 6 : 15723.762245818602 : 2607 : 2 : 5 : 1 : 0 : 4 : 3 : 0.8 ：0
line6_disconnect : 1 : 6 : 6682.393756517639 : 2363 : 2 : 11 : 1 : 0 : 2 : 1 : 0.8 ：0
line6_startup_work : 1 : 2 : 1067.500800369232 : 1767 : 2 : 1 : 1 : 0 : 0 : 1 : 1.0 ：0
line6_hwdep_push_message : 1 : 3 : 3138.7410056833423 : 2748 : 4 : 3 : 3 : 0 : 0 : 2 : 1.0 ：0
line6_hwdep_release : 2 : 1 : 316.79999999999995 : 2748 : 1 : 0 : 0 : 0 : 1 : 1 : 1.0 ：0
line6_resume : 1 : 2 : 940.8343051479811 : 3356 : 1 : 17 : 0 : 0 : 1 : 1 : 1.0 ：0
line6_hwdep_poll : 3 : 1 : 2371.2585067442633 : 1427 : 1 : 4 : 0 : 0 : 3 : 1 : 0.8 ：0
line6_hwdep_write : 4 : 3 : 3695.84676189541 : 2748 : 1 : 11 : 0 : 0 : 4 : 2 : 1.0 ：0
line6_hwdep_read : 4 : 8 : 14377.323317682994 : 2748 : 1 : 6 : 0 : 0 : 4 : 2 : 0.6 ：0
line6_hwdep_open : 2 : 1 : 973.4893717166648 : 2748 : 1 : 0 : 0 : 0 : 1 : 1 : 1.0 ：0
line6_suspend : 2 : 3 : 1948.117327493817 : 3364 : 1 : 4 : 0 : 0 : 2 : 1 : 1.0 ：0
line6_probe : 6 : 11 : 28620.355479818485 : 3364 : 1 : 66 : 0 : 0 : 10 : 2 : 0.6 ：0
line6_write_data : 4 : 13 : 18433.920387697097 : 3356 : 1 : 6 : 0 : 0 : 6 : 3 : 0.6 ：0
line6_destruct : 1 : 1 : 3597.2904884153436 : 3356 : 2 : 3 : 1 : 0 : 2 : 1 : 0.8 ：0
line6_data_received : 1 : 8 : 12218.693683287123 : 2748 : 0 : 6 : 5 : 0 : 3 : 3 : 0.8 ：0
line6_read_data : 4 : 16 : 27463.08734738765 : 3356 : 2 : 4 : 1 : 1 : 8 : 3 : 0.6 ：0
line6_alloc_sysex_buffer : 0 : 2 : 4234.351586487662 : 3356 : 1 : 2 : 0 : 0 : 3 : 1 : 1.0 ：0
line6_send_raw_message_async : 3 : 3 : 6524.447997553998 : 3356 : 2 : 18 : 1 : 0 : 2 : 2 : 0.8 ：0
line6_send_raw_message : 3 : 4 : 10709.847802126558 : 1355 : 2 : 6 : 2 : 0 : 6 : 3 : 1.0 ：0
line6_version_request_async : 1 : 2 : 1925.6842503028856 : 3356 : 1 : 21 : 0 : 0 : 3 : 1 : 1.0 ：0
line6_async_request_sent : 1 : 2 : 1515.3495108586724 : 2748 : 0 : 3 : 4 : 0 : 1 : 2 : 1.0 ：0
line6_start_listen : 1 : 3 : 8100.400216506487 : 3364 : 0 : 14 : 5 : 0 : 2 : 2 : 1.0 ：0
line6_send_raw_message_async_part : 2 : 6 : 15147.636926495994 : 3364 : 0 : 14 : 4 : 0 : 7 : 2 : 1.0 ：0
