virtual_ncidev_open : 2 : 4 : 4036.148717625917 : 682 : 1 : 5 : 0 : 0 : 2 : 2 : 0.8 ：1
virtual_ncidev_read : 4 : 5 : 4654.408770416298 : 682 : 1 : 7 : 0 : 0 : 2 : 2 : 0.8 ：1
virtual_nci_close : 1 : 1 : 342.6619429851844 : 682 : 1 : 3 : 0 : 0 : 0 : 1 : 0.8 ：0
virtual_ncidev_close : 2 : 2 : 1070.4777333877837 : 682 : 1 : 4 : 0 : 0 : 0 : 2 : 0.8 ：1
virtual_ncidev_init : 1 : 1 : 700.1523513717527 : 682 : 1 : 1 : 0 : 0 : 0 : 1 : 1.0 ：1
virtual_nci_send : 2 : 3 : 2540.4625038179374 : 682 : 1 : 6 : 0 : 0 : 0 : 2 : 0.8 ：1
virtual_ncidev_write : 4 : 3 : 2151.121259407211 : 682 : 1 : 5 : 0 : 0 : 2 : 2 : 1.0 ：1
virtual_ncidev_ioctl : 3 : 3 : 2033.9031290504236 : 682 : 1 : 1 : 0 : 0 : 1 : 1 : 1.0 ：1
