llc_ui_accept : 4 : 12 : 26142.065079658063 : 6185 : 1 : 19 : 0 : 0 : 8 : 2 : 0.6 ：0
llc_ui_listen : 2 : 9 : 7374.7870984360325 : 6185 : 1 : 4 : 0 : 0 : 6 : 2 : 0.8 ：0
llc_wait_data : 2 : 7 : 4532.632323379904 : 6027 : 2 : 4 : 1 : 0 : 2 : 2 : 0.8 ：0
llc2_init : 1 : 10 : 4562.424447527605 : 6185 : 1 : 12 : 0 : 0 : 7 : 2 : 0.8 ：0
llc_ui_getname : 3 : 10 : 14367.652137901314 : 6185 : 1 : 6 : 0 : 0 : 8 : 3 : 0.8 ：0
llc_cmsg_rcv : 2 : 2 : 3359.28581586688 : 4470 : 2 : 5 : 1 : 0 : 2 : 2 : 1.0 ：0
llc_ui_sendmsg : 3 : 28 : 56308.96407767447 : 240 : 1 : 50 : 0 : 0 : 17 : 2 : 0.3999999999999999 ：0
llc_ui_wait_for_busy_core : 2 : 8 : 4491.535636985099 : 6185 : 3 : 8 : 2 : 0 : 3 : 2 : 1.0 ：0
llc_ui_wait_for_conn : 2 : 5 : 2029.5454160773647 : 6027 : 2 : 6 : 1 : 0 : 1 : 2 : 1.0 ：0
llc_ui_wait_for_disc : 2 : 5 : 3170.6856386475997 : 6185 : 2 : 6 : 2 : 0 : 2 : 2 : 1.0 ：0
llc_ui_setsockopt : 5 : 33 : 21561.26021284579 : 6185 : 1 : 5 : 0 : 0 : 15 : 2 : 0.6 ：0
llc_ui_getsockopt : 5 : 19 : 17657.186321175883 : 6185 : 1 : 7 : 0 : 0 : 8 : 2 : 0.8 ：0
llc_ui_shutdown : 2 : 6 : 4408.259111292611 : 6185 : 1 : 11 : 0 : 0 : 5 : 1 : 1.0 ：0
llc_ui_connect : 4 : 24 : 28267.70773446558 : 6027 : 1 : 35 : 0 : 0 : 16 : 2 : 0.6 ：0
llc2_exit : 1 : 1 : 365.2942706893965 : 6185 : 1 : 6 : 0 : 0 : 0 : 1 : 1.0 ：0
llc_ui_recvmsg : 4 : 43 : 76711.61215520363 : 6185 : 1 : 27 : 0 : 0 : 15 : 5 : 0.3999999999999999 ：0
llc_ui_autoport : 1 : 5 : 3235.4153427549636 : 6185 : 3 : 2 : 4 : 0 : 3 : 4 : 1.0 ：0
llc_ui_autobind : 2 : 16 : 23908.45938058896 : 6185 : 2 : 14 : 2 : 0 : 10 : 3 : 0.8 ：1
llc_ui_bind : 3 : 26 : 57544.42418913276 : 6027 : 1 : 26 : 0 : 0 : 13 : 4 : 0.3999999999999999 ：1
llc_ui_create : 4 : 6 : 3805.2266057330758 : 6185 : 1 : 6 : 0 : 0 : 3 : 3 : 0.8 ：0
llc_ui_release : 1 : 6 : 9605.555555555555 : 6185 : 1 : 21 : 0 : 0 : 4 : 2 : 1.0 ：0
llc_ui_send_data : 3 : 5 : 2695.533174333222 : 6027 : 2 : 15 : 1 : 0 : 3 : 3 : 1.0 ：0
llc_ui_header_len : 2 : 6 : 4592.660174619682 : 6185 : 2 : 0 : 1 : 0 : 2 : 1 : 1.0 ：0
