pse_set_pse_config : 3 : 5 : 7008.778252512349 : 6 : 2 : 3 : 1 : 0 : 2 : 2 : 0.8 ：0
pse_reply_size : 2 : 3 : 3178.942632498245 : 6 : 1 : 2 : 0 : 0 : 4 : 1 : 1.0 ：0
pse_get_pse_attributes : 3 : 3 : 3490.9021665900605 : 6 : 2 : 3 : 1 : 0 : 1 : 2 : 1.0 ：0
pse_fill_reply : 3 : 5 : 2787.2537800729765 : 6 : 1 : 2 : 0 : 0 : 2 : 1 : 1.0 ：0
ethnl_set_pse : 2 : 4 : 6509.539125623737 : 6 : 1 : 11 : 0 : 0 : 7 : 2 : 0.8 ：0
pse_prepare_data : 3 : 2 : 2239.621277467226 : 6 : 1 : 7 : 0 : 0 : 5 : 1 : 1.0 ：1
