xsk_diag_put_stats : 2 : 1 : 3447.94426846389 : 1138 : 4 : 3 : 3 : 0 : 1 : 1 : 1.0 ：0
xsk_diag_handler_dump : 2 : 3 : 2451.5755420082082 : 1674 : 1 : 41 : 0 : 0 : 3 : 1 : 1.0 ：0
xsk_diag_put_umem : 2 : 10 : 13837.723303351082 : 1674 : 4 : 4 : 3 : 0 : 5 : 1 : 0.8 ：0
xsk_diag_put_info : 2 : 1 : 1376.0531851795088 : 1674 : 4 : 1 : 3 : 0 : 1 : 1 : 1.0 ：0
xsk_diag_put_rings_cfg : 2 : 4 : 1427.3036445170446 : 1674 : 4 : 2 : 3 : 0 : 2 : 0 : 1.0 ：0
xsk_diag_put_ring : 3 : 1 : 669.8988547075412 : 1674 : 5 : 1 : 8 : 0 : 1 : 1 : 0.8 ：0
xsk_diag_dump : 2 : 4 : 12018.514044700663 : 1674 : 2 : 37 : 1 : 0 : 4 : 2 : 0.8 ：0
xsk_diag_fill : 8 : 20 : 14236.793999608895 : 1674 : 3 : 27 : 2 : 0 : 9 : 0 : 0.6 ：1
