__cookie_v4_check : 2 : 1 : 2908.4497278448503 : 3850 : 0 : 0 : 0 : 0 : 3 : 1 : 1.0 ：0
cookie_v4_check : 0 : 22 : 47731.13014652646 : 3850 : 1 : 88 : 0 : 0 : 19 : 2 : 0.3999999999999999 ：0
cookie_v4_init_sequence : 2 : 1 : 832.6914796149653 : 3850 : 1 : 2 : 0 : 0 : 2 : 1 : 1.0 ：0
cookie_bpf_check : 0 : 2 : 1932.0706263448074 : 49 : 2 : 15 : 1 : 0 : 2 : 2 : 1.0 ：0
cookie_tcp_check : 0 : 10 : 9631.707252330538 : 104 : 2 : 30 : 1 : 0 : 6 : 2 : 0.8 ：0
cookie_timestamp_decode : 2 : 6 : 6472.053961971957 : 3416 : 3 : 2 : 2 : 0 : 5 : 2 : 0.8 ：0
__cookie_v4_init_sequence : 3 : 3 : 3398.660537917758 : 3850 : 0 : 0 : 0 : 0 : 2 : 1 : 1.0 ：0
check_tcp_syn_cookie : 6 : 2 : 6401.41376693036 : 6905 : 0 : 0 : 0 : 0 : 0 : 1 : 1.0 ：0
cookie_tcp_reqsk_init : 3 : 4 : 9153.98084911196 : 49 : 4 : 12 : 5 : 0 : 3 : 1 : 1.0 ：0
cookie_hash : 6 : 1 : 1317.4435124774186 : 6905 : 0 : 0 : 2 : 0 : 0 : 1 : 1.0 ：0
cookie_init_timestamp : 2 : 5 : 4369.970554555307 : 5816 : 1 : 3 : 0 : 0 : 2 : 1 : 0.8 ：0
tcp_get_cookie_sock : 0 : 4 : 4921.768601373082 : 3201 : 2 : 8 : 1 : 0 : 6 : 3 : 0.8 ：0
secure_tcp_syn_cookie : 6 : 1 : 7929.482102288286 : 6905 : 0 : 0 : 0 : 0 : 1 : 1 : 1.0 ：0
cookie_tcp_reqsk_alloc : 0 : 4 : 8331.472140691509 : 1320 : 3 : 19 : 2 : 0 : 6 : 2 : 0.8 ：0
__cookie_v6_init_sequence : 3 : 3 : 3398.660537917758 : 3850 : 0 : 0 : 0 : 0 : 2 : 1 : 1.0 ：0
__aligned : 0 : 1 : 1553.692746507049 : 2619 : 0 : 0 : 0 : 0 : 1 : 1 : 1.0 ：0
__cookie_v6_check : 2 : 1 : 2908.4497278448503 : 3850 : 0 : 0 : 0 : 0 : 3 : 1 : 1.0 ：0
cookie_hash : 6 : 41 : 230501.48542740726 : 5853 : 0 : 0 : 2 : 0 : 38 : 3 : 0.3999999999999999 ：0
cookie_v6_init_sequence : 2 : 1 : 832.6914796149653 : 3850 : 1 : 2 : 0 : 0 : 2 : 1 : 1.0 ：0
check_tcp_syn_cookie : 6 : 2 : 3782.513007971039 : 5853 : 0 : 0 : 0 : 0 : 0 : 1 : 1.0 ：0
cookie_v6_check : 0 : 29 : 55106.88960295251 : 3850 : 1 : 43 : 0 : 0 : 19 : 3 : 0.3999999999999999 ：0
cookie_tcp_check : 0 : 10 : 10140.417316363337 : 104 : 2 : 9 : 1 : 0 : 6 : 2 : 0.8 ：0
