btintel_read_debug_features : 2 : 4 : 9348.847757848635 : 0 : 1 : 5 : 0 : 0 : 2 : 2 : 1.0 ：0
btintel_firmware_version : 6 : 6 : 11545.374440286365 : 0 : 2 : 3 : 2 : 0 : 4 : 3 : 1.0 ：0
btintel_download_firmware_newgen : 6 : 26 : 70706.98321295752 : 0 : 1 : 28 : 0 : 4 : 4 : 3 : 0.6 ：0
btintel_set_debug_features : 2 : 4 : 6742.741098684741 : 0 : 1 : 5 : 0 : 0 : 1 : 2 : 1.0 ：0
btintel_sfi_rsa_header_secure_send : 2 : 7 : 16315.100260897852 : 0 : 2 : 6 : 2 : 0 : 5 : 2 : 1.0 ：0
btintel_reset_to_bootloader : 1 : 4 : 14954.21066588155 : 0 : 1 : 7 : 0 : 0 : 2 : 2 : 1.0 ：0
regmap_ibt_write : 3 : 2 : 2190.2038482355006 : 0 : 1 : 12 : 0 : 0 : 0 : 1 : 1.0 ：0
regmap_ibt_read : 5 : 10 : 30977.875527834887 : 0 : 1 : 8 : 0 : 0 : 9 : 2 : 0.6 ：0
btintel_version_info_tlv : 2 : 11 : 40181.416684982425 : 0 : 1 : 4 : 0 : 0 : 1 : 3 : 0.3999999999999999 ：0
btintel_download_firmware : 4 : 9 : 16961.261085748232 : 0 : 1 : 19 : 0 : 0 : 2 : 3 : 0.8 ：0
btintel_sfi_ecdsa_header_secure_send : 2 : 4 : 17072.61546754654 : 0 : 2 : 6 : 1 : 0 : 4 : 2 : 1.0 ：0
btintel_download_firmware_payload : 3 : 5 : 11252.699305245033 : 0 : 2 : 6 : 2 : 0 : 6 : 4 : 1.0 ：0
btintel_set_event_mask : 2 : 3 : 4476.628515816086 : 0 : 3 : 4 : 3 : 0 : 3 : 2 : 1.0 ：0
btintel_send_intel_reset : 2 : 2 : 2565.2066917648763 : 0 : 1 : 5 : 0 : 0 : 2 : 2 : 1.0 ：0
btintel_version_info : 2 : 12 : 16776.10363206901 : 0 : 1 : 2 : 0 : 0 : 1 : 2 : 0.8 ：0
btintel_read_version : 2 : 3 : 4658.553515705186 : 0 : 1 : 5 : 0 : 0 : 1 : 2 : 1.0 ：1
btintel_set_event_mask_mfg : 2 : 3 : 1691.6627562669382 : 0 : 1 : 15 : 0 : 0 : 3 : 1 : 1.0 ：0
regmap_ibt_gather_write : 5 : 8 : 16653.129872370788 : 0 : 2 : 10 : 1 : 0 : 8 : 2 : 0.6 ：0
btintel_secure_send : 4 : 3 : 5402.571626507216 : 0 : 3 : 4 : 8 : 0 : 1 : 2 : 0.8 ：0
btintel_read_version_tlv : 2 : 22 : 70993.87609043617 : 0 : 1 : 8 : 0 : 0 : 2 : 3 : 0.3999999999999999 ：0
btintel_set_diag : 2 : 5 : 8249.360873343207 : 0 : 2 : 9 : 1 : 0 : 4 : 2 : 1.0 ：0
btintel_read_boot_params : 2 : 4 : 17521.57705110668 : 0 : 1 : 8 : 0 : 0 : 1 : 2 : 0.8 ：0
btintel_exit_mfg : 3 : 3 : 7142.183619409482 : 0 : 2 : 4 : 2 : 0 : 1 : 2 : 1.0 ：0
btintel_enter_mfg : 1 : 2 : 2644.6154815070295 : 0 : 2 : 4 : 2 : 0 : 1 : 2 : 1.0 ：0
btintel_set_bdaddr : 2 : 2 : 1870.0 : 0 : 1 : 4 : 0 : 0 : 3 : 2 : 1.0 ：0
btintel_set_diag_mfg : 2 : 3 : 1691.6627562669382 : 0 : 1 : 20 : 0 : 0 : 3 : 1 : 1.0 ：0
btintel_load_ddc_config : 2 : 4 : 17866.663159964315 : 0 : 1 : 7 : 0 : 0 : 6 : 3 : 1.0 ：0
btintel_regmap_init : 0 : 2 : 2876.344091809908 : 0 : 1 : 4 : 0 : 0 : 1 : 1 : 1.0 ：0
btintel_hw_error : 2 : 4 : 9444.55514843691 : 0 : 1 : 4 : 0 : 0 : 2 : 2 : 0.8 ：0
btintel_check_bdaddr : 1 : 4 : 10717.05258924513 : 0 : 1 : 6 : 0 : 0 : 4 : 2 : 1.0 ：0
