copy_compat_shmid_to_user : 3 : 2 : 24906.623484072858 : 0 : 4 : 6 : 4 : 0 : 2 : 2 : 1.0 ：0
ksys_shmdt : 1 : 20 : 67246.42817046118 : 0 : 2 : 7 : 1 : 0 : 8 : 3 : 0.3999999999999999 ：0
copy_compat_shmid_from_user : 3 : 2 : 2468.975335498381 : 0 : 4 : 3 : 4 : 0 : 0 : 2 : 1.0 ：0
sysvipc_shm_proc_show : 2 : 2 : 12384.48636155605 : 0 : 2 : 15 : 1 : 0 : 4 : 1 : 1.0 ：0
ksys_shmctl : 4 : 19 : 16412.939156170214 : 0 : 3 : 125 : 3 : 0 : 11 : 3 : 0.6 ：0
do_shmat : 5 : 44 : 89563.24773470794 : 0 : 2 : 66 : 2 : 0 : 22 : 4 : 0.3999999999999999 ：0
compat_ksys_shmctl : 4 : 19 : 16416.740742819457 : 0 : 3 : 133 : 3 : 0 : 12 : 3 : 0.6 ：0
put_compat_shm_info : 2 : 1 : 3798.128027213398 : 0 : 4 : 2 : 4 : 0 : 1 : 1 : 1.0 ：0
shm_get_stat : 3 : 3 : 5012.866656112463 : 0 : 5 : 11 : 9 : 0 : 3 : 2 : 0.8 ：0
copy_compat_shminfo_to_user : 3 : 3 : 13101.397890274746 : 0 : 4 : 2 : 4 : 0 : 2 : 2 : 1.0 ：0
shm_add_rss_swap : 3 : 2 : 5425.273576490721 : 0 : 6 : 7 : 12 : 0 : 4 : 2 : 0.6 ：0
shmctl_do_lock : 3 : 23 : 29063.332204374627 : 0 : 4 : 25 : 8 : 0 : 15 : 3 : 0.19999999999999996 ：0
shmctl_stat : 4 : 17 : 30149.184719460853 : 0 : 4 : 25 : 8 : 0 : 8 : 3 : 0.19999999999999996 ：0
shmctl_down : 4 : 11 : 12715.76338516646 : 0 : 4 : 37 : 8 : 0 : 9 : 2 : 0.3999999999999999 ：0
shmctl_shm_info : 2 : 3 : 5712.738960122457 : 0 : 4 : 18 : 8 : 0 : 2 : 2 : 0.8 ：0
shmctl_ipc_info : 2 : 3 : 4609.849792952728 : 0 : 4 : 6 : 8 : 0 : 2 : 2 : 0.8 ：0
copy_shmid_to_user : 3 : 3 : 7780.737127170679 : 0 : 4 : 3 : 4 : 0 : 1 : 3 : 1.0 ：0
shm_fallocate : 4 : 2 : 1521.9379869928405 : 0 : 1 : 1 : 0 : 0 : 1 : 1 : 1.0 ：0
shm_get_policy : 0 : 4 : 2801.551366987533 : 0 : 1 : 1 : 0 : 0 : 4 : 1 : 1.0 ：0
copy_shmid_from_user : 3 : 5 : 5887.173913043478 : 0 : 4 : 1 : 4 : 0 : 1 : 3 : 1.0 ：0
shm_release : 2 : 1 : 1139.9892745168604 : 0 : 1 : 4 : 0 : 0 : 1 : 1 : 1.0 ：0
copy_shminfo_to_user : 3 : 4 : 5781.087525026411 : 0 : 4 : 1 : 4 : 0 : 1 : 3 : 1.0 ：0
shm_more_checks : 2 : 2 : 1017.8616751600966 : 0 : 3 : 1 : 2 : 0 : 1 : 1 : 1.0 ：0
shm_fsync : 4 : 2 : 1666.8844619445397 : 0 : 1 : 1 : 0 : 0 : 1 : 1 : 1.0 ：0
shm_pagesize : 1 : 2 : 1362.4262061299064 : 0 : 1 : 1 : 0 : 0 : 3 : 1 : 1.0 ：0
ksys_shmget : 3 : 1 : 3024.4061258437523 : 0 : 2 : 36 : 1 : 0 : 2 : 2 : 1.0 ：0
shm_may_split : 2 : 2 : 1594.41122446869 : 0 : 1 : 1 : 0 : 0 : 2 : 1 : 1.0 ：0
shm_mmap : 2 : 5 : 5670.614971784178 : 0 : 1 : 45 : 0 : 0 : 4 : 2 : 1.0 ：1
shm_set_policy : 2 : 2 : 1817.5025716300502 : 0 : 1 : 1 : 0 : 0 : 4 : 1 : 1.0 ：0
shm_get_unmapped_area : 5 : 1 : 961.8254523894786 : 0 : 1 : 1 : 0 : 0 : 1 : 1 : 1.0 ：0
exit_shm : 1 : 5 : 17458.23718290999 : 0 : 1 : 31 : 0 : 0 : 1 : 3 : 0.8 ：0
shm_destroy_orphaned : 1 : 2 : 1103.6149671375915 : 0 : 1 : 28 : 0 : 0 : 0 : 1 : 1.0 ：0
shm_open : 1 : 1 : 1030.7421176411926 : 0 : 1 : 1 : 0 : 0 : 1 : 1 : 1.0 ：0
shm_destroy : 2 : 4 : 5747.419274890381 : 0 : 6 : 17 : 19 : 0 : 1 : 1 : 0.6 ：1
shm_close : 1 : 4 : 8527.12533526529 : 0 : 2 : 41 : 1 : 0 : 5 : 1 : 0.8 ：1
shm_try_destroy_orphaned : 3 : 3 : 4378.9462175552935 : 0 : 2 : 23 : 1 : 0 : 3 : 2 : 1.0 ：1
shm_fault : 1 : 1 : 880.6881603046164 : 0 : 1 : 1 : 0 : 0 : 2 : 1 : 1.0 ：0
shm_obtain_object_check : 0 : 2 : 992.5420659767013 : 0 : 5 : 5 : 21 : 0 : 1 : 1 : 0.8 ：0
shm_rcu_free : 1 : 1 : 1633.688819867423 : 0 : 7 : 3 : 23 : 0 : 0 : 1 : 0.8 ：0
shm_lock : 0 : 5 : 7611.601426244384 : 0 : 3 : 11 : 5 : 0 : 2 : 2 : 0.8 ：0
do_shm_rmid : 2 : 2 : 2609.9256530593734 : 0 : 5 : 22 : 10 : 0 : 1 : 2 : 0.8 ：0
__shm_open : 1 : 3 : 5868.251541041835 : 0 : 0 : 0 : 0 : 0 : 3 : 2 : 0.8 ：1
shm_obtain_object : 0 : 2 : 992.5420659767013 : 0 : 5 : 5 : 9 : 0 : 1 : 1 : 0.8 ：0
shm_init_ns : 1 : 1 : 892.0647778231529 : 0 : 2 : 2 : 1 : 0 : 0 : 1 : 1.0 ：0
shm_init : 1 : 2 : 1838.9429482973064 : 0 : 1 : 17 : 0 : 0 : 0 : 1 : 1.0 ：0
