write_ok_or_segv : 2 : 3 : 3287.7018350470194 : 3249 : 2 : 2 : 1 : 0 : 3 : 2 : 1.0 ：1
warn_bad_vsyscall : 3 : 2 : 2788.515827047241 : 1764 : 2 : 2 : 1 : 0 : 0 : 1 : 1.0 ：0
get_gate_vma : 0 : 4 : 844.3982317973091 : 3249 : 2 : 1 : 1 : 0 : 2 : 1 : 1.0 ：0
emulate_vsyscall : 3 : 39 : 107125.97521945385 : 3249 : 1 : 14 : 0 : 0 : 18 : 3 : 0.6 ：0
vsyscall_setup : 1 : 7 : 2253.924152391251 : 3249 : 1 : 1 : 0 : 0 : 0 : 2 : 0.8 ：0
addr_to_vsyscall_nr : 1 : 3 : 1060.0834878782755 : 3249 : 2 : 0 : 1 : 0 : 2 : 1 : 1.0 ：1
in_gate_area : 2 : 3 : 840.3172972048402 : 3249 : 1 : 2 : 0 : 0 : 1 : 1 : 1.0 ：0
map_vsyscall : 1 : 4 : 3881.219487679555 : 3249 : 1 : 15 : 0 : 0 : 0 : 2 : 1.0 ：0
set_vsyscall_pgtable_user_bits : 1 : 2 : 4220.137926492851 : 2317 : 2 : 12 : 1 : 0 : 4 : 1 : 1.0 ：0
