smc_ib_sync_sg_for_device : 3 : 3 : 3031.021564800246 : 939 : 1 : 4 : 0 : 0 : 1 : 2 : 1.0 ：0
smc_ib_get_memory_region : 3 : 4 : 6191.999999999999 : 939 : 1 : 5 : 0 : 0 : 2 : 2 : 1.0 ：0
smc_ib_buf_map_sg : 3 : 2 : 1602.13038547228 : 939 : 1 : 1 : 0 : 0 : 2 : 1 : 1.0 ：0
smc_ib_remove_dev : 2 : 1 : 2897.7272727272725 : 1140 : 1 : 11 : 0 : 0 : 1 : 1 : 0.8 ：1
smc_ib_setup_per_ibdev : 1 : 5 : 14204.504748198837 : 1140 : 1 : 6 : 0 : 0 : 5 : 2 : 1.0 ：0
smc_ib_port_event_work : 1 : 2 : 4677.49346026382 : 1140 : 2 : 19 : 1 : 0 : 1 : 3 : 1.0 ：0
smc_ib_cleanup_per_ibdev : 1 : 2 : 816.6666666666667 : 1140 : 2 : 2 : 1 : 0 : 0 : 1 : 1.0 ：0
smc_ib_map_mr_sg : 1 : 1 : 2713.083312819557 : 939 : 2 : 1 : 1 : 0 : 2 : 1 : 1.0 ：0
smc_ib_create_queue_pair : 1 : 2 : 7199.449971931731 : 1140 : 1 : 7 : 0 : 0 : 2 : 3 : 1.0 ：0
smc_ib_qp_event_handler : 2 : 4 : 3204.930131297296 : 1140 : 2 : 2 : 1 : 0 : 3 : 3 : 1.0 ：0
smc_ib_buf_unmap_sg : 3 : 2 : 3520.7865610419376 : 939 : 1 : 1 : 0 : 0 : 0 : 1 : 1.0 ：0
smc_ib_sync_sg_for_cpu : 3 : 3 : 3031.021564800246 : 939 : 1 : 4 : 0 : 0 : 1 : 2 : 1.0 ：0
smc_ib_global_event_handler : 2 : 10 : 10795.313963966984 : 1140 : 2 : 4 : 1 : 0 : 2 : 3 : 0.8 ：0
smc_ib_add_dev : 1 : 4 : 15038.423647030757 : 1140 : 1 : 39 : 0 : 0 : 3 : 2 : 0.8 ：0
smc_ib_remember_port_attr : 2 : 7 : 7798.944566543322 : 1140 : 3 : 12 : 2 : 0 : 4 : 1 : 1.0 ：0
smc_ib_create_protection_domain : 1 : 2 : 1397.4326815856118 : 1140 : 1 : 3 : 0 : 0 : 2 : 1 : 1.0 ：0
smc_ib_determine_gid : 5 : 12 : 11540.504963377341 : 577 : 1 : 9 : 0 : 0 : 3 : 3 : 0.6 ：0
smc_ib_modify_qp_reset : 1 : 1 : 825.6319111077054 : 1140 : 1 : 2 : 0 : 0 : 1 : 1 : 1.0 ：0
smc_ib_ready_link : 1 : 12 : 7099.239130434782 : 1140 : 1 : 18 : 0 : 0 : 8 : 2 : 0.8 ：0
smc_ib_fill_mac : 2 : 2 : 2410.0926500954547 : 577 : 4 : 4 : 3 : 0 : 3 : 1 : 1.0 ：0
smc_ib_modify_qp_rts : 1 : 1 : 4565.051060244572 : 1140 : 2 : 2 : 1 : 0 : 1 : 1 : 1.0 ：0
smc_ib_modify_qp_init : 1 : 1 : 1809.3586524891195 : 1140 : 2 : 2 : 1 : 0 : 1 : 1 : 1.0 ：0
smc_ib_modify_qp_rtr : 1 : 2 : 9973.46821534161 : 1140 : 2 : 7 : 1 : 0 : 1 : 1 : 1.0 ：0
