wdm_probe : 2 : 6 : 7438.566271230772 : 1217 : 1 : 78 : 0 : 0 : 10 : 1 : 1.0 ：0
wdm_disconnect : 1 : 2 : 10404.284820980545 : 4479 : 1 : 22 : 0 : 0 : 1 : 1 : 0.8 ：0
wdm_resume : 1 : 1 : 1515.6203913146055 : 4417 : 1 : 9 : 0 : 0 : 3 : 1 : 1.0 ：0
wdm_suspend : 2 : 7 : 9980.282350340154 : 4417 : 1 : 15 : 0 : 0 : 3 : 2 : 0.6 ：0
wdm_pre_reset : 1 : 1 : 6416.666666666667 : 4417 : 1 : 13 : 0 : 0 : 1 : 1 : 0.8 ：0
wdm_poll : 2 : 7 : 6171.899909320033 : 4479 : 1 : 4 : 0 : 0 : 4 : 2 : 0.6 ：0
usb_cdc_wdm_register : 0 : 3 : 751.0862792951681 : 3091 : 1 : 74 : 0 : 0 : 2 : 1 : 1.0 ：0
wdm_open : 2 : 10 : 18639.436426245218 : 4479 : 1 : 13 : 0 : 0 : 8 : 3 : 0.6 ：0
wdm_manage_power : 2 : 2 : 1182.9111257270536 : 3091 : 2 : 2 : 1 : 0 : 1 : 1 : 1.0 ：0
service_interrupt_work : 1 : 2 : 2082.84778804452 : 789 : 3 : 12 : 3 : 0 : 1 : 2 : 0.8 ：0
wdm_create : 4 : 23 : 50310.20884554357 : 3091 : 2 : 72 : 2 : 0 : 15 : 1 : 0.3999999999999999 ：0
wdm_release : 2 : 3 : 7585.007915483289 : 4479 : 1 : 13 : 0 : 0 : 1 : 3 : 0.8 ：0
wdm_rxwork : 1 : 6 : 9154.311926751472 : 4479 : 3 : 8 : 3 : 0 : 3 : 3 : 0.6 ：0
wdm_ioctl : 3 : 3 : 1787.6071660476518 : 307 : 1 : 1 : 0 : 0 : 3 : 2 : 1.0 ：0
recover_from_urb_loss : 1 : 3 : 1513.5557691097188 : 4417 : 2 : 2 : 2 : 0 : 2 : 2 : 1.0 ：0
wdm_post_reset : 1 : 1 : 1935.6173081004774 : 4417 : 1 : 9 : 0 : 0 : 3 : 1 : 0.8 ：0
wdm_read : 4 : 31 : 77035.81022108722 : 1476 : 1 : 20 : 0 : 0 : 14 : 4 : 0.3999999999999999 ：0
wdm_write : 4 : 18 : 40356.54979115661 : 4479 : 1 : 29 : 0 : 0 : 11 : 2 : 0.3999999999999999 ：0
service_outstanding_interrupt : 1 : 7 : 5578.0620705775345 : 789 : 4 : 6 : 5 : 0 : 3 : 2 : 0.8 ：0
wdm_flush : 2 : 6 : 5819.014461276906 : 4479 : 1 : 4 : 0 : 0 : 1 : 1 : 1.0 ：1
kill_urbs : 1 : 1 : 747.2505602584623 : 3405 : 2 : 1 : 4 : 0 : 0 : 1 : 1.0 ：0
wdm_in_callback : 1 : 15 : 32196.082670283162 : 4479 : 3 : 10 : 3 : 0 : 6 : 3 : 0.3999999999999999 ：1
wdm_find_device : 0 : 3 : 1361.7338627141833 : 3091 : 2 : 3 : 5 : 0 : 3 : 1 : 0.8 ：0
wdm_out_callback : 1 : 1 : 2675.775932116266 : 4479 : 2 : 5 : 1 : 0 : 1 : 1 : 0.8 ：0
wdm_find_device_by_minor : 0 : 3 : 1411.8774021974466 : 3091 : 2 : 3 : 1 : 0 : 3 : 1 : 0.8 ：0
wdm_int_callback : 1 : 24 : 49426.11410808118 : 4479 : 3 : 11 : 3 : 0 : 10 : 3 : 0.3999999999999999 ：0
