nilfs_dev_attr_store : 4 : 1 : 1890.202674495252 : 2581 : 1 : 1 : 0 : 0 : 0 : 1 : 1.0 ：0
nilfs_dev_volume_name_show : 3 : 1 : 1253.1055203894052 : 2581 : 1 : 1 : 0 : 0 : 1 : 1 : 1.0 ：0
nilfs_superblock_sb_write_time_show : 3 : 1 : 881.673331357022 : 2581 : 1 : 3 : 0 : 0 : 1 : 1 : 1.0 ：0
nilfs_sysfs_init : 1 : 5 : 3691.326451029811 : 2581 : 1 : 5 : 0 : 0 : 4 : 2 : 1.0 ：0
nilfs_sysfs_delete_device_group : 1 : 1 : 1016.6634848782661 : 2581 : 1 : 8 : 0 : 0 : 0 : 1 : 1.0 ：1
nilfs_dev_device_size_show : 3 : 1 : 1117.9929239461856 : 2581 : 1 : 2 : 0 : 0 : 2 : 1 : 1.0 ：0
nilfs_sysfs_create_device_group : 1 : 16 : 12292.388882737403 : 2581 : 1 : 16 : 0 : 0 : 11 : 2 : 0.3999999999999999 ：0
nilfs_dev_revision_show : 3 : 1 : 1944.6428571428573 : 2581 : 1 : 3 : 0 : 0 : 3 : 1 : 1.0 ：0
nilfs_superblock_sb_write_time_secs_show : 3 : 1 : 924.4138822094376 : 2581 : 1 : 3 : 0 : 0 : 1 : 1 : 1.0 ：0
nilfs_segctor_last_nongc_write_time_secs_show : 3 : 1 : 924.4138822094376 : 2581 : 1 : 3 : 0 : 0 : 1 : 1 : 1.0 ：0
nilfs_superblock_sb_update_frequency_show : 3 : 1 : 944.1253798314964 : 2581 : 1 : 3 : 0 : 0 : 0 : 1 : 1.0 ：0
nilfs_dev_attr_show : 3 : 1 : 1852.3792877416465 : 2581 : 1 : 1 : 0 : 0 : 0 : 1 : 1.0 ：0
nilfs_superblock_sb_update_frequency_store : 4 : 3 : 3362.2685106738154 : 2581 : 1 : 6 : 0 : 0 : 3 : 2 : 1.0 ：0
nilfs_segctor_dirty_data_blocks_count_show : 3 : 1 : 992.5420659767013 : 2581 : 1 : 4 : 0 : 0 : 1 : 1 : 1.0 ：0
nilfs_dev_free_blocks_show : 3 : 1 : 595.7611650798581 : 2581 : 1 : 2 : 0 : 0 : 1 : 1 : 0.8 ：0
nilfs_superblock_sb_write_count_show : 3 : 1 : 944.1253798314964 : 2581 : 1 : 3 : 0 : 0 : 0 : 1 : 1.0 ：0
nilfs_segctor_last_nongc_write_time_show : 3 : 1 : 881.673331357022 : 2581 : 1 : 3 : 0 : 0 : 1 : 1 : 1.0 ：0
nilfs_segctor_last_seg_write_time_show : 3 : 1 : 881.673331357022 : 2581 : 1 : 3 : 0 : 0 : 1 : 1 : 1.0 ：0
nilfs_segctor_last_seg_write_time_secs_show : 3 : 1 : 924.4138822094376 : 2581 : 1 : 3 : 0 : 0 : 1 : 1 : 1.0 ：0
nilfs_segctor_next_checkpoint_show : 3 : 1 : 924.4138822094376 : 2581 : 1 : 3 : 0 : 0 : 1 : 1 : 1.0 ：0
nilfs_segctor_next_pseg_offset_show : 3 : 1 : 944.1253798314964 : 2581 : 1 : 3 : 0 : 0 : 0 : 1 : 1.0 ：0
nilfs_segctor_current_last_full_seg_show : 3 : 1 : 924.4138822094376 : 2581 : 1 : 3 : 0 : 0 : 1 : 1 : 1.0 ：0
nilfs_segctor_next_full_seg_show : 3 : 1 : 924.4138822094376 : 2581 : 1 : 3 : 0 : 0 : 1 : 1 : 1.0 ：0
nilfs_segctor_current_seg_sequence_show : 3 : 1 : 924.4138822094376 : 2581 : 1 : 3 : 0 : 0 : 1 : 1 : 1.0 ：0
nilfs_segctor_last_seg_checkpoint_show : 3 : 1 : 924.4138822094376 : 2581 : 1 : 3 : 0 : 0 : 1 : 1 : 0.8 ：0
nilfs_segctor_last_pseg_block_show : 3 : 1 : 1089.2737190185287 : 2581 : 1 : 3 : 0 : 0 : 1 : 1 : 0.8 ：0
nilfs_segctor_last_seg_sequence_show : 3 : 1 : 924.4138822094376 : 2581 : 1 : 3 : 0 : 0 : 1 : 1 : 0.8 ：0
nilfs_segments_dirty_segments_show : 3 : 2 : 2268.4474862469788 : 2581 : 1 : 5 : 0 : 0 : 3 : 2 : 1.0 ：0
nilfs_segments_clean_segments_show : 3 : 1 : 1363.6547117267899 : 2581 : 1 : 5 : 0 : 0 : 0 : 1 : 1.0 ：0
nilfs_checkpoints_last_seg_checkpoint_show : 3 : 1 : 924.4138822094376 : 2581 : 1 : 3 : 0 : 0 : 1 : 1 : 0.8 ：0
nilfs_checkpoints_next_checkpoint_show : 3 : 1 : 924.4138822094376 : 2581 : 1 : 3 : 0 : 0 : 1 : 1 : 1.0 ：0
nilfs_checkpoints_snapshots_number_show : 3 : 2 : 2577.9123080386194 : 2581 : 1 : 5 : 0 : 0 : 4 : 2 : 1.0 ：0
nilfs_snapshot_attr_store : 4 : 1 : 1890.202674495252 : 2581 : 1 : 1 : 0 : 0 : 0 : 1 : 1.0 ：0
nilfs_sysfs_create_snapshot_group : 1 : 3 : 4570.213701275004 : 2581 : 1 : 2 : 0 : 0 : 4 : 2 : 1.0 ：0
nilfs_checkpoints_checkpoints_number_show : 3 : 2 : 2577.9123080386194 : 2581 : 1 : 5 : 0 : 0 : 4 : 2 : 1.0 ：0
nilfs_snapshot_attr_show : 3 : 1 : 1852.3792877416465 : 2581 : 1 : 1 : 0 : 0 : 0 : 1 : 1.0 ：0
