ovl_rename : 6 : 100 : 155998.9878041303 : 2577 : 1 : 170 : 0 : 0 : 44 : 4 : 0.3999999999999999 ：0
ovl_setup_cred_for_create : 4 : 3 : 3526.48701002993 : 37 : 4 : 4 : 9 : 0 : 3 : 2 : 0.8 ：0
ovl_link : 3 : 11 : 7727.067584911555 : 548 : 1 : 201 : 0 : 0 : 7 : 2 : 0.8 ：0
ovl_mknod : 5 : 3 : 1149.7590521921104 : 3516 : 1 : 166 : 0 : 0 : 0 : 1 : 1.0 ：0
ovl_set_link_redirect : 1 : 1 : 1028.0705046966139 : 2028 : 2 : 34 : 1 : 0 : 3 : 1 : 1.0 ：0
ovl_create_tmpfile : 4 : 7 : 13736.940912039761 : 37 : 2 : 32 : 1 : 0 : 10 : 2 : 0.8 ：0
ovl_remove_upper : 3 : 15 : 17158.025647587496 : 3516 : 3 : 83 : 3 : 0 : 10 : 2 : 0.6 ：0
ovl_need_absolute_redirect : 2 : 4 : 7108.86165280511 : 2150 : 4 : 3 : 4 : 0 : 3 : 1 : 1.0 ：0
ovl_set_redirect : 2 : 6 : 10244.174082509613 : 2150 : 3 : 31 : 3 : 0 : 5 : 2 : 0.8 ：0
ovl_tmpfile : 4 : 11 : 14251.268457188537 : 37 : 1 : 44 : 0 : 0 : 8 : 1 : 0.8 ：1
ovl_drop_nlink : 1 : 5 : 4892.043690554267 : 1534 : 3 : 6 : 4 : 0 : 2 : 2 : 0.8 ：0
ovl_do_remove : 2 : 15 : 12128.744929911882 : 2731 : 2 : 220 : 2 : 0 : 7 : 2 : 0.8 ：0
ovl_remove_and_whiteout : 2 : 17 : 16217.091041635376 : 3516 : 3 : 111 : 3 : 0 : 12 : 2 : 0.3999999999999999 ：0
ovl_create_or_link : 4 : 10 : 21203.57925232212 : 3516 : 3 : 154 : 6 : 0 : 6 : 2 : 0.6 ：0
ovl_get_redirect : 0 : 10 : 28913.142112474015 : 2731 : 4 : 14 : 4 : 0 : 6 : 3 : 0.3999999999999999 ：0
ovl_create_object : 4 : 7 : 10840.315872754303 : 3516 : 2 : 164 : 4 : 0 : 6 : 2 : 0.6 ：0
ovl_set_upper_acl : 4 : 3 : 359.99999999999994 : 2837 : 5 : 2 : 8 : 0 : 0 : 1 : 0.8 ：0
ovl_set_opaque : 2 : 3 : 1522.8037939871645 : 2577 : 5 : 4 : 26 : 0 : 0 : 1 : 0.8 ：0
ovl_create_upper : 3 : 9 : 11165.107781631921 : 3516 : 4 : 60 : 7 : 0 : 9 : 2 : 0.6 ：0
ovl_instantiate : 5 : 9 : 15952.036218327607 : 37 : 5 : 15 : 18 : 0 : 0 : 2 : 0.6 ：0
ovl_create_over_whiteout : 3 : 34 : 57167.0456726851 : 3516 : 4 : 82 : 7 : 0 : 22 : 3 : 0.19999999999999996 ：0
ovl_clear_empty : 0 : 20 : 33054.96064897878 : 2332 : 4 : 63 : 9 : 0 : 20 : 1 : 0.19999999999999996 ：0
ovl_whiteout : 0 : 12 : 15254.977804437136 : 3516 : 5 : 16 : 5 : 0 : 9 : 3 : 0.8 ：0
ovl_cleanup : 3 : 3 : 1922.1632727495817 : 1026 : 5 : 6 : 32 : 0 : 2 : 2 : 0.8 ：0
ovl_set_opaque_xerr : 3 : 2 : 1259.164851553796 : 2577 : 6 : 3 : 28 : 0 : 3 : 1 : 0.8 ：0
ovl_create_real : 0 : 16 : 14478.21372634344 : 2200 : 6 : 17 : 27 : 0 : 4 : 3 : 0.3999999999999999 ：0
ovl_mkdir_real : 4 : 4 : 7992.5407296215135 : 2200 : 7 : 8 : 28 : 0 : 2 : 2 : 0.8 ：0
ovl_cleanup_and_whiteout : 3 : 7 : 6391.875759577572 : 2327 : 4 : 29 : 4 : 0 : 8 : 1 : 0.8 ：0
ovl_lookup_temp : 0 : 3 : 5079.091788863713 : 1487 : 6 : 9 : 25 : 0 : 3 : 2 : 0.8 ：0
