afs_get_tree : 1 : 10 : 17261.88398542811 : 593 : 1 : 44 : 0 : 0 : 9 : 2 : 0.3999999999999999 ：0
afs_kill_super : 1 : 5 : 3383.3182269054205 : 3466 : 1 : 11 : 0 : 0 : 1 : 1 : 1.0 ：0
afs_destroy_inode : 1 : 1 : 1524.186702720751 : 4974 : 1 : 2 : 0 : 0 : 1 : 1 : 1.0 ：0
afs_init_fs_context : 1 : 3 : 5030.109037684372 : 649 : 1 : 4 : 0 : 0 : 2 : 1 : 1.0 ：0
afs_i_init_once : 1 : 1 : 3443.19485095823 : 4974 : 2 : 8 : 1 : 0 : 1 : 1 : 0.8 ：0
afs_alloc_inode : 0 : 2 : 6317.39218042962 : 1103 : 1 : 4 : 0 : 0 : 2 : 1 : 0.8 ：0
afs_alloc_sbi : 0 : 3 : 4350.789927946666 : 1121 : 2 : 4 : 1 : 0 : 3 : 3 : 0.8 ：0
afs_destroy_sbi : 1 : 2 : 1805.8705551716173 : 649 : 2 : 5 : 2 : 0 : 1 : 2 : 1.0 ：0
afs_fill_super : 2 : 12 : 17626.728833381752 : 4974 : 2 : 13 : 1 : 0 : 7 : 2 : 0.3999999999999999 ：0
afs_statfs : 2 : 3 : 6495.74100083876 : 4960 : 1 : 8 : 0 : 0 : 3 : 2 : 0.8 ：0
afs_test_super : 2 : 5 : 2063.95053515028 : 4974 : 2 : 1 : 1 : 0 : 2 : 1 : 1.0 ：0
afs_parse_param : 2 : 6 : 4261.262925673109 : 649 : 1 : 13 : 0 : 0 : 4 : 2 : 1.0 ：0
afs_free_fc : 1 : 1 : 1741.927660252287 : 649 : 1 : 10 : 0 : 0 : 1 : 1 : 1.0 ：0
afs_get_volume_status_success : 1 : 3 : 3278.016133958629 : 187 : 1 : 0 : 0 : 0 : 2 : 1 : 0.8 ：0
afs_dynroot_test_super : 2 : 2 : 588.5946491400488 : 1036 : 2 : 1 : 1 : 0 : 1 : 1 : 1.0 ：0
afs_validate_fc : 1 : 12 : 19016.45093223866 : 649 : 2 : 11 : 1 : 0 : 7 : 4 : 0.6 ：0
afs_parse_source : 2 : 18 : 67911.15721500736 : 649 : 2 : 11 : 1 : 0 : 3 : 3 : 0.6 ：1
afs_show_options : 2 : 9 : 4835.073881874327 : 1246 : 1 : 6 : 0 : 0 : 2 : 2 : 0.6 ：0
afs_show_devname : 2 : 6 : 5754.089081679416 : 1246 : 1 : 3 : 0 : 0 : 5 : 2 : 1.0 ：0
afs_fs_exit : 1 : 2 : 2086.9041766052765 : 4974 : 1 : 7 : 0 : 0 : 0 : 2 : 1.0 ：0
afs_fs_init : 1 : 3 : 5022.171705208909 : 4974 : 1 : 14 : 0 : 0 : 3 : 2 : 1.0 ：0
