ioc_lookup_icq : 0 : 7 : 7885.915947595105 : 0 : 2 : 6 : 1 : 0 : 3 : 1 : 0.8 ：0
ioc_create_icq : 0 : 6 : 15115.048234735414 : 0 : 1 : 22 : 0 : 0 : 5 : 2 : 0.6 ：0
create_task_io_context : 3 : 7 : 11456.011239905 : 0 : 2 : 33 : 1 : 0 : 3 : 1 : 0.8 ：0
get_task_io_context : 0 : 4 : 2531.977594902047 : 0 : 1 : 43 : 0 : 0 : 3 : 3 : 0.8 ：0
__ioc_clear_queue : 1 : 3 : 3689.9999999999995 : 0 : 0 : 0 : 0 : 0 : 1 : 3 : 0.8 ：0
put_io_context : 1 : 5 : 4961.059113111394 : 0 : 3 : 8 : 2 : 0 : 1 : 2 : 0.6 ：0
ioc_release_fn : 1 : 3 : 9211.335977075196 : 0 : 3 : 21 : 2 : 0 : 1 : 3 : 0.8 ：0
put_io_context_active : 1 : 4 : 4685.363743215363 : 0 : 2 : 14 : 1 : 0 : 1 : 2 : 0.8 ：0
ioc_destroy_icq : 1 : 2 : 8965.225185447212 : 0 : 4 : 11 : 3 : 0 : 3 : 1 : 0.8 ：0
ioc_clear_queue : 1 : 1 : 837.5396714335762 : 0 : 1 : 4 : 0 : 0 : 0 : 1 : 0.8 ：0
exit_io_context : 1 : 1 : 1230.9618604257707 : 0 : 1 : 18 : 0 : 0 : 1 : 1 : 0.8 ：0
ioc_exit_icq : 1 : 3 : 1497.0949005425211 : 0 : 5 : 0 : 6 : 0 : 1 : 1 : 0.8 ：0
