ath9k_hif_usb_dev_init : 1 : 3 : 3822.7734565399064 : 3886 : 0 : 110 : 4 : 0 : 3 : 2 : 1.0 ：0
ath9k_hif_usb_probe : 2 : 6 : 7350.036611287017 : 3886 : 1 : 166 : 0 : 0 : 7 : 2 : 0.8 ：0
ath9k_hif_request_firmware : 2 : 12 : 43633.957387854025 : 1882 : 0 : 147 : 3 : 0 : 4 : 3 : 0.6 ：0
ath9k_hif_usb_alloc_rx_urbs : 1 : 10 : 20813.53466893401 : 3886 : 0 : 36 : 7 : 0 : 8 : 3 : 0.19999999999999996 ：0
ath9k_hif_usb_disconnect : 1 : 5 : 6643.239130070992 : 3886 : 1 : 33 : 0 : 0 : 3 : 2 : 1.0 ：0
ath9k_hif_usb_dealloc_urbs : 1 : 1 : 387.17595007788486 : 3549 : 0 : 15 : 8 : 0 : 0 : 1 : 0.6 ：0
ath9k_hif_usb_download_fw : 1 : 6 : 17199.37427177777 : 3886 : 0 : 8 : 6 : 0 : 6 : 3 : 0.19999999999999996 ：0
ath9k_hif_usb_firmware_cb : 2 : 10 : 12720.0 : 1882 : 0 : 140 : 3 : 0 : 6 : 2 : 0.3999999999999999 ：0
ath9k_hif_usb_suspend : 2 : 4 : 2226.211414584779 : 3886 : 1 : 19 : 0 : 0 : 1 : 1 : 1.0 ：0
ath9k_hif_usb_resume : 1 : 9 : 9519.734329295623 : 3886 : 1 : 130 : 0 : 0 : 9 : 2 : 0.6 ：0
ath9k_hif_usb_alloc_urbs : 1 : 7 : 2953.6524450375637 : 3886 : 0 : 99 : 6 : 0 : 3 : 1 : 0.6 ：0
ath9k_hif_usb_alloc_reg_in_urbs : 1 : 10 : 20405.256881819212 : 3500 : 0 : 30 : 7 : 0 : 8 : 3 : 0.19999999999999996 ：0
ath9k_hif_usb_firmware_fail : 1 : 3 : 1797.922087473143 : 3208 : 0 : 4 : 4 : 0 : 2 : 1 : 0.8 ：0
ath9k_hif_usb_reboot : 1 : 3 : 2463.5354490038567 : 3853 : 2 : 5 : 1 : 0 : 3 : 1 : 1.0 ：0
ath9k_hif_usb_alloc_tx_urbs : 1 : 9 : 14065.90395337574 : 3886 : 0 : 17 : 7 : 0 : 5 : 2 : 0.3999999999999999 ：0
send_eject_command : 1 : 8 : 26659.15755288566 : 3549 : 2 : 10 : 1 : 0 : 6 : 3 : 0.3999999999999999 ：0
ath9k_hif_usb_dealloc_tx_urbs : 1 : 1 : 28750.12451026663 : 3780 : 0 : 9 : 24 : 0 : 1 : 2 : 0.6 ：1
ath9k_hif_usb_reg_in_cb : 1 : 15 : 17773.639090498335 : 3886 : 0 : 15 : 9 : 0 : 9 : 3 : 0.19999999999999996 ：0
ath9k_hif_usb_rx_cb : 1 : 14 : 9172.087928028115 : 3879 : 0 : 20 : 8 : 0 : 8 : 2 : 0.3999999999999999 ：0
hif_usb_sta_drain : 2 : 2 : 4526.269338762744 : 3500 : 1 : 7 : 0 : 0 : 1 : 3 : 0.8 ：0
hif_usb_send : 3 : 3 : 2511.700729856815 : 3500 : 1 : 38 : 0 : 0 : 3 : 2 : 1.0 ：0
hif_usb_stop : 1 : 1 : 14032.037451827407 : 3886 : 1 : 13 : 0 : 0 : 2 : 2 : 0.8 ：1
check_index : 2 : 3 : 896.0327542468673 : 3500 : 2 : 1 : 1 : 0 : 3 : 1 : 1.0 ：0
ath9k_hif_usb_rx_stream : 2 : 14 : 83898.39323813118 : 3886 : 0 : 10 : 9 : 0 : 11 : 4 : 0.19999999999999996 ：0
hif_usb_start : 1 : 1 : 1923.6447218132448 : 3886 : 1 : 2 : 0 : 0 : 1 : 1 : 0.8 ：0
__hif_usb_tx : 1 : 9 : 44076.39866955414 : 3500 : 0 : 0 : 0 : 0 : 7 : 2 : 0.6 ：0
hif_usb_send_tx : 2 : 11 : 19906.664605203296 : 3886 : 2 : 22 : 1 : 0 : 3 : 2 : 0.6 ：0
hif_usb_tx_cb : 1 : 11 : 20510.14788327096 : 3886 : 0 : 0 : 0 : 0 : 3 : 3 : 0.3999999999999999 ：0
ath9k_skb_queue_complete : 3 : 3 : 1901.1060337332171 : 3500 : 2 : 3 : 2 : 0 : 2 : 3 : 1.0 ：0
hif_usb_send_mgmt : 2 : 4 : 11889.467110412721 : 3500 : 3 : 18 : 2 : 0 : 5 : 2 : 0.8 ：0
ath9k_skb_queue_purge : 2 : 2 : 461.5014516062563 : 3500 : 0 : 0 : 1 : 0 : 1 : 2 : 1.0 ：0
hif_usb_mgmt_cb : 1 : 10 : 11498.653096827808 : 3500 : 4 : 6 : 3 : 0 : 3 : 3 : 0.8 ：0
hif_usb_send_regout : 2 : 4 : 8208.98824881384 : 3886 : 2 : 13 : 1 : 0 : 4 : 2 : 0.8 ：0
hif_usb_regout_cb : 1 : 8 : 3321.112113413847 : 3886 : 3 : 3 : 2 : 0 : 2 : 2 : 0.8 ：0
