xsk_destruct : 1 : 3 : 1040.9587521219062 : 0 : 2 : 5 : 1 : 0 : 1 : 0 : 1.0 ：0
xsk_getsockopt : 5 : 24 : 83359.94106261664 : 0 : 1 : 13 : 0 : 0 : 11 : 3 : 0.3999999999999999 ：0
xsk_init : 1 : 9 : 4229.357587598896 : 0 : 1 : 10 : 0 : 0 : 5 : 0 : 0.8 ：0
xsk_net_init : 1 : 1 : 279.2060276175576 : 0 : 1 : 2 : 0 : 0 : 0 : 0 : 1.0 ：0
xsk_notifier : 3 : 4 : 7356.709564981721 : 0 : 1 : 13 : 0 : 0 : 5 : 3 : 0.8 ：0
xsk_create : 4 : 5 : 8867.571428571428 : 0 : 1 : 21 : 0 : 0 : 2 : 0 : 0.6 ：0
xsk_enter_umem_offsets : 1 : 1 : 1403.1111111111113 : 0 : 2 : 1 : 1 : 0 : 0 : 0 : 1.0 ：0
xsk_release : 1 : 2 : 7216.82388253308 : 0 : 1 : 26 : 0 : 0 : 3 : 0 : 0.8 ：0
xsk_enter_rxtx_offsets : 1 : 1 : 1403.1111111111113 : 0 : 2 : 1 : 1 : 0 : 0 : 0 : 1.0 ：0
xsk_lookup_xsk_from_fd : 0 : 3 : 1901.6591097127496 : 0 : 2 : 3 : 1 : 0 : 3 : 1 : 1.0 ：0
xsk_mmap : 3 : 10 : 14122.713646280878 : 0 : 1 : 7 : 0 : 0 : 4 : 1 : 0.8 ：0
xsk_setsockopt : 5 : 21 : 40363.346268598616 : 0 : 1 : 14 : 0 : 0 : 12 : 3 : 0.3999999999999999 ：0
xsk_bind : 3 : 42 : 75670.33619912456 : 0 : 1 : 28 : 0 : 0 : 21 : 3 : 0.3999999999999999 ：1
xsk_delete_from_maps : 1 : 2 : 13420.410034814195 : 0 : 2 : 8 : 1 : 0 : 2 : 1 : 0.8 ：0
xsk_poll : 3 : 8 : 6802.436926524194 : 0 : 1 : 11 : 0 : 0 : 6 : 1 : 0.8 ：0
xsk_get_map_list_entry : 0 : 2 : 3493.8091928488725 : 0 : 3 : 5 : 2 : 0 : 3 : 1 : 0.8 ：0
xsk_destruct_skb : 1 : 1 : 1996.9752346227287 : 0 : 0 : 0 : 1 : 0 : 2 : 0 : 0.8 ：0
xsk_wakeup : 2 : 1 : 1052.8046991829706 : 0 : 2 : 2 : 2 : 0 : 3 : 0 : 0.8 ：0
xsk_unbind_dev : 1 : 3 : 2086.0632634262893 : 0 : 2 : 4 : 2 : 0 : 1 : 0 : 1.0 ：0
xsk_generic_xmit : 1 : 18 : 36697.45096506517 : 0 : 0 : 0 : 0 : 0 : 16 : 2 : 0.3999999999999999 ：0
__xsk_sendmsg : 1 : 3 : 1349.866900947611 : 0 : 0 : 0 : 0 : 0 : 1 : 0 : 1.0 ：0
__xsk_map_redirect : 2 : 3 : 1466.5371920600207 : 0 : 0 : 0 : 0 : 0 : 3 : 0 : 1.0 ：0
xsk_init_queue : 3 : 5 : 2332.146891723651 : 0 : 2 : 4 : 1 : 0 : 1 : 0 : 1.0 ：0
__xsk_map_flush : 1 : 1 : 1345.696250403843 : 0 : 0 : 0 : 0 : 0 : 1 : 1 : 1.0 ：0
xsk_tx_release : 1 : 1 : 1085.6548694536832 : 0 : 1 : 3 : 0 : 0 : 1 : 1 : 0.8 ：0
xsk_tx_peek_desc : 2 : 6 : 5880.900276987841 : 0 : 1 : 6 : 0 : 0 : 4 : 2 : 0.8 ：0
xsk_sendmsg : 3 : 3 : 1597.3575332772339 : 0 : 1 : 5 : 0 : 0 : 3 : 0 : 1.0 ：0
__xsk_rcv : 4 : 5 : 5414.228824922799 : 0 : 0 : 0 : 0 : 0 : 3 : 1 : 0.6 ：0
xsk_generic_rcv : 2 : 1 : 834.5536264250227 : 0 : 1 : 9 : 0 : 0 : 2 : 0 : 0.8 ：0
xsk_rcv : 3 : 4 : 2628.0206907248235 : 0 : 2 : 3 : 1 : 0 : 1 : 0 : 1.0 ：0
xsk_flush : 1 : 1 : 277.5329788605819 : 0 : 2 : 2 : 1 : 0 : 0 : 0 : 1.0 ：0
__xsk_rcv_zc : 3 : 2 : 2576.008343468962 : 0 : 0 : 0 : 0 : 0 : 4 : 1 : 1.0 ：0
xsk_copy_xdp : 3 : 2 : 3958.651575121951 : 0 : 0 : 0 : 0 : 0 : 1 : 1 : 1.0 ：0
xp_get_handle : 1 : 2 : 1482.4071301878319 : 0 : 0 : 0 : 0 : 0 : 1 : 0 : 1.0 ：0
xsk_is_bound : 1 : 2 : 828.7811726633028 : 0 : 3 : 2 : 5 : 0 : 2 : 1 : 1.0 ：0
xsk_clear_pool_at_qid : 2 : 3 : 1234.2978004269244 : 0 : 1 : 0 : 0 : 0 : 0 : 0 : 1.0 ：0
xsk_get_pool_from_qid : 0 : 3 : 1111.3640357046781 : 0 : 1 : 0 : 0 : 0 : 1 : 0 : 1.0 ：0
xsk_reg_pool_at_qid : 3 : 4 : 2814.2499829426456 : 0 : 1 : 1 : 0 : 0 : 0 : 0 : 1.0 ：0
xsk_set_tx_need_wakeup : 1 : 2 : 1483.524900675002 : 0 : 1 : 3 : 0 : 0 : 1 : 1 : 0.8 ：0
xsk_clear_tx_need_wakeup : 1 : 2 : 1540.5835507009638 : 0 : 1 : 3 : 0 : 0 : 1 : 1 : 0.8 ：0
xsk_set_rx_need_wakeup : 1 : 2 : 453.5999999999999 : 0 : 1 : 0 : 0 : 0 : 0 : 0 : 1.0 ：0
xsk_clear_rx_need_wakeup : 1 : 2 : 487.19999999999993 : 0 : 1 : 0 : 0 : 0 : 0 : 0 : 1.0 ：0
