sctp_inq_pop : 0 : 27 : 105712.68821380039 : 6657 : 1 : 17 : 0 : 0 : 8 : 4 : 0.6 ：0
sctp_inq_peek : 0 : 4 : 2467.185131150529 : 5749 : 1 : 0 : 0 : 0 : 4 : 1 : 1.0 ：0
sctp_inq_push : 2 : 3 : 4283.648602687037 : 6657 : 1 : 2 : 0 : 0 : 0 : 2 : 1.0 ：0
sctp_inq_free : 1 : 2 : 3395.390124538137 : 6657 : 1 : 3 : 0 : 0 : 0 : 2 : 0.8 ：1
sctp_inq_init : 1 : 2 : 974.3045314032455 : 6657 : 1 : 2 : 0 : 0 : 0 : 1 : 1.0 ：1
