dev_map_enqueue_multi : 4 : 14 : 41027.96298362333 : 1005 : 1 : 51 : 0 : 0 : 6 : 5 : 0.3999999999999999 ：0
dev_map_generic_redirect : 3 : 4 : 3951.2642858420386 : 1005 : 3 : 8 : 3 : 0 : 2 : 1 : 1.0 ：0
dev_map_redirect_clone : 3 : 3 : 1948.4705113964867 : 1005 : 2 : 12 : 1 : 0 : 3 : 2 : 1.0 ：0
__dev_map_hash_update_elem : 5 : 11 : 18825.349541436884 : 1671 : 0 : 0 : 0 : 0 : 7 : 3 : 0.6 ：0
dev_map_notification : 3 : 12 : 20626.940777385407 : 2414 : 1 : 20 : 0 : 0 : 4 : 5 : 0.3999999999999999 ：0
dev_map_hash_delete_elem : 2 : 2 : 4065.153229724024 : 1671 : 1 : 5 : 0 : 0 : 5 : 2 : 0.8 ：0
dev_map_redirect_multi : 5 : 14 : 39572.74450483583 : 1005 : 1 : 31 : 0 : 0 : 7 : 5 : 0.6 ：0
get_upper_ifindexes : 2 : 1 : 1669.6449100774662 : 929 : 2 : 1 : 2 : 0 : 4 : 2 : 1.0 ：0
dev_map_delete_elem : 2 : 3 : 3967.1991015174312 : 2414 : 1 : 5 : 0 : 0 : 3 : 2 : 1.0 ：0
dev_map_hash_remove_netdev : 2 : 3 : 5165.818204104001 : 1587 : 2 : 6 : 1 : 0 : 4 : 3 : 0.8 ：0
__dev_map_entry_free : 1 : 2 : 1682.1792953236597 : 1587 : 0 : 0 : 0 : 0 : 1 : 1 : 1.0 ：0
__dev_map_update_elem : 5 : 9 : 17592.987920815453 : 1671 : 0 : 0 : 0 : 0 : 3 : 2 : 0.8 ：0
is_ifindex_excluded : 3 : 3 : 597.7914405328621 : 929 : 2 : 0 : 2 : 0 : 2 : 2 : 1.0 ：0
dev_map_init : 1 : 1 : 1704.4687215144663 : 1671 : 1 : 6 : 0 : 0 : 1 : 1 : 1.0 ：0
__dev_map_alloc_node : 0 : 11 : 14364.64814996702 : 1671 : 0 : 0 : 0 : 0 : 6 : 2 : 0.8 ：0
dev_map_mem_usage : 1 : 2 : 5011.1620207651995 : 355 : 1 : 2 : 0 : 0 : 3 : 1 : 1.0 ：0
dev_map_enqueue_clone : 3 : 2 : 1105.0415635510703 : 1005 : 2 : 18 : 1 : 0 : 1 : 1 : 1.0 ：0
is_valid_dst : 2 : 6 : 2178.589441698265 : 1005 : 2 : 4 : 1 : 0 : 5 : 1 : 0.8 ：0
__xdp_enqueue : 4 : 5 : 2628.068073520664 : 1500 : 0 : 0 : 0 : 0 : 2 : 1 : 1.0 ：0
dev_map_bpf_prog_run_skb : 2 : 5 : 5333.99352466406 : 962 : 4 : 4 : 4 : 0 : 5 : 2 : 1.0 ：0
bq_enqueue : 4 : 4 : 8040.345316234264 : 1005 : 3 : 16 : 3 : 0 : 2 : 2 : 1.0 ：0
dev_check_flush : 1 : 2 : 228.96470755998007 : 131 : 1 : 2 : 0 : 0 : 2 : 1 : 1.0 ：0
__dev_flush : 1 : 1 : 1969.5755064882048 : 131 : 0 : 0 : 0 : 0 : 1 : 2 : 1.0 ：0
bq_xmit_all : 2 : 8 : 20465.63421711534 : 1528 : 4 : 12 : 4 : 0 : 6 : 2 : 0.8 ：0
__dev_map_lookup_elem : 0 : 2 : 2240.5429323139206 : 1082 : 0 : 0 : 0 : 0 : 4 : 1 : 1.0 ：0
dev_map_hash_get_next_key : 3 : 8 : 13292.704326367199 : 1671 : 1 : 6 : 0 : 0 : 5 : 3 : 0.8 ：0
dev_map_bpf_prog_run : 4 : 6 : 11067.180550477744 : 962 : 5 : 7 : 5 : 0 : 6 : 3 : 1.0 ：0
__dev_map_hash_lookup_elem : 0 : 2 : 2331.820155878046 : 1082 : 0 : 0 : 0 : 0 : 5 : 1 : 1.0 ：0
dev_map_get_next_key : 3 : 3 : 4489.535346654907 : 2414 : 1 : 1 : 0 : 0 : 3 : 2 : 1.0 ：0
dev_map_free : 1 : 9 : 30452.891619553444 : 1671 : 1 : 15 : 0 : 0 : 6 : 4 : 0.3999999999999999 ：0
dev_map_init_map : 2 : 11 : 16621.356805068204 : 1671 : 2 : 8 : 1 : 0 : 1 : 2 : 0.6 ：1
dev_map_alloc : 0 : 3 : 3149.517708957765 : 1671 : 1 : 15 : 0 : 0 : 2 : 2 : 0.8 ：0
dev_map_create_hash : 0 : 3 : 2464.814808933988 : 1671 : 3 : 2 : 2 : 0 : 3 : 1 : 1.0 ：0
