asix_get_drvinfo : 2 : 1 : 1694.8854855147542 : 0 : 1 : 2 : 0 : 0 : 0 : 1 : 1.0 ：0
asix_get_eeprom : 3 : 5 : 14981.017953881636 : 0 : 1 : 8 : 0 : 0 : 3 : 3 : 0.8 ：0
asix_set_mac_address : 2 : 4 : 6060.939085642455 : 0 : 1 : 7 : 0 : 0 : 3 : 1 : 1.0 ：0
asix_get_wol : 2 : 4 : 4042.0830869958954 : 0 : 1 : 5 : 0 : 0 : 2 : 2 : 1.0 ：0
__asix_mdio_read : 4 : 5 : 7356.040956343496 : 0 : 0 : 0 : 0 : 0 : 5 : 2 : 0.8 ：0
asix_set_wol : 2 : 5 : 3585.189974404148 : 0 : 1 : 5 : 0 : 0 : 2 : 1 : 0.8 ：0
asix_set_eeprom : 3 : 17 : 81550.23645181113 : 0 : 1 : 15 : 0 : 0 : 10 : 3 : 0.3999999999999999 ：0
__asix_mdio_write : 5 : 5 : 6301.901428038302 : 0 : 0 : 0 : 0 : 0 : 5 : 1 : 0.8 ：0
asix_set_multicast : 1 : 8 : 13369.762286317087 : 0 : 1 : 8 : 0 : 0 : 5 : 3 : 1.0 ：0
asix_write_rx_ctl : 3 : 2 : 2515.8701263182043 : 0 : 1 : 6 : 0 : 0 : 2 : 1 : 1.0 ：0
asix_write_medium_mode : 3 : 2 : 2528.333333333333 : 0 : 2 : 6 : 1 : 0 : 2 : 1 : 1.0 ：0
asix_read_phy_addr : 2 : 5 : 5902.902478748125 : 0 : 1 : 6 : 0 : 0 : 4 : 2 : 1.0 ：0
asix_read_rx_ctl : 2 : 3 : 1762.8322871393993 : 0 : 1 : 6 : 0 : 0 : 4 : 2 : 1.0 ：0
asix_sw_reset : 3 : 2 : 1272.0261123764421 : 0 : 1 : 5 : 0 : 0 : 2 : 1 : 1.0 ：0
asix_adjust_link : 1 : 4 : 3656.1968770655135 : 0 : 1 : 10 : 0 : 0 : 3 : 2 : 1.0 ：0
asix_read_medium_status : 2 : 3 : 2457.154632187336 : 0 : 1 : 6 : 0 : 0 : 2 : 2 : 1.0 ：0
asix_rx_fixup_common_free : 1 : 3 : 1200.938400415386 : 0 : 1 : 1 : 0 : 0 : 1 : 2 : 1.0 ：0
asix_write_gpio : 4 : 3 : 2811.139954836079 : 0 : 1 : 7 : 0 : 0 : 2 : 1 : 1.0 ：0
asix_rx_fixup_internal : 3 : 16 : 75945.84569100666 : 0 : 2 : 9 : 1 : 0 : 3 : 4 : 0.6 ：0
asix_rx_fixup_common : 2 : 1 : 795.6276720133552 : 0 : 1 : 10 : 0 : 0 : 2 : 1 : 1.0 ：0
asix_set_hw_mii : 2 : 2 : 1174.9175429508784 : 0 : 0 : 0 : 0 : 0 : 2 : 1 : 1.0 ：0
reset_asix_rx_fixup_info : 1 : 2 : 4429.164423313439 : 0 : 3 : 1 : 2 : 0 : 0 : 2 : 1.0 ：0
asix_set_sw_mii : 2 : 2 : 1174.9175429508784 : 0 : 0 : 0 : 1 : 0 : 2 : 1 : 1.0 ：0
asix_check_host_enable : 2 : 9 : 5190.433089157246 : 0 : 0 : 0 : 0 : 0 : 1 : 2 : 0.8 ：1
asix_read_cmd : 7 : 3 : 4212.089205139152 : 0 : 2 : 3 : 7 : 0 : 2 : 2 : 0.8 ：0
asix_tx_fixup : 0 : 16 : 28899.650728292312 : 0 : 1 : 13 : 0 : 0 : 9 : 3 : 0.6 ：0
asix_write_cmd : 7 : 3 : 3596.062761580523 : 0 : 3 : 3 : 10 : 0 : 2 : 1 : 0.8 ：0
