io_req_map_rw : 4 : 7 : 12200.577000224044 : 402 : 3 : 4 : 3 : 0 : 2 : 3 : 0.8 ：0
loop_rw_iter : 3 : 14 : 24666.182490593408 : 402 : 3 : 8 : 3 : 0 : 7 : 3 : 0.6 ：0
io_write : 2 : 42 : 85279.13079147112 : 402 : 1 : 127 : 0 : 0 : 16 : 3 : 0.3999999999999999 ：0
io_rw_init_file : 2 : 14 : 17381.447944793406 : 402 : 2 : 41 : 2 : 0 : 6 : 2 : 0.8 ：0
io_iter_do_read : 2 : 4 : 2211.022688506013 : 402 : 2 : 11 : 1 : 0 : 1 : 1 : 1.0 ：0
kiocb_done : 3 : 7 : 8549.527512251258 : 402 : 2 : 40 : 2 : 0 : 4 : 3 : 0.8 ：0
io_rw_fail : 1 : 1 : 992.0 : 344 : 1 : 3 : 0 : 0 : 1 : 1 : 1.0 ：0
io_read : 2 : 48 : 112138.00895267722 : 344 : 1 : 136 : 0 : 1 : 15 : 3 : 0.3999999999999999 ：0
io_complete_rw_iopoll : 2 : 5 : 4829.764096546537 : 402 : 3 : 15 : 3 : 0 : 2 : 3 : 1.0 ：0
io_rw_should_retry : 1 : 9 : 10234.79225528058 : 402 : 2 : 9 : 1 : 0 : 8 : 1 : 0.8 ：0
io_rw_prep_async : 2 : 3 : 3608.0288124911613 : 402 : 2 : 5 : 2 : 0 : 4 : 1 : 1.0 ：1
io_setup_async_rw : 4 : 5 : 5474.1748138616795 : 402 : 2 : 9 : 2 : 0 : 1 : 3 : 1.0 ：0
io_import_iovec : 5 : 2 : 1243.1717589949544 : 402 : 3 : 3 : 5 : 0 : 0 : 1 : 1.0 ：0
__io_import_iovec : 0 : 11 : 16208.143126860276 : 402 : 0 : 0 : 0 : 0 : 9 : 3 : 0.8 ：0
io_do_iopoll : 2 : 19 : 39446.272251110146 : 402 : 1 : 13 : 0 : 0 : 9 : 3 : 0.6 ：0
io_async_buf_func : 4 : 2 : 3168.417303601716 : 402 : 3 : 5 : 2 : 0 : 4 : 1 : 1.0 ：0
io_complete_rw : 2 : 4 : 2911.2459561347478 : 10 : 3 : 19 : 6 : 0 : 2 : 2 : 0.8 ：0
io_req_rw_complete : 2 : 4 : 5016.294850781248 : 336 : 4 : 13 : 7 : 0 : 4 : 2 : 0.8 ：0
io_fixup_rw_res : 2 : 5 : 2570.9451337580417 : 29 : 5 : 1 : 19 : 0 : 2 : 2 : 0.8 ：0
io_req_end_write : 1 : 2 : 829.6202433755321 : 10 : 6 : 2 : 17 : 0 : 1 : 2 : 0.8 ：0
io_kiocb_update_pos : 0 : 3 : 4201.375183198237 : 402 : 2 : 1 : 2 : 0 : 2 : 2 : 1.0 ：0
io_req_io_end : 1 : 2 : 1452.5161202284621 : 323 : 5 : 6 : 11 : 0 : 1 : 2 : 0.8 ：0
__io_complete_rw_common : 2 : 5 : 3505.60683751646 : 402 : 0 : 0 : 0 : 0 : 2 : 3 : 1.0 ：0
io_prep_rw : 2 : 11 : 23627.751202991614 : 402 : 1 : 14 : 0 : 0 : 7 : 2 : 0.8 ：0
io_rw_should_reissue : 1 : 10 : 7904.5749601899915 : 402 : 4 : 7 : 4 : 0 : 7 : 1 : 0.8 ：0
io_resubmit_prep : 1 : 2 : 1270.9516051999044 : 402 : 3 : 3 : 3 : 0 : 2 : 1 : 1.0 ：0
io_rw_done : 2 : 6 : 2554.6474046763683 : 402 : 3 : 0 : 3 : 0 : 0 : 2 : 1.0 ：0
io_iov_buffer_select_prep : 1 : 4 : 3815.2734086525024 : 344 : 2 : 6 : 1 : 0 : 2 : 1 : 1.0 ：0
io_iov_compat_buffer_select_prep : 1 : 4 : 2709.8300639598388 : 344 : 3 : 2 : 2 : 0 : 1 : 1 : 1.0 ：0
