squashfs_read_data : 5 : 18 : 55254.652934873324 : 188 : 1 : 36 : 0 : 0 : 15 : 4 : 0.3999999999999999 ：1
squashfs_bio_read : 5 : 10 : 23679.463388797387 : 188 : 2 : 12 : 1 : 0 : 14 : 3 : 0.3999999999999999 ：0
copy_bio_to_actor : 4 : 7 : 12998.370571490934 : 188 : 2 : 9 : 1 : 0 : 6 : 3 : 0.8 ：0
