l2tp_session_delete : 1 : 3 : 1575.5949322590752 : 808 : 4 : 23 : 3 : 0 : 0 : 1 : 1.0 ：0
l2tp_tunnel_register : 3 : 13 : 25989.793160884594 : 1684 : 1 : 118 : 0 : 0 : 10 : 3 : 0.3999999999999999 ：1
l2tp_session_create : 0 : 4 : 26867.908956636387 : 4614 : 1 : 9 : 0 : 0 : 2 : 3 : 0.8 ：0
l2tp_validate_socket : 3 : 10 : 3334.901281160844 : 1684 : 2 : 2 : 1 : 0 : 0 : 1 : 0.8 ：0
l2tp_tunnel_create : 6 : 5 : 10646.190853853486 : 4614 : 1 : 49 : 0 : 0 : 5 : 2 : 0.8 ：0
l2tp_tunnel_sock_create : 5 : 26 : 64131.91723734558 : 4614 : 2 : 9 : 1 : 0 : 14 : 4 : 0.6 ：0
l2tp_session_set_header_len : 2 : 4 : 2713.882670770698 : 4614 : 5 : 1 : 5 : 0 : 0 : 2 : 1.0 ：0
l2tp_tunnel_closeall : 1 : 3 : 7293.227453510575 : 1608 : 3 : 28 : 2 : 0 : 3 : 3 : 0.8 ：0
l2tp_udp_encap_destroy : 1 : 2 : 359.79504013444364 : 3532 : 2 : 8 : 1 : 0 : 1 : 1 : 1.0 ：0
l2tp_session_unhash : 1 : 3 : 5973.260476861985 : 808 : 5 : 6 : 4 : 0 : 2 : 3 : 0.8 ：0
l2tp_init : 1 : 5 : 2281.666666666667 : 4614 : 1 : 5 : 0 : 0 : 4 : 2 : 1.0 ：0
l2tp_exit_net : 1 : 3 : 3749.4423649895393 : 3575 : 1 : 15 : 0 : 0 : 3 : 2 : 0.8 ：0
l2tp_init_net : 1 : 2 : 2903.6805322351706 : 4614 : 1 : 4 : 0 : 0 : 2 : 1 : 0.8 ：0
l2tp_tunnel_del_work : 1 : 3 : 8637.351412005843 : 3575 : 2 : 42 : 1 : 0 : 3 : 3 : 0.8 ：0
l2tp_exit : 1 : 2 : 315.47670006346175 : 3575 : 1 : 2 : 0 : 0 : 0 : 2 : 1.0 ：0
l2tp_tunnel_delete : 1 : 2 : 632.3305015414275 : 1728 : 3 : 5 : 3 : 0 : 0 : 2 : 1.0 ：0
l2tp_tunnel_destruct : 1 : 6 : 7805.75967600749 : 4410 : 2 : 6 : 1 : 0 : 2 : 2 : 0.8 ：0
l2tp_xmit_skb : 2 : 2 : 5049.645610129307 : 4614 : 1 : 35 : 0 : 0 : 2 : 2 : 1.0 ：0
l2tp_xmit_core : 3 : 16 : 41752.71041935799 : 4409 : 2 : 32 : 1 : 0 : 9 : 2 : 0.3999999999999999 ：0
l2tp_udp_encap_recv : 2 : 7 : 4107.9091728332105 : 4614 : 2 : 71 : 1 : 0 : 4 : 1 : 1.0 ：0
l2tp_build_l2tpv2_header : 2 : 3 : 7473.376482222294 : 4614 : 3 : 2 : 2 : 0 : 6 : 2 : 1.0 ：0
l2tp_xmit_queue : 3 : 3 : 1913.687332287322 : 808 : 3 : 5 : 2 : 0 : 1 : 1 : 1.0 ：0
l2tp_udp_recv_core : 2 : 16 : 45718.140554170226 : 4409 : 3 : 68 : 2 : 0 : 9 : 2 : 0.6 ：0
l2tp_build_l2tpv3_header : 2 : 6 : 17430.238042857603 : 4614 : 3 : 4 : 2 : 0 : 5 : 3 : 0.8 ：0
l2tp_recv_data_seq : 2 : 12 : 22733.84364703623 : 3428 : 5 : 12 : 4 : 0 : 6 : 3 : 0.6 ：0
l2tp_session_queue_purge : 1 : 2 : 821.7012286306112 : 808 : 5 : 3 : 4 : 0 : 1 : 2 : 1.0 ：0
l2tp_recv_common : 6 : 34 : 117184.08820574412 : 1845 : 4 : 43 : 3 : 2 : 6 : 3 : 0.6 ：0
l2tp_seq_check_rx_window : 2 : 2 : 1687.9856405838482 : 3428 : 6 : 0 : 5 : 0 : 1 : 1 : 1.0 ：0
l2tp_recv_dequeue : 1 : 10 : 17991.17332242247 : 4614 : 5 : 16 : 4 : 0 : 5 : 4 : 0.6 ：0
l2tp_recv_dequeue_skb : 2 : 3 : 10196.102088988137 : 4614 : 6 : 6 : 5 : 0 : 2 : 2 : 1.0 ：0
l2tp_session_register : 2 : 11 : 19044.267891222018 : 1848 : 1 : 13 : 0 : 0 : 9 : 3 : 0.3999999999999999 ：0
l2tp_recv_queue_skb : 2 : 3 : 4554.782608695652 : 4614 : 6 : 5 : 5 : 0 : 4 : 3 : 0.8 ：0
l2tp_session_get_nth : 0 : 3 : 3696.0000000000005 : 2056 : 1 : 5 : 0 : 0 : 5 : 4 : 0.8 ：0
l2tp_session_get_by_ifname : 0 : 3 : 4142.676579250857 : 2058 : 1 : 8 : 0 : 0 : 5 : 4 : 0.8 ：0
l2tp_session_get : 0 : 2 : 2299.3445115330187 : 1562 : 1 : 9 : 0 : 0 : 4 : 2 : 0.8 ：0
l2tp_tunnel_get_session : 0 : 2 : 2221.649825289414 : 1562 : 4 : 7 : 3 : 0 : 4 : 2 : 0.8 ：0
l2tp_tunnel_get_nth : 0 : 3 : 2318.181818181818 : 1682 : 1 : 6 : 0 : 0 : 5 : 3 : 0.8 ：0
l2tp_session_free : 1 : 2 : 448.1203125901445 : 4614 : 6 : 7 : 8 : 0 : 0 : 1 : 0.8 ：0
l2tp_tunnel_get : 0 : 3 : 2072.222990086935 : 1562 : 1 : 6 : 0 : 0 : 4 : 3 : 0.8 ：0
l2tp_sk_to_tunnel : 0 : 3 : 790.8868679574966 : 808 : 3 : 1 : 4 : 0 : 3 : 1 : 1.0 ：0
