peak_usb_create_dev : 3 : 16 : 65857.12386850613 : 3270 : 2 : 32 : 1 : 0 : 10 : 2 : 0.3999999999999999 ：1
peak_usb_do_device_exit : 2 : 4 : 3329.021739130434 : 3270 : 2 : 3 : 1 : 0 : 3 : 2 : 1.0 ：0
peak_usb_exit : 1 : 3 : 3290.368158638664 : 3270 : 1 : 8 : 0 : 0 : 1 : 1 : 1.0 ：0
peak_usb_ndo_open : 1 : 3 : 3296.1962823682893 : 3270 : 1 : 43 : 0 : 0 : 4 : 2 : 1.0 ：0
peak_usb_disconnect : 1 : 3 : 8804.182032447674 : 3270 : 2 : 7 : 1 : 0 : 3 : 2 : 0.8 ：0
peak_usb_set_bittiming : 1 : 3 : 2964.090334160259 : 3270 : 3 : 2 : 2 : 0 : 5 : 2 : 1.0 ：0
peak_usb_set_data_bittiming : 1 : 3 : 2983.9004670698964 : 2209 : 3 : 2 : 2 : 0 : 5 : 2 : 1.0 ：0
peak_usb_restart : 1 : 8 : 9328.834734740658 : 3270 : 4 : 6 : 3 : 0 : 4 : 2 : 0.6 ：0
peak_usb_probe : 2 : 9 : 15936.54279871785 : 3270 : 1 : 45 : 0 : 0 : 5 : 3 : 0.8 ：0
peak_usb_restart_complete : 1 : 1 : 994.5374071959634 : 3270 : 5 : 1 : 4 : 0 : 0 : 1 : 1.0 ：0
peak_usb_unlink_all_urbs : 1 : 4 : 9648.538807700344 : 3270 : 2 : 3 : 1 : 0 : 2 : 3 : 0.8 ：0
peak_usb_start : 1 : 26 : 97813.75955455509 : 3270 : 2 : 37 : 1 : 0 : 11 : 3 : 0.3999999999999999 ：0
peak_usb_init : 1 : 2 : 1309.3716695604264 : 3270 : 1 : 2 : 0 : 0 : 2 : 1 : 1.0 ：0
peak_usb_ndo_start_xmit : 2 : 11 : 33979.67943476466 : 3270 : 1 : 17 : 0 : 0 : 11 : 3 : 0.6 ：0
peak_usb_ndo_stop : 1 : 4 : 5295.541103793365 : 3270 : 1 : 7 : 0 : 0 : 3 : 2 : 1.0 ：0
peak_usb_set_mode : 2 : 3 : 1903.830344452702 : 3270 : 3 : 9 : 2 : 0 : 3 : 2 : 1.0 ：0
peak_usb_netif_rx : 3 : 1 : 666.5591829978555 : 2209 : 1 : 7 : 0 : 0 : 1 : 1 : 1.0 ：0
peak_usb_write_bulk_callback : 1 : 11 : 11670.836339717998 : 3270 : 3 : 8 : 2 : 0 : 3 : 2 : 0.8 ：0
peak_usb_read_bulk_callback : 1 : 16 : 16160.787516347875 : 3270 : 0 : 13 : 3 : 0 : 4 : 3 : 0.6 ：0
pcan_dump_mem : 3 : 1 : 687.3153254408979 : 3068 : 0 : 2 : 4 : 0 : 0 : 1 : 1.0 ：0
peak_usb_update_ts_now : 2 : 3 : 2945.4545454545455 : 3270 : 2 : 1 : 1 : 0 : 1 : 2 : 1.0 ：0
peak_usb_init_time_ref : 2 : 2 : 594.0 : 3270 : 1 : 1 : 0 : 0 : 0 : 2 : 1.0 ：0
peak_usb_get_ts_time : 3 : 11 : 29669.32085175115 : 1171 : 2 : 4 : 1 : 0 : 2 : 3 : 0.6 ：0
peak_usb_set_ts_now : 2 : 5 : 9333.202716531427 : 3270 : 1 : 6 : 0 : 0 : 0 : 4 : 0.8 ：0
