cfg80211_secondary_chans_ok : 4 : 4 : 3068.181818181818 : 2866 : 0 : 0 : 1 : 0 : 3 : 2 : 1.0 ：0
cfg80211_set_monitor_channel : 2 : 3 : 708.1529372466211 : 3040 : 1 : 2 : 0 : 0 : 0 : 1 : 1.0 ：0
_cfg80211_reg_can_beacon : 4 : 5 : 3456.98634492284 : 1904 : 0 : 0 : 0 : 0 : 2 : 2 : 1.0 ：0
cfg80211_edmg_usable : 5 : 16 : 16863.859593010086 : 408 : 0 : 0 : 1 : 0 : 11 : 2 : 0.8 ：0
cfg80211_get_chans_dfs_cac_time : 3 : 6 : 6069.69079496256 : 2411 : 2 : 6 : 1 : 0 : 2 : 2 : 0.8 ：0
cfg80211_reg_can_beacon_relax : 3 : 2 : 2734.1751933798164 : 1904 : 1 : 10 : 0 : 0 : 1 : 1 : 1.0 ：0
cfg80211_chandef_dfs_available : 2 : 6 : 6670.542110702011 : 2503 : 0 : 0 : 0 : 0 : 6 : 2 : 0.8 ：0
cfg80211_chandef_dfs_cac_time : 2 : 4 : 4324.404540689804 : 2411 : 1 : 28 : 0 : 0 : 2 : 1 : 1.0 ：0
cfg80211_is_wiphy_oper_chan : 2 : 3 : 2090.1288613334054 : 1306 : 2 : 10 : 1 : 0 : 3 : 3 : 0.8 ：0
cfg80211_chandef_usable : 3 : 48 : 81475.22013144282 : 2866 : 0 : 0 : 0 : 0 : 18 : 2 : 0.6 ：0
cfg80211_ir_permissive_chan : 3 : 28 : 40551.82130386761 : 1976 : 2 : 8 : 1 : 0 : 10 : 3 : 0.3999999999999999 ：0
cfg80211_get_chans_dfs_available : 3 : 9 : 8154.271847074825 : 2503 : 0 : 0 : 1 : 0 : 6 : 2 : 1.0 ：0
cfg80211_beaconing_iface_active : 1 : 16 : 4789.755441436859 : 1306 : 3 : 2 : 2 : 0 : 3 : 2 : 1.0 ：0
cfg80211_any_wiphy_oper_chan : 2 : 4 : 1908.3785255652836 : 1306 : 1 : 14 : 0 : 0 : 4 : 2 : 1.0 ：0
cfg80211_get_chan_state : 4 : 29 : 35858.54879096349 : 3017 : 1 : 34 : 0 : 0 : 1 : 3 : 0.6 ：0
cfg80211_is_sub_chan : 2 : 8 : 11647.096936549417 : 1306 : 3 : 3 : 2 : 0 : 8 : 2 : 0.8 ：0
cfg80211_chandef_dfs_usable : 2 : 6 : 7853.527105670104 : 2503 : 1 : 27 : 0 : 0 : 5 : 2 : 0.8 ：0
cfg80211_get_chans_dfs_usable : 3 : 8 : 10101.819410834014 : 2503 : 2 : 6 : 1 : 0 : 3 : 3 : 0.8 ：0
cfg80211_set_dfs_state : 3 : 4 : 2484.54047324078 : 2786 : 1 : 21 : 0 : 0 : 1 : 1 : 1.0 ：0
cfg80211_get_chans_dfs_required : 3 : 4 : 3506.950520371377 : 2786 : 3 : 6 : 2 : 0 : 1 : 2 : 1.0 ：0
cfg80211_get_start_freq : 2 : 2 : 1485.17165442493 : 2411 : 4 : 1 : 11 : 0 : 2 : 1 : 0.8 ：0
cfg80211_chandef_dfs_required : 3 : 24 : 9716.720840489887 : 2432 : 2 : 29 : 1 : 0 : 4 : 2 : 0.6 ：0
cfg80211_get_end_freq : 2 : 2 : 1485.17165442493 : 2411 : 4 : 1 : 11 : 0 : 2 : 1 : 0.8 ：0
cfg80211_chandef_compatible : 0 : 19 : 21718.207499549568 : 2867 : 1 : 4 : 0 : 0 : 10 : 1 : 0.8 ：0
chandef_primary_freqs : 3 : 5 : 11318.260670401236 : 2867 : 2 : 1 : 1 : 0 : 1 : 2 : 1.0 ：0
cfg80211_set_chans_dfs_state : 4 : 4 : 3335.164956152444 : 2786 : 2 : 1 : 1 : 0 : 2 : 2 : 1.0 ：0
cfg80211_chandef_valid : 1 : 52 : 68564.0446854579 : 2411 : 3 : 14 : 7 : 0 : 21 : 2 : 0.3999999999999999 ：1
cfg80211_edmg_chandef_valid : 1 : 37 : 32254.19369237816 : 408 : 4 : 3 : 8 : 0 : 15 : 3 : 0.3999999999999999 ：0
cfg80211_chandef_create : 3 : 6 : 6706.8513621809025 : 2867 : 1 : 1 : 0 : 0 : 0 : 2 : 1.0 ：0
nl80211_chan_width_to_mhz : 1 : 14 : 4583.308983536329 : 14 : 5 : 1 : 26 : 0 : 2 : 2 : 0.8 ：0
