rmap_walk_anon_lock : 0 : 3 : 3196.173578762582 : 0 : 4 : 2 : 8 : 0 : 3 : 1 : 0.6 ：0
rmap_walk : 2 : 4 : 1025.5815856228123 : 0 : 2 : 27 : 4 : 0 : 0 : 1 : 1.0 ：0
rmap_walk_file : 3 : 11 : 12843.935877616026 : 0 : 3 : 10 : 7 : 0 : 4 : 2 : 0.3999999999999999 ：0
hugepage_add_new_anon_rmap : 3 : 3 : 1553.1563266053902 : 0 : 1 : 5 : 0 : 0 : 0 : 1 : 1.0 ：0
__put_anon_vma : 1 : 3 : 1105.0919113292668 : 0 : 0 : 0 : 0 : 0 : 1 : 1 : 1.0 ：0
hugepage_add_anon_rmap : 3 : 2 : 2475.0 : 0 : 1 : 4 : 0 : 0 : 2 : 1 : 1.0 ：0
rmap_walk_anon : 3 : 9 : 12219.08617601683 : 0 : 3 : 11 : 7 : 0 : 3 : 2 : 0.3999999999999999 ：0
rmap_walk_locked : 2 : 3 : 1190.6015068342058 : 0 : 2 : 26 : 1 : 0 : 0 : 1 : 1.0 ：0
try_to_munlock : 1 : 3 : 2026.7808351394856 : 0 : 1 : 158 : 0 : 0 : 0 : 2 : 1.0 ：0
try_to_unmap_one : 4 : 65 : 320004.1574137362 : 0 : 2 : 110 : 2 : 0 : 17 : 5 : 0.3999999999999999 ：0
try_to_unmap : 2 : 5 : 6278.649240019848 : 0 : 1 : 185 : 0 : 0 : 0 : 2 : 0.8 ：0
page_add_file_rmap : 2 : 14 : 13760.218636901285 : 0 : 1 : 16 : 0 : 0 : 3 : 3 : 0.6 ：0
page_add_new_anon_rmap : 4 : 4 : 8518.537540573636 : 0 : 1 : 9 : 0 : 0 : 1 : 2 : 1.0 ：0
__page_check_anon_rmap : 3 : 1 : 4971.353356486537 : 0 : 0 : 0 : 0 : 0 : 0 : 1 : 1.0 ：0
page_remove_anon_compound_rmap : 1 : 14 : 19104.507517109545 : 0 : 4 : 10 : 4 : 0 : 0 : 3 : 0.8 ：0
page_remove_file_rmap : 2 : 12 : 19550.767788609202 : 0 : 4 : 12 : 4 : 0 : 1 : 3 : 0.6 ：0
page_move_anon_rmap : 2 : 1 : 4284.670975462838 : 0 : 1 : 5 : 0 : 0 : 1 : 1 : 1.0 ：0
page_remove_rmap : 2 : 11 : 9621.099650037091 : 0 : 3 : 34 : 3 : 0 : 3 : 2 : 0.6 ：0
__page_set_anon_rmap : 4 : 5 : 8512.456302552386 : 0 : 0 : 0 : 0 : 0 : 1 : 1 : 1.0 ：0
do_page_add_anon_rmap : 4 : 7 : 12521.933290801899 : 0 : 2 : 10 : 1 : 0 : 4 : 2 : 0.6 ：0
page_mkclean_one : 4 : 10 : 28243.05993326262 : 0 : 2 : 22 : 1 : 0 : 8 : 3 : 0.6 ：0
page_referenced : 4 : 9 : 8608.79882746833 : 0 : 1 : 58 : 0 : 0 : 1 : 2 : 0.6 ：0
invalid_mkclean_vma : 2 : 2 : 190.30832836154187 : 0 : 2 : 0 : 1 : 0 : 2 : 1 : 1.0 ：0
page_referenced_one : 4 : 15 : 20788.469741103003 : 0 : 2 : 9 : 1 : 0 : 5 : 4 : 0.6 ：0
page_mkclean : 1 : 3 : 2688.189997983835 : 0 : 1 : 56 : 0 : 0 : 3 : 2 : 1.0 ：0
try_to_unmap_flush_dirty : 1 : 2 : 421.9441843257201 : 0 : 1 : 2 : 0 : 0 : 1 : 1 : 1.0 ：0
mm_find_pmd : 0 : 11 : 7257.6 : 0 : 1 : 10 : 0 : 0 : 9 : 1 : 0.8 ：0
set_tlb_ubc_flush_pending : 2 : 3 : 4573.233979190866 : 0 : 3 : 2 : 3 : 0 : 1 : 1 : 1.0 ：0
invalid_page_referenced_vma : 2 : 2 : 972.4991260643644 : 0 : 2 : 1 : 1 : 0 : 4 : 1 : 1.0 ：0
page_address_in_vma : 2 : 11 : 7307.7440625105955 : 0 : 1 : 3 : 0 : 0 : 2 : 2 : 0.8 ：0
should_defer_flush : 2 : 3 : 1623.7139950371363 : 0 : 3 : 4 : 3 : 0 : 3 : 1 : 1.0 ：0
unlink_anon_vmas : 1 : 4 : 18506.607285894897 : 0 : 3 : 14 : 3 : 0 : 3 : 3 : 0.6 ：0
flush_tlb_batched_pending : 1 : 2 : 1503.8237709437979 : 0 : 1 : 3 : 0 : 0 : 0 : 2 : 1.0 ：0
anon_vma_clone : 2 : 12 : 19277.878777261853 : 0 : 2 : 28 : 1 : 0 : 3 : 3 : 0.6 ：0
page_get_anon_vma : 0 : 10 : 9130.555555555555 : 0 : 1 : 6 : 0 : 0 : 6 : 2 : 0.6 ：0
anon_vma_ctor : 1 : 1 : 829.6202433755321 : 0 : 2 : 2 : 1 : 0 : 1 : 1 : 1.0 ：0
page_lock_anon_vma_read : 0 : 12 : 19484.548445858614 : 0 : 2 : 11 : 3 : 0 : 9 : 3 : 0.3999999999999999 ：0
try_to_unmap_flush : 1 : 2 : 1056.5754251619683 : 0 : 2 : 1 : 1 : 0 : 1 : 1 : 1.0 ：0
anon_vma_alloc : 0 : 3 : 3966.3167259995175 : 0 : 2 : 2 : 1 : 0 : 2 : 2 : 1.0 ：0
anon_vma_chain_link : 3 : 1 : 1020.0 : 0 : 3 : 2 : 3 : 0 : 0 : 1 : 1.0 ：0
__anon_vma_prepare : 1 : 10 : 13755.688025380445 : 0 : 0 : 0 : 0 : 0 : 4 : 2 : 0.6 ：0
lock_anon_vma_root : 0 : 3 : 1646.2863905694248 : 0 : 4 : 3 : 6 : 0 : 2 : 2 : 0.8 ：0
anon_vma_init : 1 : 1 : 614.3787014886037 : 0 : 1 : 5 : 0 : 0 : 0 : 1 : 1.0 ：0
anon_vma_fork : 2 : 9 : 25376.554419218195 : 0 : 1 : 56 : 0 : 0 : 6 : 1 : 0.3999999999999999 ：0
anon_vma_free : 1 : 2 : 6031.831533877498 : 0 : 0 : 0 : 0 : 0 : 0 : 2 : 0.8 ：0
