ovl_fadvise : 4 : 2 : 2590.143907366811 : 539 : 1 : 29 : 0 : 0 : 5 : 1 : 1.0 ：0
ovl_copyfile : 7 : 6 : 13217.442805981627 : 482 : 2 : 33 : 2 : 0 : 6 : 2 : 1.0 ：0
ovl_real_ioctl : 3 : 2 : 2539.3158832274084 : 586 : 5 : 29 : 9 : 0 : 5 : 1 : 0.8 ：0
ovl_ioctl_set_fsxflags : 3 : 2 : 1567.6113322922088 : 258 : 3 : 46 : 2 : 0 : 1 : 1 : 1.0 ：0
ovl_fsxflags_to_iflags : 1 : 5 : 1073.482378127129 : 258 : 4 : 0 : 3 : 0 : 1 : 1 : 0.8 ：0
ovl_ioctl : 3 : 5 : 2449.4513642313023 : 258 : 2 : 123 : 1 : 0 : 2 : 2 : 1.0 ：0
ovl_fsync : 4 : 4 : 4972.431702490649 : 586 : 1 : 29 : 0 : 0 : 5 : 2 : 1.0 ：0
ovl_remap_file_range : 6 : 6 : 4614.37343355289 : 482 : 1 : 36 : 0 : 0 : 1 : 1 : 1.0 ：0
ovl_ioctl_set_fsflags : 3 : 2 : 948.7405633202123 : 258 : 3 : 45 : 2 : 0 : 0 : 1 : 1.0 ：0
ovl_fsflags_to_iflags : 1 : 5 : 1073.482378127129 : 258 : 4 : 0 : 3 : 0 : 1 : 1 : 0.8 ：0
ovl_splice_write : 5 : 2 : 2785.691153355036 : 31 : 1 : 34 : 0 : 0 : 5 : 1 : 1.0 ：0
ovl_fallocate : 4 : 2 : 4398.129239611552 : 586 : 1 : 31 : 0 : 0 : 6 : 1 : 1.0 ：0
ovl_ioctl_set_flags : 4 : 8 : 7118.202044986182 : 258 : 4 : 42 : 6 : 0 : 6 : 1 : 0.3999999999999999 ：0
ovl_mmap : 2 : 4 : 6940.703873988152 : 586 : 1 : 12 : 0 : 0 : 4 : 2 : 1.0 ：0
ovl_aio_request_cache_init : 1 : 2 : 741.456438710153 : 31 : 1 : 1 : 0 : 0 : 0 : 1 : 1.0 ：0
ovl_compat_ioctl : 3 : 3 : 993.8161892963119 : 586 : 1 : 124 : 0 : 0 : 0 : 2 : 1.0 ：0
ovl_splice_read : 5 : 2 : 2785.691153355036 : 31 : 1 : 34 : 0 : 0 : 5 : 1 : 1.0 ：0
ovl_write_iter : 2 : 10 : 22070.673384400292 : 586 : 1 : 58 : 0 : 0 : 10 : 2 : 0.3999999999999999 ：1
ovl_read_iter : 2 : 7 : 12151.444960818162 : 586 : 1 : 56 : 0 : 0 : 8 : 2 : 0.8 ：0
ovl_file_accessed : 1 : 5 : 4896.739950770195 : 31 : 2 : 4 : 4 : 0 : 0 : 2 : 1.0 ：0
ovl_aio_rw_complete : 3 : 1 : 1485.17165442493 : 31 : 2 : 8 : 2 : 0 : 1 : 1 : 1.0 ：0
ovl_aio_cleanup_handler : 1 : 2 : 3370.208819042489 : 31 : 3 : 6 : 5 : 0 : 3 : 2 : 1.0 ：1
ovl_iocb_to_rwf : 1 : 5 : 1450.870927801733 : 586 : 2 : 0 : 2 : 0 : 3 : 1 : 0.8 ：0
ovl_open : 2 : 3 : 3801.146893102468 : 294 : 1 : 16 : 0 : 0 : 3 : 1 : 1.0 ：0
ovl_llseek : 3 : 7 : 13692.941143433365 : 586 : 1 : 32 : 0 : 0 : 6 : 2 : 0.6 ：0
ovl_change_flags : 2 : 9 : 8364.153495644385 : 586 : 8 : 5 : 23 : 0 : 3 : 2 : 0.3999999999999999 ：0
ovl_real_fdget_meta : 3 : 4 : 8534.339711696313 : 584 : 7 : 22 : 22 : 0 : 2 : 2 : 0.8 ：0
ovl_open_realfile : 0 : 1 : 6944.218559630374 : 586 : 8 : 10 : 24 : 0 : 5 : 1 : 0.8 ：0
ovl_whatisit : 2 : 3 : 470.3999999999999 : 584 : 9 : 2 : 25 : 0 : 0 : 1 : 0.8 ：0
