bloom_map_mem_usage : 1 : 1 : 2424.092931062406 : 383 : 1 : 3 : 0 : 0 : 2 : 1 : 1.0 ：0
bloom_map_alloc : 0 : 15 : 37959.357477126214 : 874 : 1 : 10 : 0 : 0 : 2 : 2 : 0.6 ：0
bloom_map_free : 1 : 1 : 558.4120552351153 : 874 : 1 : 2 : 0 : 0 : 0 : 1 : 1.0 ：0
bloom_map_peek_elem : 2 : 3 : 3129.5624937032358 : 874 : 1 : 6 : 0 : 0 : 0 : 2 : 1.0 ：0
bloom_map_push_elem : 3 : 3 : 3227.3050250520214 : 874 : 1 : 6 : 0 : 0 : 0 : 2 : 1.0 ：0
