ath9k_htc_rx_msg : 4 : 23 : 50154.20220707269 : 0 : 1 : 16 : 0 : 0 : 9 : 4 : 0.3999999999999999 ：0
ath9k_htc_hw_alloc : 0 : 2 : 6406.073098261168 : 0 : 1 : 3 : 0 : 0 : 4 : 1 : 1.0 ：0
htc_connect_service : 3 : 8 : 26789.75905573901 : 0 : 1 : 14 : 0 : 0 : 6 : 2 : 0.3999999999999999 ：1
ath9k_htc_hw_init : 5 : 2 : 611.6879383315048 : 0 : 1 : 2 : 0 : 0 : 0 : 2 : 1.0 ：0
ath9k_htc_fw_panic_report : 3 : 4 : 8912.77376166741 : 0 : 2 : 1 : 1 : 0 : 3 : 2 : 1.0 ：0
htc_send : 2 : 1 : 848.6695168142456 : 0 : 1 : 5 : 0 : 0 : 1 : 1 : 1.0 ：0
htc_init : 1 : 2 : 475.77082090385466 : 0 : 1 : 24 : 0 : 0 : 2 : 1 : 1.0 ：0
htc_setup_complete : 1 : 5 : 8622.874224906414 : 0 : 2 : 11 : 1 : 0 : 4 : 2 : 0.8 ：1
htc_process_target_rdy : 2 : 1 : 2727.0678321231658 : 0 : 2 : 3 : 1 : 0 : 2 : 1 : 1.0 ：0
ath9k_htc_txcompletion_cb : 3 : 9 : 13403.918208640447 : 0 : 1 : 4 : 0 : 0 : 5 : 3 : 0.8 ：0
htc_config_pipe_credits : 1 : 5 : 9441.846701800247 : 0 : 2 : 11 : 1 : 0 : 4 : 2 : 0.8 ：1
service_to_ulpipe : 1 : 10 : 637.4364019581548 : 0 : 2 : 0 : 1 : 0 : 0 : 2 : 1.0 ：0
get_next_avail_ep : 0 : 3 : 1343.497900948933 : 0 : 2 : 0 : 1 : 0 : 2 : 1 : 1.0 ：0
htc_process_conn_rsp : 2 : 7 : 19701.811077666356 : 0 : 2 : 2 : 1 : 0 : 3 : 4 : 0.8 ：0
htc_issue_send : 5 : 1 : 4811.132206342216 : 0 : 3 : 3 : 7 : 0 : 4 : 1 : 0.8 ：0
service_to_dlpipe : 1 : 10 : 637.4364019581548 : 0 : 2 : 0 : 1 : 0 : 0 : 2 : 1.0 ：0
ath9k_wmi_connect : 3 : 2 : 4114.333953601738 : 0 : 1 : 15 : 0 : 0 : 3 : 1 : 1.0 ：0
ath9k_fatal_work : 1 : 1 : 1456.184297537562 : 0 : 1 : 4 : 0 : 0 : 1 : 1 : 1.0 ：0
ath9k_wmi_ctrl_rx : 3 : 7 : 9744.358799141422 : 0 : 2 : 10 : 1 : 0 : 5 : 2 : 0.6 ：0
ath9k_wmi_cmd : 7 : 13 : 19902.655427805857 : 0 : 1 : 17 : 0 : 0 : 7 : 2 : 0.3999999999999999 ：1
ath9k_wmi_rsp_callback : 2 : 3 : 1273.835046825655 : 0 : 3 : 3 : 2 : 0 : 0 : 1 : 1.0 ：0
ath9k_wmi_cmd_issue : 4 : 1 : 3772.3295153463214 : 0 : 2 : 5 : 1 : 0 : 1 : 1 : 0.8 ：0
ath9k_wmi_event_tasklet : 1 : 10 : 17103.354079081466 : 0 : 2 : 12 : 1 : 0 : 7 : 4 : 0.3999999999999999 ：0
ath9k_wmi_event_drain : 1 : 1 : 1196.8535769127302 : 0 : 1 : 3 : 0 : 0 : 0 : 1 : 0.8 ：0
ath9k_stop_wmi : 1 : 1 : 868.0 : 0 : 1 : 2 : 0 : 0 : 1 : 1 : 0.8 ：0
ath9k_init_wmi : 0 : 2 : 4389.615642213093 : 0 : 1 : 20 : 0 : 0 : 3 : 1 : 0.8 ：0
wmi_cmd_to_name : 0 : 33 : 8224.012761281228 : 0 : 2 : 0 : 1 : 0 : 0 : 2 : 0.8 ：0
