isotp_recvmsg : 4 : 5 : 9523.237717946 : 252 : 1 : 5 : 0 : 0 : 7 : 2 : 0.6 ：0
isotp_setsockopt : 5 : 2 : 1697.9099193863838 : 36 : 1 : 7 : 0 : 0 : 3 : 1 : 1.0 ：0
isotp_notify : 3 : 9 : 9610.511683177197 : 1 : 2 : 97 : 1 : 0 : 1 : 2 : 0.8 ：0
isotp_getsockopt : 5 : 11 : 14894.220431993457 : 252 : 1 : 5 : 0 : 0 : 4 : 2 : 0.8 ：0
isotp_tx_timer_handler : 1 : 14 : 57488.49491860283 : 252 : 2 : 22 : 1 : 0 : 9 : 3 : 0.6 ：0
isotp_setsockopt_locked : 5 : 27 : 32921.077889417305 : 36 : 2 : 4 : 1 : 0 : 5 : 3 : 0.6 ：0
isotp_bind : 3 : 33 : 59781.852200825895 : 252 : 1 : 99 : 0 : 0 : 16 : 4 : 0.6 ：0
isotp_init : 1 : 3 : 15027.518512392042 : 252 : 1 : 32 : 0 : 0 : 1 : 1 : 0.8 ：0
isotp_release : 1 : 8 : 15257.777727009121 : 252 : 1 : 105 : 0 : 0 : 4 : 4 : 0.3999999999999999 ：1
isotp_fill_dataframe : 4 : 8 : 21910.727718817878 : 252 : 3 : 3 : 3 : 0 : 4 : 3 : 0.8 ：0
isotp_create_fframe : 3 : 4 : 34661.5675035132 : 252 : 2 : 0 : 1 : 0 : 2 : 2 : 1.0 ：0
isotp_getname : 3 : 2 : 3842.1159302385454 : 252 : 1 : 2 : 0 : 0 : 4 : 1 : 1.0 ：0
isotp_rcv : 2 : 20 : 49515.645150663724 : 252 : 3 : 88 : 4 : 0 : 4 : 4 : 0.6 ：0
isotp_sendmsg : 3 : 27 : 98060.88896176929 : 252 : 1 : 21 : 0 : 0 : 13 : 2 : 0.6 ：0
isotp_module_init : 1 : 2 : 857.8913276899623 : 252 : 1 : 4 : 0 : 0 : 2 : 1 : 1.0 ：0
isotp_notifier : 3 : 6 : 4498.223582951644 : 1 : 1 : 103 : 0 : 0 : 5 : 2 : 0.8 ：0
isotp_rcv_ff : 3 : 10 : 54480.1681336786 : 252 : 4 : 20 : 5 : 0 : 4 : 2 : 0.6 ：0
isotp_rcv_cf : 4 : 22 : 77761.0195829351 : 252 : 4 : 37 : 5 : 0 : 3 : 3 : 0.3999999999999999 ：0
isotp_rcv_sf : 5 : 7 : 12809.06124394595 : 252 : 4 : 16 : 5 : 0 : 2 : 2 : 0.8 ：0
isotp_rcv_fc : 3 : 22 : 59770.847409646114 : 252 : 4 : 10 : 5 : 0 : 1 : 2 : 0.6 ：0
check_pad : 4 : 8 : 11685.90142218924 : 252 : 5 : 3 : 18 : 0 : 1 : 2 : 0.6 ：0
isotp_rcv_skb : 2 : 2 : 3031.240782629211 : 252 : 5 : 4 : 12 : 0 : 1 : 1 : 0.8 ：0
check_optimized : 2 : 4 : 13613.257813119597 : 252 : 6 : 1 : 19 : 0 : 0 : 1 : 0.8 ：0
isotp_rx_timer_handler : 1 : 3 : 4079.6623001306157 : 252 : 2 : 2 : 1 : 0 : 2 : 2 : 1.0 ：0
isotp_send_fc : 3 : 7 : 35509.84039328805 : 252 : 5 : 16 : 12 : 0 : 5 : 2 : 0.19999999999999996 ：0
