subflow_get_info_size : 1 : 1 : 5257.382781009127 : 0 : 2 : 2 : 1 : 0 : 2 : 1 : 1.0 ：0
subflow_get_info : 2 : 24 : 17796.199237563942 : 0 : 2 : 11 : 1 : 0 : 7 : 2 : 0.3999999999999999 ：1
