lowpan_control_write : 4 : 12 : 24028.884382097596 : 2225 : 1 : 33 : 0 : 0 : 13 : 4 : 0.6 ：1
bt_6lowpan_init : 1 : 1 : 709.3592637787698 : 2225 : 1 : 3 : 0 : 0 : 0 : 1 : 1.0 ：0
device_event : 3 : 4 : 3481.276053098999 : 1876 : 1 : 6 : 0 : 0 : 4 : 4 : 0.8 ：0
disconnect_all_peers : 1 : 2 : 9661.111111111111 : 2225 : 3 : 12 : 2 : 0 : 2 : 3 : 0.8 ：0
get_l2cap_conn : 4 : 4 : 12295.19277475913 : 2225 : 2 : 6 : 1 : 0 : 3 : 1 : 0.8 ：0
bt_6lowpan_disconnect : 2 : 2 : 2428.744852008903 : 2225 : 2 : 6 : 1 : 0 : 1 : 1 : 1.0 ：0
do_enable_set : 1 : 5 : 3488.7992134776564 : 2029 : 2 : 27 : 1 : 0 : 0 : 2 : 1.0 ：1
chan_resume_cb : 1 : 3 : 1265.792513290125 : 2225 : 1 : 6 : 0 : 0 : 1 : 1 : 1.0 ：0
lowpan_control_show : 2 : 1 : 1961.8617389132023 : 2225 : 2 : 4 : 1 : 0 : 2 : 2 : 0.8 ：0
bt_6lowpan_connect : 2 : 3 : 2763.280389698397 : 2225 : 2 : 7 : 1 : 0 : 3 : 1 : 1.0 ：0
lowpan_enable_set : 2 : 2 : 1749.6216902751933 : 2029 : 1 : 31 : 0 : 0 : 1 : 1 : 1.0 ：0
chan_suspend_cb : 1 : 3 : 1265.792513290125 : 2225 : 1 : 6 : 0 : 0 : 1 : 1 : 1.0 ：0
bt_6lowpan_exit : 1 : 2 : 608.6603758152778 : 2225 : 1 : 19 : 0 : 0 : 0 : 2 : 1.0 ：0
disconnect_devices : 1 : 2 : 8446.521156681963 : 2225 : 2 : 14 : 1 : 0 : 1 : 2 : 0.8 ：0
bt_6lowpan_listen : 0 : 4 : 5149.985241083153 : 2225 : 3 : 9 : 2 : 0 : 7 : 2 : 1.0 ：0
bdaddr_type : 1 : 2 : 202.99555025231132 : 2225 : 1 : 0 : 0 : 0 : 2 : 1 : 1.0 ：0
chan_alloc_skb_cb : 0 : 1 : 1019.1490794437575 : 2225 : 1 : 1 : 0 : 0 : 0 : 1 : 1.0 ：0
chan_close_cb : 1 : 10 : 16319.504969099205 : 2225 : 1 : 29 : 0 : 0 : 5 : 3 : 0.3999999999999999 ：0
delete_netdev : 1 : 1 : 1172.1721547114348 : 2428 : 0 : 5 : 2 : 0 : 0 : 1 : 1.0 ：0
chan_ready_cb : 1 : 4 : 4226.086956521739 : 2225 : 1 : 50 : 0 : 0 : 2 : 3 : 1.0 ：0
chan_new_conn_cb : 0 : 2 : 1672.5861727214094 : 2225 : 1 : 4 : 0 : 0 : 3 : 1 : 1.0 ：0
chan_create : 0 : 2 : 1289.412799445984 : 1763 : 4 : 2 : 6 : 0 : 3 : 1 : 0.8 ：0
setup_netdev : 2 : 4 : 14409.419131939843 : 2225 : 2 : 18 : 1 : 0 : 4 : 2 : 0.8 ：0
is_bt_6lowpan : 1 : 3 : 471.7570394197286 : 2428 : 2 : 0 : 2 : 0 : 3 : 1 : 1.0 ：0
do_notify_peers : 1 : 1 : 1031.61656266226 : 2428 : 3 : 4 : 2 : 0 : 0 : 1 : 1.0 ：0
add_peer_chan : 0 : 3 : 6359.150689890632 : 2225 : 2 : 18 : 1 : 0 : 2 : 1 : 0.8 ：0
netdev_setup : 1 : 1 : 967.1620677929592 : 1700 : 3 : 0 : 2 : 0 : 0 : 1 : 1.0 ：0
send_mcast_pkt : 2 : 3 : 7490.0324908346465 : 2428 : 2 : 12 : 1 : 0 : 7 : 3 : 0.8 ：0
send_pkt : 3 : 4 : 8797.750810284135 : 2428 : 3 : 3 : 3 : 0 : 4 : 2 : 1.0 ：0
bt_xmit : 2 : 6 : 15576.002411314304 : 2157 : 1 : 46 : 0 : 0 : 5 : 3 : 0.8 ：0
header_create : 6 : 2 : 226.65193273614193 : 2428 : 1 : 0 : 0 : 0 : 0 : 1 : 1.0 ：0
setup_header : 4 : 4 : 13712.26203781069 : 2137 : 2 : 23 : 1 : 0 : 7 : 3 : 1.0 ：0
recv_pkt : 3 : 22 : 35599.384906403524 : 2428 : 2 : 20 : 1 : 0 : 13 : 3 : 0.3999999999999999 ：0
iphc_decompress : 3 : 1 : 670.9601507484143 : 1211 : 3 : 1 : 2 : 0 : 1 : 1 : 1.0 ：0
chan_recv_cb : 2 : 5 : 3834.5479442394408 : 2225 : 1 : 30 : 0 : 0 : 4 : 2 : 1.0 ：0
give_skb_to_upper : 2 : 2 : 677.1958202342314 : 2428 : 3 : 2 : 2 : 0 : 2 : 1 : 1.0 ：0
lookup_peer : 0 : 2 : 1260.864687698318 : 2225 : 3 : 3 : 4 : 0 : 3 : 2 : 0.8 ：0
lookup_dev : 0 : 2 : 1755.3776397348458 : 1211 : 2 : 3 : 4 : 0 : 3 : 3 : 0.8 ：0
__peer_lookup_chan : 0 : 2 : 961.8254523894786 : 1211 : 0 : 0 : 0 : 0 : 3 : 2 : 1.0 ：0
peer_lookup_ba : 0 : 3 : 5142.814436963143 : 1211 : 1 : 6 : 0 : 0 : 3 : 3 : 0.8 ：0
peer_lookup_dst : 0 : 7 : 22788.643389207402 : 2137 : 3 : 13 : 2 : 0 : 8 : 4 : 0.3999999999999999 ：0
peer_del : 2 : 2 : 827.2463927139263 : 2428 : 2 : 5 : 1 : 0 : 2 : 2 : 1.0 ：0
__peer_lookup_conn : 0 : 2 : 1008.0368485277255 : 2108 : 0 : 0 : 0 : 0 : 3 : 2 : 1.0 ：0
