strset_fill_reply : 3 : 6 : 8307.675956629617 : 0 : 1 : 18 : 0 : 0 : 6 : 3 : 1.0 ：0
strset_parse_request : 3 : 6 : 10565.434876466317 : 0 : 1 : 11 : 0 : 0 : 6 : 3 : 0.8 ：1
strset_fill_set : 4 : 14 : 11548.98105511624 : 0 : 2 : 10 : 1 : 0 : 5 : 3 : 0.8 ：0
strset_get_id : 3 : 3 : 3277.5178447127346 : 0 : 2 : 3 : 1 : 0 : 2 : 1 : 1.0 ：0
strset_fill_string : 3 : 5 : 3855.5110677369667 : 0 : 3 : 5 : 2 : 0 : 3 : 1 : 1.0 ：0
strset_prepare_set : 4 : 17 : 14460.365334208303 : 0 : 2 : 1 : 1 : 0 : 3 : 2 : 0.8 ：0
strset_cleanup_data : 1 : 3 : 4102.160537928722 : 0 : 2 : 2 : 1 : 0 : 1 : 2 : 0.8 ：0
strset_reply_size : 2 : 4 : 8060.305924183624 : 0 : 1 : 8 : 0 : 0 : 7 : 2 : 1.0 ：0
strset_prepare_data : 3 : 13 : 19458.8702399997 : 0 : 1 : 15 : 0 : 0 : 7 : 4 : 0.8 ：0
strset_set_size : 2 : 4 : 9856.86737285028 : 0 : 2 : 2 : 1 : 0 : 1 : 2 : 1.0 ：0
strset_include : 3 : 4 : 3352.0068866380243 : 0 : 2 : 1 : 3 : 0 : 2 : 1 : 1.0 ：0
