jffs2_kill_sb : 1 : 3 : 612.0 : 5682 : 1 : 5 : 0 : 0 : 1 : 0 : 1.0 ：0
exit_jffs2_fs : 1 : 1 : 613.3804877790874 : 5682 : 1 : 5 : 0 : 0 : 0 : 0 : 1.0 ：0
jffs2_show_options : 2 : 3 : 2524.9356222175556 : 3306 : 1 : 4 : 0 : 0 : 2 : 0 : 1.0 ：0
jffs2_get_parent : 0 : 1 : 1983.3333333333333 : 4397 : 1 : 7 : 0 : 0 : 2 : 0 : 1.0 ：0
jffs2_nfs_get_inode : 0 : 2 : 1324.7764956873807 : 4397 : 2 : 1 : 2 : 0 : 0 : 0 : 1.0 ：0
jffs2_reconfigure : 1 : 1 : 544.9950455000452 : 428 : 1 : 2 : 0 : 0 : 1 : 0 : 1.0 ：0
jffs2_fill_super : 2 : 2 : 6334.422398929037 : 4928 : 2 : 5 : 1 : 0 : 1 : 0 : 0.8 ：1
jffs2_parse_param : 2 : 6 : 8556.412376016497 : 428 : 1 : 2 : 0 : 0 : 4 : 1 : 0.8 ：1
jffs2_sync_fs : 2 : 2 : 1083.566444280769 : 5682 : 1 : 6 : 0 : 0 : 1 : 0 : 0.8 ：0
jffs2_i_init_once : 1 : 1 : 376.0382198273199 : 5682 : 2 : 2 : 1 : 0 : 1 : 0 : 1.0 ：0
jffs2_init_fs_context : 1 : 2 : 1123.7767678965988 : 428 : 1 : 1 : 0 : 0 : 1 : 0 : 1.0 ：0
jffs2_free_inode : 1 : 1 : 499.5787917083748 : 554 : 1 : 3 : 0 : 0 : 1 : 0 : 1.0 ：0
init_jffs2_fs : 1 : 9 : 17034.172269660277 : 5682 : 1 : 13 : 0 : 0 : 5 : 1 : 0.6 ：0
jffs2_put_super : 1 : 1 : 3300.2186877914055 : 3146 : 1 : 13 : 0 : 0 : 1 : 0 : 0.8 ：0
jffs2_compr_name : 0 : 4 : 1030.9960575568468 : 3306 : 2 : 1 : 1 : 0 : 0 : 1 : 1.0 ：0
jffs2_alloc_inode : 0 : 2 : 630.4926602180776 : 5682 : 1 : 1 : 0 : 0 : 2 : 0 : 1.0 ：0
