ping_get_first : 0 : 6 : 7005.815624616312 : 4167 : 4 : 5 : 6 : 0 : 7 : 3 : 0.8 ：0
ping_get_idx : 0 : 4 : 1416.5223688461504 : 4167 : 2 : 17 : 1 : 0 : 1 : 1 : 1.0 ：0
ping_v4_format_sock : 3 : 1 : 5718.005026574898 : 3414 : 2 : 11 : 1 : 0 : 5 : 1 : 1.0 ：0
__ping_queue_rcv_skb : 2 : 2 : 2630.584613349921 : 182 : 0 : 0 : 0 : 0 : 3 : 2 : 1.0 ：0
ping_get_next : 0 : 5 : 2644.045207131682 : 4167 : 3 : 10 : 3 : 0 : 3 : 2 : 1.0 ：0
ping_v4_proc_init_net : 1 : 2 : 488.71033072957096 : 3414 : 1 : 1 : 0 : 0 : 0 : 1 : 1.0 ：0
ping_v4_push_pending_frames : 3 : 2 : 3583.303577606264 : 3424 : 2 : 6 : 1 : 0 : 1 : 1 : 1.0 ：0
ping_common_sendmsg : 5 : 10 : 11352.068636373046 : 3424 : 2 : 3 : 1 : 0 : 0 : 2 : 0.8 ：0
ping_err : 3 : 31 : 78131.25198571486 : 3424 : 1 : 31 : 0 : 0 : 11 : 5 : 0.6 ：0
ping_v4_sendmsg : 3 : 42 : 112831.60785443771 : 3424 : 1 : 45 : 0 : 0 : 22 : 3 : 0.3999999999999999 ：0
ping_recvmsg : 5 : 23 : 40890.904682844724 : 3424 : 1 : 18 : 0 : 2 : 7 : 3 : 0.6 ：0
ping_v4_seq_show : 2 : 2 : 2068.3644476746817 : 2412 : 1 : 15 : 0 : 0 : 1 : 2 : 1.0 ：0
ping_init : 1 : 2 : 1329.6742743502975 : 3424 : 1 : 2 : 0 : 0 : 1 : 1 : 1.0 ：0
ping_rcv : 1 : 4 : 11014.109492427771 : 3424 : 1 : 23 : 0 : 0 : 6 : 2 : 1.0 ：0
ping_seq_next : 0 : 2 : 1139.2132619611125 : 2412 : 1 : 29 : 0 : 0 : 2 : 1 : 1.0 ：0
ping_getfrag : 6 : 9 : 11775.205579164083 : 3424 : 2 : 2 : 1 : 0 : 1 : 2 : 0.8 ：1
ping_supported : 3 : 12 : 1672.1438896024115 : 4167 : 3 : 0 : 3 : 0 : 0 : 1 : 1.0 ：0
ping_bind : 3 : 14 : 20583.131681945542 : 3424 : 1 : 41 : 0 : 0 : 7 : 2 : 0.3999999999999999 ：0
ping_set_saddr : 2 : 5 : 3760.7143186460203 : 3424 : 2 : 2 : 1 : 2 : 2 : 2 : 1.0 ：0
ping_check_bind_addr : 4 : 29 : 39320.42293099671 : 776 : 2 : 12 : 1 : 2 : 4 : 4 : 0.3999999999999999 ：0
ping_pre_connect : 3 : 2 : 1612.2829493355607 : 30 : 1 : 1 : 0 : 0 : 0 : 1 : 1.0 ：0
ping_init_sock : 1 : 8 : 10715.613182545952 : 3424 : 1 : 8 : 0 : 0 : 8 : 2 : 1.0 ：0
ping_lookup : 0 : 20 : 35180.326116398595 : 3424 : 2 : 16 : 2 : 0 : 7 : 3 : 0.6 ：0
ping_close : 2 : 1 : 1470.4592065155998 : 3424 : 1 : 4 : 0 : 0 : 0 : 1 : 1.0 ：0
ping_unhash : 1 : 2 : 3573.312905009629 : 276 : 1 : 9 : 0 : 0 : 1 : 2 : 0.8 ：0
inet_get_ping_group_range_net : 3 : 3 : 3281.160264063486 : 4163 : 2 : 2 : 1 : 0 : 1 : 2 : 1.0 ：0
ping_get_port : 2 : 14 : 27481.05414119898 : 3424 : 2 : 15 : 1 : 0 : 8 : 4 : 0.3999999999999999 ：0
ping_hash : 1 : 2 : 1048.3011621064759 : 3424 : 1 : 3 : 0 : 0 : 0 : 1 : 1.0 ：0
ping_hashfn : 3 : 1 : 764.6269524198453 : 4167 : 4 : 2 : 6 : 0 : 2 : 1 : 0.8 ：0
