stv06xx_start : 1 : 8 : 16944.923076923078 : 3144 : 1 : 9 : 0 : 0 : 5 : 1 : 0.8 ：0
stv06xx_read_sensor : 3 : 4 : 22854.82824266703 : 3144 : 1 : 10 : 0 : 0 : 6 : 1 : 1.0 ：0
stv06xx_write_sensor_words : 3 : 5 : 24334.18625705081 : 3144 : 2 : 7 : 1 : 0 : 4 : 2 : 1.0 ：0
sd_disconnect : 1 : 1 : 1801.8521060829985 : 3144 : 1 : 4 : 0 : 0 : 3 : 0 : 1.0 ：0
stv06xx_stopN : 1 : 4 : 3741.8478260869565 : 3144 : 1 : 5 : 0 : 0 : 3 : 0 : 1.0 ：0
stv06xx_config : 2 : 7 : 9584.779992915639 : 3144 : 1 : 11 : 0 : 0 : 1 : 0 : 0.8 ：0
stv06xx_isoc_nego : 1 : 4 : 11043.698225650367 : 3144 : 1 : 4 : 0 : 0 : 3 : 0 : 1.0 ：0
stv06xx_write_sensor : 3 : 2 : 2455.0519723275715 : 3144 : 1 : 16 : 0 : 0 : 0 : 2 : 1.0 ：0
stv06xx_isoc_init : 1 : 3 : 5287.3194905286655 : 379 : 1 : 1 : 0 : 0 : 3 : 0 : 1.0 ：0
stv06xx_init_controls : 1 : 1 : 1289.412799445984 : 3144 : 1 : 1 : 0 : 0 : 1 : 0 : 1.0 ：0
stv06xx_dump_bridge : 1 : 7 : 15030.417374211987 : 3144 : 2 : 9 : 1 : 0 : 1 : 1 : 1.0 ：0
sd_int_pkt_scan : 3 : 7 : 5971.803114289335 : 3144 : 1 : 2 : 0 : 0 : 2 : 1 : 1.0 ：1
stv06xx_init : 1 : 4 : 3253.2626507907603 : 3144 : 1 : 2 : 0 : 0 : 2 : 0 : 1.0 ：0
stv06xx_pkt_scan : 3 : 24 : 73037.84849404213 : 3144 : 1 : 3 : 0 : 0 : 2 : 3 : 0.6 ：0
stv06xx_write_sensor_finish : 1 : 2 : 3903.704956083678 : 3144 : 3 : 2 : 4 : 0 : 3 : 1 : 1.0 ：0
stv06xx_write_sensor_bytes : 3 : 5 : 21038.285201949348 : 3144 : 2 : 7 : 1 : 0 : 4 : 2 : 1.0 ：0
stv06xx_read_bridge : 3 : 1 : 5362.736732364488 : 3144 : 3 : 3 : 2 : 0 : 4 : 0 : 1.0 ：0
stv06xx_write_bridge : 3 : 1 : 6820.064692964839 : 3144 : 3 : 3 : 5 : 0 : 5 : 0 : 1.0 ：0
