ati_remote_rc_init : 1 : 1 : 3130.4347826086955 : 0 : 2 : 12 : 1 : 0 : 1 : 1 : 1.0 ：0
ati_remote_disconnect : 1 : 3 : 3246.0676158071647 : 0 : 1 : 10 : 0 : 0 : 1 : 2 : 1.0 ：0
ati_remote_probe : 2 : 24 : 78284.94743936679 : 0 : 1 : 99 : 0 : 0 : 14 : 3 : 0.3999999999999999 ：1
ati_remote_input_init : 1 : 4 : 12580.650924101148 : 0 : 2 : 17 : 1 : 0 : 2 : 1 : 1.0 ：0
ati_remote_initialize : 1 : 3 : 17595.795134945212 : 0 : 2 : 41 : 1 : 0 : 1 : 2 : 1.0 ：0
ati_remote_input_report : 1 : 30 : 150495.91144393216 : 0 : 4 : 17 : 3 : 3 : 6 : 5 : 0.6 ：0
ati_remote_free_buffers : 1 : 1 : 1459.4737505048092 : 0 : 2 : 2 : 2 : 0 : 0 : 1 : 0.8 ：0
ati_remote_close : 1 : 2 : 687.5555555555555 : 0 : 4 : 3 : 6 : 0 : 0 : 1 : 0.6 ：0
ati_remote_irq_in : 1 : 6 : 7395.900365179993 : 0 : 3 : 21 : 2 : 0 : 2 : 2 : 1.0 ：0
ati_remote_alloc_buffers : 2 : 5 : 5297.274072477145 : 0 : 2 : 2 : 1 : 0 : 0 : 1 : 0.6 ：0
ati_remote_compute_accel : 1 : 4 : 6450.101830299457 : 0 : 5 : 4 : 4 : 0 : 1 : 2 : 1.0 ：0
ati_remote_sendpacket : 3 : 3 : 10827.051685140808 : 0 : 3 : 7 : 2 : 0 : 3 : 2 : 1.0 ：0
ati_remote_open : 1 : 4 : 4717.188914383495 : 0 : 4 : 4 : 6 : 0 : 3 : 2 : 0.6 ：0
ati_remote_dump : 3 : 6 : 4947.892666640292 : 0 : 5 : 1 : 4 : 0 : 0 : 2 : 1.0 ：0
get_medion_keymap : 0 : 10 : 9492.789979878047 : 0 : 1 : 3 : 0 : 0 : 5 : 3 : 0.8 ：0
ati_remote_irq_out : 1 : 2 : 1783.0226387231544 : 0 : 3 : 3 : 2 : 0 : 1 : 2 : 1.0 ：0
