sco_connect_cfm : 2 : 5 : 2763.280389698397 : 0 : 1 : 84 : 0 : 0 : 1 : 2 : 1.0 ：0
sco_init : 1 : 7 : 5221.982811131782 : 0 : 1 : 11 : 0 : 0 : 5 : 2 : 0.8 ：0
sco_sock_release : 1 : 5 : 4365.0 : 0 : 1 : 24 : 0 : 0 : 3 : 2 : 1.0 ：0
sco_exit : 1 : 1 : 355.60926718877954 : 0 : 1 : 5 : 0 : 0 : 0 : 1 : 1.0 ：0
sco_recv_scodata : 2 : 4 : 1939.5355617605996 : 0 : 1 : 8 : 0 : 0 : 2 : 2 : 1.0 ：0
sco_debugfs_show : 2 : 1 : 1835.8541513015432 : 0 : 1 : 5 : 0 : 0 : 1 : 2 : 0.8 ：0
sco_sock_getsockopt_old : 4 : 12 : 20355.626779478964 : 0 : 2 : 11 : 1 : 0 : 4 : 3 : 0.6 ：0
sco_connect_ind : 3 : 5 : 5511.476152027457 : 0 : 1 : 8 : 0 : 0 : 3 : 3 : 0.8 ：0
sco_sock_sendmsg : 3 : 4 : 4149.702386802461 : 0 : 1 : 12 : 0 : 0 : 4 : 1 : 1.0 ：1
sco_sock_recvmsg : 4 : 3 : 3538.4321553464356 : 0 : 1 : 13 : 0 : 0 : 2 : 2 : 1.0 ：0
sco_sock_shutdown : 2 : 6 : 5465.053774438825 : 0 : 1 : 10 : 0 : 0 : 3 : 2 : 1.0 ：0
sco_disconn_cfm : 2 : 3 : 1067.5162394371785 : 0 : 1 : 27 : 0 : 0 : 0 : 1 : 1.0 ：0
sco_conn_defer_accept : 2 : 5 : 13933.160891282456 : 0 : 2 : 6 : 1 : 0 : 3 : 3 : 1.0 ：0
sco_sock_getname : 3 : 2 : 3585.1899744041484 : 0 : 1 : 3 : 0 : 0 : 2 : 1 : 1.0 ：0
sco_sock_getsockopt : 5 : 17 : 21503.070047883804 : 0 : 1 : 23 : 0 : 0 : 5 : 3 : 0.6 ：0
sco_sock_setsockopt : 5 : 17 : 24177.090215582397 : 0 : 1 : 9 : 0 : 0 : 4 : 3 : 0.6 ：0
sco_conn_ready : 1 : 6 : 19001.241377228416 : 0 : 2 : 52 : 1 : 0 : 2 : 3 : 0.3999999999999999 ：0
sco_sock_bind : 3 : 8 : 6117.829221479903 : 0 : 1 : 5 : 0 : 0 : 6 : 2 : 1.0 ：0
sco_sock_connect : 4 : 8 : 7583.6206964555595 : 0 : 1 : 34 : 0 : 0 : 5 : 1 : 0.8 ：0
sco_sock_accept : 4 : 9 : 11890.839787437995 : 0 : 1 : 12 : 0 : 0 : 5 : 3 : 0.6 ：0
sco_sock_close : 1 : 1 : 389.186057096696 : 0 : 2 : 11 : 2 : 0 : 0 : 1 : 1.0 ：0
sco_sock_listen : 2 : 7 : 6488.62443331351 : 0 : 1 : 6 : 0 : 0 : 7 : 2 : 0.8 ：0
sco_sock_destruct : 1 : 1 : 518.0615605397529 : 0 : 4 : 2 : 4 : 0 : 0 : 1 : 1.0 ：0
sco_sock_create : 4 : 3 : 2465.217391304348 : 0 : 1 : 33 : 0 : 0 : 1 : 1 : 1.0 ：0
sco_sock_alloc : 0 : 2 : 3755.3090348197984 : 0 : 3 : 23 : 3 : 0 : 3 : 1 : 1.0 ：0
sco_sock_kill : 1 : 4 : 2047.1741407562145 : 0 : 5 : 5 : 13 : 0 : 0 : 1 : 0.8 ：0
__sco_sock_close : 1 : 8 : 6807.642148686927 : 0 : 0 : 0 : 0 : 0 : 0 : 3 : 0.8 ：0
sco_sock_init : 2 : 2 : 1970.7992112686375 : 0 : 3 : 7 : 3 : 0 : 0 : 2 : 1.0 ：0
sco_skb_put_cmsg : 3 : 2 : 874.0485972529101 : 0 : 4 : 3 : 4 : 0 : 0 : 1 : 1.0 ：0
sco_sock_cleanup_listen : 1 : 2 : 2053.5337142621647 : 0 : 0 : 0 : 0 : 0 : 1 : 2 : 1.0 ：0
sco_get_sock_listen : 0 : 4 : 4924.111696267168 : 0 : 3 : 5 : 2 : 0 : 1 : 2 : 0.8 ：0
sco_send_frame : 3 : 4 : 5662.5314929601545 : 0 : 2 : 7 : 1 : 0 : 5 : 2 : 1.0 ：1
sco_connect : 1 : 15 : 20369.288965852942 : 0 : 2 : 26 : 1 : 0 : 8 : 2 : 0.3999999999999999 ：1
sco_conn_add : 0 : 4 : 5636.299066030595 : 0 : 3 : 3 : 3 : 0 : 5 : 1 : 0.8 ：0
__sco_get_sock_listen_by_addr : 0 : 3 : 1345.017000523373 : 0 : 0 : 0 : 0 : 0 : 3 : 2 : 1.0 ：0
__sco_chan_add : 3 : 2 : 1173.555997976764 : 0 : 0 : 0 : 0 : 0 : 0 : 1 : 1.0 ：0
sco_recv_frame : 2 : 6 : 2951.2098847831517 : 0 : 2 : 5 : 1 : 0 : 3 : 1 : 0.8 ：1
sco_chan_add : 3 : 2 : 1052.8046991829706 : 0 : 3 : 2 : 2 : 0 : 2 : 1 : 0.8 ：0
sco_sock_timeout : 1 : 1 : 2171.7948666131642 : 0 : 4 : 11 : 4 : 0 : 1 : 1 : 0.8 ：0
sco_chan_del : 2 : 3 : 5248.970968559513 : 0 : 3 : 6 : 3 : 0 : 1 : 2 : 0.8 ：0
sco_conn_del : 2 : 3 : 5945.41375165866 : 0 : 2 : 24 : 2 : 0 : 2 : 2 : 0.8 ：0
