p9_trans_fd_init : 1 : 1 : 230.6287745758198 : 285 : 1 : 1 : 0 : 0 : 0 : 1 : 1.0 ：0
p9_conn_destroy : 1 : 3 : 5395.795331316423 : 572 : 2 : 19 : 1 : 0 : 0 : 2 : 1.0 ：0
p9_fd_open : 3 : 10 : 9234.712343388568 : 4693 : 2 : 4 : 1 : 0 : 4 : 1 : 0.6 ：0
p9_fd_create_unix : 3 : 6 : 12469.638811675275 : 5118 : 1 : 94 : 0 : 0 : 5 : 2 : 0.8 ：0
p9_socket_open : 2 : 3 : 5435.652958383645 : 3943 : 2 : 88 : 2 : 0 : 2 : 2 : 0.8 ：0
valid_ipaddr4 : 1 : 4 : 5423.935781059934 : 5273 : 2 : 1 : 1 : 0 : 0 : 2 : 1.0 ：0
p9_bind_privport : 1 : 3 : 3962.466043481027 : 3393 : 2 : 4 : 1 : 0 : 2 : 2 : 1.0 ：0
parse_opts : 2 : 12 : 16520.289810573566 : 4814 : 2 : 6 : 2 : 0 : 4 : 4 : 0.6 ：0
p9_fd_close : 1 : 5 : 2663.4732797263696 : 5371 : 1 : 22 : 0 : 0 : 1 : 1 : 0.8 ：0
p9_fd_cancelled : 2 : 4 : 5603.297534883788 : 3133 : 1 : 5 : 0 : 0 : 2 : 2 : 0.8 ：0
p9_poll_workfn : 1 : 2 : 3569.6739130434776 : 1626 : 1 : 23 : 0 : 0 : 0 : 2 : 0.8 ：0
p9_trans_fd_exit : 1 : 1 : 253.69165203340177 : 285 : 1 : 2 : 0 : 0 : 0 : 1 : 1.0 ：0
p9_fd_show_options : 2 : 7 : 7677.892029809222 : 1929 : 1 : 1 : 0 : 0 : 0 : 2 : 0.8 ：0
p9_fd_create : 3 : 6 : 6201.779906104058 : 5118 : 1 : 93 : 0 : 0 : 4 : 2 : 1.0 ：0
p9_fd_create_tcp : 3 : 8 : 20031.440237560197 : 5118 : 1 : 108 : 0 : 0 : 8 : 3 : 0.8 ：0
p9_fd_cancel : 2 : 2 : 3466.1470072024053 : 3133 : 1 : 5 : 0 : 0 : 4 : 2 : 0.8 ：0
p9_poll_mux : 1 : 9 : 10966.281331788945 : 5371 : 2 : 16 : 1 : 0 : 2 : 3 : 0.8 ：0
p9_fd_request : 2 : 5 : 6598.554009980633 : 5118 : 1 : 9 : 0 : 0 : 3 : 1 : 0.8 ：0
p9_conn_create : 1 : 3 : 9396.976022807283 : 4693 : 3 : 79 : 4 : 0 : 3 : 2 : 1.0 ：0
p9_pollwait : 3 : 4 : 7302.672218879715 : 5118 : 4 : 12 : 5 : 0 : 3 : 3 : 1.0 ：0
p9_pollwake : 4 : 2 : 2328.260869565217 : 5118 : 5 : 6 : 6 : 0 : 1 : 1 : 0.6 ：0
p9_write_work : 1 : 17 : 46967.8484266283 : 5118 : 4 : 27 : 5 : 1 : 6 : 3 : 0.3999999999999999 ：0
p9_read_work : 1 : 30 : 154022.7783498268 : 5118 : 4 : 29 : 5 : 1 : 9 : 3 : 0.3999999999999999 ：0
p9_fd_write : 3 : 8 : 4234.534614295858 : 5118 : 5 : 2 : 6 : 0 : 3 : 1 : 0.6 ：0
p9_fd_read : 3 : 8 : 4629.047391952995 : 5118 : 5 : 2 : 6 : 0 : 4 : 1 : 0.6 ：0
p9_mux_poll_stop : 1 : 3 : 4716.013942836576 : 5118 : 3 : 6 : 2 : 0 : 2 : 3 : 0.8 ：0
p9_fd_poll : 3 : 6 : 3930.4193670824234 : 5118 : 5 : 1 : 20 : 0 : 4 : 2 : 0.6 ：0
p9_conn_cancel : 2 : 3 : 10388.986601395636 : 5118 : 5 : 8 : 16 : 0 : 0 : 2 : 0.6 ：1
