secretmem_setattr : 3 : 3 : 1331.4731102094238 : 72 : 1 : 2 : 0 : 0 : 1 : 1 : 1.0 ：1
secretmem_file_create : 0 : 4 : 6271.198995119448 : 353 : 2 : 8 : 1 : 0 : 5 : 1 : 0.8 ：0
secretmem_fault : 1 : 8 : 16188.201663976863 : 353 : 1 : 12 : 0 : 0 : 9 : 3 : 0.8 ：1
secretmem_mmap : 2 : 3 : 2255.610929429428 : 353 : 1 : 1 : 0 : 0 : 0 : 1 : 1.0 ：0
secretmem_init : 1 : 3 : 1683.2904148117036 : 353 : 1 : 3 : 0 : 0 : 3 : 1 : 1.0 ：0
