tower_interrupt_in_callback : 1 : 10 : 21348.503081035808 : 5713 : 2 : 10 : 1 : 0 : 5 : 3 : 0.6 ：0
tower_delete : 1 : 1 : 1740.709181704321 : 5713 : 2 : 3 : 3 : 0 : 0 : 1 : 0.8 ：0
tower_poll : 2 : 4 : 3217.6928988857735 : 5713 : 1 : 5 : 0 : 0 : 3 : 1 : 1.0 ：0
tower_open : 2 : 14 : 25312.178708329484 : 5713 : 1 : 25 : 0 : 0 : 13 : 2 : 0.3999999999999999 ：0
tower_read : 4 : 24 : 38789.25206781988 : 5713 : 1 : 14 : 0 : 0 : 12 : 3 : 0.3999999999999999 ：0
tower_probe : 2 : 21 : 46306.74398520414 : 5713 : 1 : 21 : 0 : 0 : 17 : 2 : 0.3999999999999999 ：1
tower_release : 2 : 6 : 7679.595650190523 : 5713 : 1 : 8 : 0 : 0 : 5 : 2 : 0.8 ：0
tower_interrupt_out_callback : 1 : 5 : 4449.185558469369 : 5713 : 2 : 4 : 1 : 0 : 2 : 2 : 1.0 ：0
tower_check_for_read_packet : 1 : 4 : 1782.6334202803855 : 5713 : 2 : 3 : 2 : 0 : 0 : 2 : 0.8 ：0
tower_disconnect : 1 : 3 : 7653.333333333334 : 5713 : 1 : 11 : 0 : 0 : 2 : 2 : 0.8 ：0
tower_write : 4 : 16 : 24966.395467882343 : 5713 : 1 : 16 : 0 : 0 : 11 : 3 : 0.3999999999999999 ：0
