si470x_set_report : 3 : 2 : 3085.198274847779 : 4776 : 3 : 3 : 4 : 0 : 2 : 1 : 1.0 ：0
si470x_get_all_registers : 1 : 3 : 4559.999999999999 : 4776 : 2 : 5 : 1 : 0 : 1 : 1 : 1.0 ：0
si470x_get_scratch_page_versions : 1 : 2 : 3731.7550409080036 : 4776 : 2 : 5 : 1 : 0 : 1 : 2 : 1.0 ：0
si470x_set_led_state : 2 : 1 : 2210.6069199905573 : 3801 : 2 : 4 : 1 : 0 : 1 : 1 : 1.0 ：0
si470x_usb_driver_disconnect : 1 : 1 : 1973.3551922572335 : 4776 : 1 : 8 : 0 : 0 : 1 : 1 : 0.8 ：0
si470x_usb_driver_resume : 1 : 2 : 2098.922452271544 : 3801 : 1 : 20 : 0 : 0 : 3 : 1 : 1.0 ：0
si470x_start_usb : 1 : 3 : 8047.39825389675 : 3801 : 2 : 16 : 2 : 0 : 3 : 2 : 1.0 ：0
si470x_vidioc_querycap : 3 : 1 : 2345.3811711254 : 1637 : 2 : 3 : 1 : 0 : 1 : 1 : 1.0 ：0
si470x_usb_driver_probe : 2 : 36 : 159558.03051797464 : 4776 : 1 : 89 : 0 : 0 : 17 : 3 : 0.3999999999999999 ：1
si470x_set_register : 2 : 1 : 2292.481250360578 : 1637 : 2 : 6 : 1 : 0 : 1 : 1 : 1.0 ：0
si470x_int_in_callback : 1 : 31 : 79242.78492877304 : 4776 : 3 : 7 : 3 : 0 : 6 : 4 : 0.3999999999999999 ：0
si470x_usb_driver_suspend : 2 : 3 : 3480.6866191091212 : 4776 : 1 : 5 : 0 : 0 : 1 : 2 : 1.0 ：0
si470x_get_report : 3 : 2 : 3085.198274847779 : 4776 : 3 : 3 : 6 : 0 : 2 : 1 : 0.8 ：0
si470x_usb_release : 1 : 1 : 2605.5716866888397 : 3801 : 2 : 5 : 1 : 0 : 0 : 1 : 0.8 ：0
si470x_get_register : 2 : 2 : 2687.2447818163073 : 1637 : 2 : 6 : 1 : 0 : 1 : 1 : 1.0 ：0
