ethtool_put_stat : 4 : 3 : 800.6256002769239 : 859 : 3 : 1 : 2 : 0 : 0 : 1 : 1.0 ：0
pause_parse_request : 3 : 3 : 3031.021564800246 : 0 : 1 : 3 : 0 : 0 : 2 : 3 : 1.0 ：0
pause_reply_size : 2 : 2 : 3532.9612288381336 : 1029 : 1 : 2 : 0 : 0 : 1 : 1 : 1.0 ：0
pause_fill_reply : 3 : 6 : 3153.81996454791 : 1029 : 1 : 9 : 0 : 0 : 2 : 1 : 1.0 ：0
pause_prepare_data : 3 : 8 : 11412.327515761972 : 1029 : 1 : 6 : 0 : 0 : 7 : 2 : 0.8 ：1
pause_put_stats : 2 : 6 : 4179.8843636661095 : 859 : 2 : 6 : 1 : 0 : 3 : 1 : 1.0 ：0
ethnl_set_pause : 2 : 11 : 18321.47101269277 : 1029 : 1 : 9 : 0 : 0 : 13 : 2 : 0.6 ：0
