osif_disconnect : 1 : 1 : 866.3501317478758 : 2685 : 1 : 4 : 0 : 0 : 1 : 1 : 1.0 ：0
osif_xfer : 3 : 8 : 31634.26896988791 : 2685 : 1 : 8 : 0 : 0 : 5 : 4 : 0.8 ：1
osif_usb_write : 6 : 1 : 1073.415853613403 : 2685 : 2 : 2 : 1 : 0 : 1 : 1 : 1.0 ：0
osif_usb_read : 6 : 1 : 1102.1493705517328 : 2685 : 2 : 2 : 2 : 0 : 1 : 1 : 1.0 ：0
osif_probe : 2 : 3 : 21137.992661255877 : 2685 : 1 : 13 : 0 : 0 : 4 : 2 : 1.0 ：1
