__jfs_xattr_set : 5 : 2 : 3113.5272588452076 : 2915 : 0 : 0 : 0 : 0 : 4 : 1 : 0.8 ：0
ea_read : 2 : 7 : 22619.513734273227 : 3988 : 3 : 15 : 2 : 0 : 9 : 2 : 0.6 ：0
ea_put : 4 : 15 : 35230.10953559092 : 6959 : 0 : 0 : 0 : 0 : 3 : 3 : 0.3999999999999999 ：0
__jfs_getxattr : 4 : 14 : 17594.468297894517 : 2915 : 0 : 0 : 0 : 1 : 12 : 3 : 0.8 ：0
jfs_initxattrs : 3 : 4 : 6533.553724490052 : 4676 : 2 : 4 : 1 : 0 : 5 : 3 : 1.0 ：0
ea_write_inline : 4 : 9 : 12460.086734620356 : 6959 : 0 : 0 : 2 : 0 : 1 : 2 : 0.8 ：0
ea_read_inline : 2 : 4 : 5488.636363636363 : 6959 : 4 : 4 : 3 : 0 : 2 : 2 : 1.0 ：0
ea_get : 3 : 31 : 128527.01357434498 : 3988 : 2 : 45 : 1 : 1 : 16 : 3 : 0.3999999999999999 ：1
ea_release : 2 : 5 : 1869.0464782351535 : 6959 : 3 : 6 : 4 : 0 : 0 : 2 : 1.0 ：0
ea_write : 4 : 15 : 48246.33420835708 : 6959 : 0 : 0 : 1 : 0 : 14 : 3 : 0.3999999999999999 ：0
name_size : 1 : 2 : 492.26821504667333 : 6959 : 2 : 2 : 1 : 0 : 0 : 1 : 1.0 ：0
is_known_namespace : 1 : 5 : 836.2930863607047 : 2915 : 3 : 1 : 6 : 0 : 2 : 1 : 0.8 ：0
__jfs_setxattr : 6 : 33 : 94875.7155940781 : 2915 : 0 : 0 : 0 : 0 : 19 : 5 : 0.6 ：0
jfs_listxattr : 3 : 13 : 19649.718946813355 : 6959 : 1 : 70 : 0 : 0 : 13 : 3 : 0.6 ：0
copy_name : 2 : 2 : 3476.1069543929007 : 6959 : 2 : 3 : 1 : 0 : 2 : 2 : 1.0 ：0
