replace_u32 : 3 : 4 : 1554.2046265217155 : 3933 : 2 : 1 : 1 : 0 : 0 : 2 : 1.0 ：1
nf_connlabels_get : 2 : 2 : 1449.051966284317 : 2981 : 1 : 4 : 0 : 0 : 0 : 1 : 0.8 ：1
nf_connlabels_replace : 4 : 6 : 16035.910332028063 : 3933 : 1 : 4 : 0 : 0 : 3 : 1 : 1.0 ：0
