ntfs_get_ea : 6 : 17 : 19491.586246274583 : 820 : 2 : 37 : 3 : 0 : 11 : 2 : 0.3999999999999999 ：0
ntfs_list_ea : 3 : 11 : 21508.413649229235 : 820 : 2 : 30 : 1 : 0 : 8 : 4 : 0.8 ：1
ntfs_init_acl : 3 : 5 : 5788.30281646292 : 803 : 1 : 75 : 0 : 0 : 3 : 2 : 0.8 ：0
ntfs_acl_chmod : 2 : 3 : 2020.6360858926528 : 820 : 1 : 3 : 0 : 0 : 2 : 1 : 1.0 ：0
ntfs_get_wsl_perm : 1 : 5 : 21423.322503431904 : 820 : 1 : 41 : 0 : 0 : 1 : 3 : 1.0 ：0
ntfs_setxattr : 8 : 28 : 44259.35493665939 : 820 : 1 : 79 : 0 : 0 : 16 : 3 : 0.3999999999999999 ：0
ntfs_set_ea : 8 : 59 : 208054.0160513311 : 718 : 3 : 61 : 5 : 3 : 31 : 4 : 0.3999999999999999 ：0
find_ea : 6 : 6 : 4199.271158327922 : 820 : 4 : 7 : 10 : 0 : 5 : 3 : 0.8 ：0
ntfs_set_acl_ex : 5 : 17 : 21730.588176701534 : 820 : 2 : 72 : 2 : 0 : 8 : 3 : 0.6 ：0
ntfs_getxattr : 6 : 26 : 35771.82594598442 : 820 : 1 : 49 : 0 : 0 : 11 : 3 : 0.6 ：0
ntfs_get_acl : 0 : 7 : 12867.558666986828 : 229 : 1 : 46 : 0 : 0 : 9 : 2 : 0.6 ：0
ntfs_read_ea : 4 : 32 : 60452.05442400927 : 820 : 4 : 20 : 12 : 0 : 19 : 3 : 0.3999999999999999 ：0
ntfs_save_wsl_perm : 2 : 12 : 19452.750538156473 : 820 : 1 : 70 : 0 : 0 : 8 : 2 : 0.6 ：0
unpacked_ea_size : 1 : 1 : 906.1642572280505 : 362 : 5 : 4 : 13 : 0 : 0 : 1 : 0.8 ：0
ntfs_listxattr : 3 : 2 : 2569.3511786210556 : 820 : 1 : 35 : 0 : 0 : 4 : 2 : 0.8 ：0
