ila_xlat_exit_net : 1 : 2 : 1785.2998068441289 : 0 : 1 : 10 : 0 : 0 : 1 : 1 : 0.8 ：0
ila_fill_info : 2 : 6 : 3780.967407617598 : 0 : 3 : 3 : 3 : 0 : 0 : 1 : 1.0 ：0
ila_xlat_addr : 2 : 2 : 6549.032846561783 : 0 : 2 : 11 : 1 : 0 : 5 : 1 : 0.8 ：0
ila_xlat_nl_cmd_get_mapping : 2 : 6 : 7265.72164644416 : 0 : 1 : 24 : 0 : 0 : 9 : 2 : 0.6 ：1
ila_dump_info : 6 : 4 : 2308.5125688846224 : 0 : 2 : 7 : 2 : 0 : 2 : 1 : 1.0 ：0
ila_xlat_nl_dump : 2 : 16 : 27579.547629140572 : 0 : 1 : 16 : 0 : 0 : 8 : 4 : 0.6 ：0
ila_xlat_nl_dump_start : 1 : 2 : 3951.1063145659705 : 0 : 1 : 4 : 0 : 0 : 3 : 1 : 1.0 ：0
ila_xlat_nl_dump_done : 1 : 1 : 1102.0916641962776 : 0 : 1 : 2 : 0 : 0 : 1 : 1 : 1.0 ：0
ila_xlat_init_net : 1 : 2 : 1287.782234543655 : 0 : 1 : 4 : 0 : 0 : 3 : 1 : 1.0 ：0
ila_del_mapping : 2 : 7 : 17668.46544863164 : 0 : 2 : 15 : 1 : 0 : 5 : 4 : 0.3999999999999999 ：0
ila_lookup_wildcards : 0 : 3 : 1721.5390994568386 : 0 : 3 : 3 : 2 : 0 : 3 : 2 : 1.0 ：0
ila_xlat_nl_cmd_add_mapping : 2 : 2 : 1362.847992587815 : 0 : 1 : 27 : 0 : 0 : 4 : 1 : 1.0 ：0
ila_xlat_nl_cmd_flush : 2 : 9 : 8707.35538527775 : 0 : 1 : 20 : 0 : 0 : 8 : 3 : 0.6 ：0
ila_xlat_nl_cmd_del_mapping : 2 : 2 : 1398.7841638695438 : 0 : 1 : 22 : 0 : 0 : 4 : 1 : 1.0 ：0
ila_free_node : 1 : 2 : 1162.2329676781649 : 0 : 3 : 3 : 3 : 0 : 1 : 2 : 1.0 ：0
ila_add_mapping : 2 : 15 : 27646.07574928854 : 0 : 2 : 20 : 1 : 0 : 8 : 4 : 0.3999999999999999 ：0
ila_lookup_by_params : 0 : 3 : 1785.2998068441289 : 0 : 2 : 3 : 1 : 0 : 3 : 2 : 1.0 ：0
parse_nl_config : 2 : 6 : 14670.628852604585 : 0 : 2 : 4 : 3 : 0 : 0 : 1 : 0.8 ：0
ila_order : 1 : 2 : 520.4066401800005 : 0 : 3 : 0 : 2 : 0 : 2 : 1 : 1.0 ：0
ila_locator_hash : 1 : 1 : 950.3377696557682 : 0 : 4 : 1 : 7 : 0 : 1 : 1 : 0.8 ：0
