rose_loopback_queue : 2 : 4 : 1756.8058034309233 : 5575 : 1 : 9 : 0 : 0 : 1 : 2 : 1.0 ：0
rose_loopback_clear : 1 : 2 : 880.4795209683067 : 5575 : 1 : 3 : 0 : 0 : 1 : 2 : 1.0 ：0
rose_loopback_timer : 1 : 13 : 24364.799386991188 : 5575 : 2 : 9 : 1 : 0 : 5 : 4 : 0.3999999999999999 ：1
