nft_ct_module_init : 1 : 10 : 4859.4720769322785 : 2853 : 1 : 5 : 0 : 0 : 7 : 1 : 0.8 ：0
nft_ct_timeout_obj_eval : 3 : 8 : 11052.23161718811 : 1095 : 1 : 9 : 0 : 0 : 3 : 3 : 0.8 ：0
nft_ct_timeout_parse_policy : 4 : 4 : 4772.438111067855 : 1095 : 2 : 3 : 1 : 0 : 4 : 1 : 1.0 ：0
nft_ct_expect_obj_eval : 3 : 10 : 23256.117110816085 : 781 : 1 : 11 : 0 : 0 : 7 : 2 : 0.8 ：0
nft_ct_expect_obj_init : 3 : 6 : 7349.528114892058 : 781 : 1 : 6 : 0 : 0 : 1 : 1 : 1.0 ：0
nft_ct_helper_obj_eval : 3 : 10 : 7013.386073483719 : 1607 : 1 : 11 : 0 : 0 : 4 : 2 : 0.8 ：0
nft_ct_timeout_obj_init : 3 : 12 : 19511.661220640566 : 1095 : 1 : 12 : 0 : 0 : 11 : 2 : 0.3999999999999999 ：0
nft_ct_helper_obj_dump : 3 : 8 : 6493.116625872273 : 1607 : 1 : 5 : 0 : 0 : 3 : 2 : 0.8 ：0
nft_ct_timeout_obj_destroy : 2 : 1 : 1630.093773212649 : 1095 : 1 : 4 : 0 : 0 : 2 : 1 : 1.0 ：0
nft_ct_module_exit : 1 : 1 : 380.9218330718306 : 2853 : 1 : 2 : 0 : 0 : 0 : 1 : 1.0 ：0
nft_ct_timeout_obj_dump : 3 : 5 : 5287.2497247206775 : 1095 : 1 : 6 : 0 : 0 : 4 : 1 : 1.0 ：0
nft_ct_helper_obj_destroy : 2 : 3 : 1664.0540601545792 : 1607 : 1 : 3 : 0 : 0 : 1 : 1 : 1.0 ：0
nft_ct_select_ops : 0 : 7 : 4079.6934768562555 : 2766 : 1 : 3 : 0 : 0 : 0 : 2 : 0.8 ：0
nft_ct_helper_obj_init : 3 : 20 : 30634.49622730346 : 1607 : 1 : 8 : 0 : 0 : 5 : 2 : 0.6 ：0
nft_ct_expect_obj_dump : 3 : 6 : 2575.070191727272 : 781 : 1 : 5 : 0 : 0 : 1 : 1 : 1.0 ：0
nft_notrack_eval : 3 : 3 : 2378.0142289857 : 1745 : 1 : 2 : 0 : 0 : 3 : 1 : 1.0 ：0
nft_ct_set_dump : 2 : 9 : 3482.9047202583433 : 1640 : 1 : 5 : 0 : 0 : 4 : 2 : 0.8 ：0
nft_ct_set_destroy : 2 : 1 : 745.5112786093492 : 1640 : 1 : 2 : 0 : 0 : 1 : 1 : 1.0 ：0
nft_ct_get_dump : 2 : 22 : 6454.249333556535 : 2766 : 1 : 5 : 0 : 0 : 5 : 2 : 0.8 ：0
nft_ct_set_init : 3 : 20 : 28685.01620515868 : 1640 : 1 : 17 : 0 : 0 : 7 : 3 : 0.6 ：1
nft_ct_get_init : 3 : 45 : 65574.36447882152 : 2683 : 1 : 8 : 0 : 0 : 4 : 3 : 0.6 ：0
__nft_ct_set_destroy : 2 : 4 : 976.7018951168963 : 1640 : 0 : 0 : 0 : 0 : 0 : 2 : 1.0 ：0
nft_ct_tmpl_put_pcpu : 1 : 2 : 1296.5784284662088 : 1640 : 3 : 3 : 2 : 0 : 2 : 2 : 1.0 ：0
nft_ct_set_eval : 3 : 15 : 21787.68173699653 : 2766 : 1 : 8 : 0 : 0 : 7 : 4 : 0.6 ：0
nft_ct_tmpl_alloc_pcpu : 1 : 3 : 2804.4354895146603 : 1640 : 2 : 8 : 1 : 0 : 6 : 3 : 1.0 ：0
nft_ct_get_eval : 3 : 48 : 104062.17079506417 : 1676 : 1 : 24 : 0 : 0 : 22 : 4 : 0.6 ：0
nft_ct_set_zone_eval : 3 : 6 : 13312.66740601391 : 1640 : 1 : 11 : 0 : 0 : 6 : 3 : 0.8 ：0
nft_ct_get_eval_counter : 3 : 2 : 2046.8582592505163 : 1676 : 0 : 2 : 2 : 0 : 0 : 1 : 1.0 ：1
