sync_timeline_debug_add : 1 : 1 : 539.3407219029823 : 2828 : 1 : 3 : 0 : 0 : 0 : 1 : 0.8 ：0
sync_print_fence : 3 : 6 : 14333.771674102056 : 2828 : 3 : 8 : 4 : 0 : 3 : 3 : 0.8 ：0
sync_info_debugfs_show : 2 : 1 : 7590.35246449837 : 1847 : 1 : 37 : 0 : 0 : 1 : 2 : 0.8 ：0
sync_status_str : 0 : 3 : 322.646625064904 : 2828 : 4 : 0 : 7 : 0 : 0 : 1 : 0.8 ：0
sync_file_debug_add : 1 : 1 : 539.3407219029823 : 2828 : 1 : 3 : 0 : 0 : 0 : 1 : 0.8 ：0
sync_print_sync_file : 2 : 3 : 6443.334372024343 : 2828 : 2 : 15 : 1 : 0 : 2 : 2 : 1.0 ：0
sync_timeline_debug_remove : 1 : 1 : 503.99999999999994 : 2828 : 1 : 3 : 0 : 0 : 0 : 1 : 0.8 ：0
sync_file_debug_remove : 1 : 1 : 503.99999999999994 : 2828 : 1 : 3 : 0 : 0 : 0 : 1 : 0.8 ：0
sync_debugfs_init : 1 : 1 : 2474.5680003195275 : 2828 : 1 : 2 : 0 : 0 : 0 : 1 : 1.0 ：0
sync_print_obj : 2 : 1 : 2624.598090798137 : 2828 : 2 : 14 : 1 : 0 : 2 : 2 : 0.8 ：1
