sctp_auth_asoc_verify_hmac_id : 2 : 2 : 2086.1294875044214 : 5418 : 1 : 1 : 0 : 0 : 2 : 1 : 1.0 ：0
sctp_auth_ep_add_chunkid : 2 : 4 : 6823.426342614886 : 5418 : 1 : 2 : 0 : 0 : 3 : 1 : 1.0 ：0
sctp_auth_asoc_set_default_hmac : 2 : 6 : 9241.485116192262 : 5418 : 1 : 1 : 0 : 0 : 4 : 3 : 0.8 ：0
sctp_auth_send_cid : 2 : 3 : 824.0325087960683 : 2616 : 3 : 0 : 3 : 0 : 0 : 1 : 1.0 ：0
sctp_auth_init : 2 : 11 : 25711.377164075817 : 1087 : 1 : 11 : 0 : 0 : 7 : 2 : 0.3999999999999999 ：0
sctp_auth_set_active_key : 3 : 8 : 7470.489311893024 : 5418 : 1 : 43 : 0 : 0 : 3 : 3 : 0.8 ：0
sctp_auth_del_key_id : 3 : 8 : 9688.033025735978 : 5418 : 1 : 12 : 0 : 0 : 3 : 3 : 0.8 ：0
sctp_auth_deact_key_id : 3 : 12 : 15754.6963787518 : 1611 : 1 : 4 : 0 : 0 : 4 : 3 : 0.6 ：0
sctp_auth_set_key : 3 : 11 : 21302.55992149591 : 5418 : 1 : 65 : 0 : 0 : 3 : 3 : 0.6 ：1
sctp_auth_ep_set_hmacs : 2 : 8 : 11684.957727308925 : 5418 : 1 : 1 : 0 : 0 : 3 : 2 : 0.8 ：0
__sctp_auth_cid : 2 : 13 : 13394.299830174406 : 5418 : 0 : 0 : 0 : 0 : 3 : 3 : 0.8 ：0
__sctp_auth_find_hmacid : 3 : 3 : 1515.3495108586724 : 5418 : 0 : 0 : 0 : 0 : 3 : 3 : 1.0 ：0
sctp_auth_asoc_get_hmac : 0 : 11 : 20570.13903566694 : 5418 : 1 : 1 : 0 : 0 : 6 : 3 : 0.8 ：0
sctp_auth_free : 1 : 1 : 1404.913966239256 : 1087 : 1 : 4 : 0 : 0 : 0 : 1 : 1.0 ：0
sctp_auth_recv_cid : 2 : 3 : 1000.0968901096256 : 5418 : 1 : 0 : 0 : 0 : 0 : 1 : 1.0 ：0
sctp_auth_calculate_hmac : 5 : 6 : 13091.346868060296 : 5418 : 1 : 38 : 0 : 0 : 5 : 2 : 0.6 ：0
sctp_auth_destroy_hmacs : 1 : 3 : 1192.8180457749588 : 1087 : 3 : 2 : 3 : 0 : 1 : 2 : 1.0 ：0
sctp_auth_init_hmacs : 2 : 10 : 20293.381001885507 : 1087 : 2 : 6 : 1 : 0 : 3 : 2 : 0.6 ：0
sctp_auth_get_shkey : 0 : 3 : 1816.538647141854 : 1611 : 3 : 1 : 3 : 0 : 3 : 3 : 1.0 ：0
sctp_auth_asoc_init_active_key : 2 : 7 : 13423.828376646803 : 386 : 2 : 41 : 2 : 0 : 3 : 4 : 0.8 ：1
sctp_auth_asoc_copy_shkeys : 3 : 3 : 3701.008910446805 : 5418 : 1 : 23 : 0 : 0 : 3 : 2 : 1.0 ：0
sctp_auth_asoc_create_secret : 0 : 5 : 27531.68493951723 : 5418 : 3 : 29 : 4 : 0 : 6 : 2 : 0.8 ：0
sctp_auth_asoc_set_secret : 0 : 4 : 11301.19789392835 : 5418 : 4 : 5 : 5 : 0 : 5 : 2 : 1.0 ：0
sctp_auth_make_peer_vector : 0 : 1 : 606.6666666666667 : 5418 : 4 : 7 : 5 : 0 : 0 : 1 : 1.0 ：0
sctp_auth_destroy_keys : 1 : 2 : 1177.0050845076585 : 5418 : 2 : 13 : 1 : 0 : 2 : 2 : 1.0 ：0
sctp_auth_make_key_vector : 0 : 4 : 10125.204675449364 : 5418 : 5 : 6 : 12 : 0 : 5 : 2 : 0.8 ：0
sctp_auth_key_put : 1 : 3 : 455.4548325511409 : 1611 : 5 : 3 : 15 : 0 : 0 : 2 : 0.8 ：0
sctp_auth_shkey_destroy : 1 : 1 : 615.3352688083418 : 1611 : 4 : 7 : 5 : 0 : 0 : 1 : 1.0 ：0
sctp_auth_shkey_create : 0 : 2 : 2244.9024474908974 : 5418 : 2 : 3 : 2 : 0 : 3 : 1 : 1.0 ：0
sctp_auth_compare_vectors : 2 : 5 : 8953.138893481822 : 5418 : 4 : 2 : 5 : 0 : 4 : 3 : 1.0 ：0
sctp_auth_create_key : 0 : 3 : 4250.407205790044 : 3470 : 6 : 3 : 20 : 0 : 4 : 1 : 0.8 ：0
sctp_auth_make_local_vector : 0 : 1 : 1163.6262464653887 : 5418 : 4 : 7 : 5 : 0 : 0 : 1 : 1.0 ：0
