init_u32 : 1 : 4 : 5293.860686712985 : 0 : 1 : 5 : 0 : 0 : 1 : 1 : 1.0 ：0
u32_bind_class : 5 : 4 : 1605.21827126366 : 0 : 1 : 0 : 0 : 0 : 1 : 2 : 1.0 ：0
gen_new_kid : 2 : 3 : 2839.6660179147902 : 0 : 2 : 1 : 1 : 0 : 3 : 2 : 1.0 ：0
u32_dump : 6 : 39 : 76419.37659642495 : 0 : 1 : 16 : 0 : 0 : 25 : 4 : 0.3999999999999999 ：0
u32_walk : 3 : 10 : 21274.407559312232 : 0 : 1 : 1 : 0 : 0 : 3 : 5 : 0.8 ：0
u32_reoffload_knode : 6 : 4 : 15400.36031216031 : 0 : 2 : 3 : 1 : 0 : 5 : 2 : 0.8 ：0
u32_reoffload : 5 : 13 : 23624.231901566338 : 0 : 1 : 9 : 0 : 0 : 6 : 4 : 0.8 ：0
u32_set_parms : 8 : 11 : 21860.079062929966 : 0 : 2 : 10 : 1 : 0 : 5 : 4 : 0.8 ：0
u32_reoffload_hnode : 6 : 4 : 3886.8566861738527 : 0 : 2 : 2 : 1 : 0 : 3 : 2 : 1.0 ：0
u32_change : 10 : 50 : 232040.70592870886 : 0 : 1 : 97 : 0 : 0 : 24 : 4 : 0.3999999999999999 ：1
u32_init_knode : 0 : 4 : 20078.495544925914 : 0 : 2 : 7 : 1 : 0 : 6 : 2 : 0.8 ：0
u32_destroy : 3 : 8 : 8987.506815566954 : 0 : 1 : 71 : 0 : 0 : 3 : 3 : 0.6 ：0
u32_replace_knode : 3 : 7 : 10660.100181152085 : 0 : 2 : 8 : 1 : 0 : 2 : 1 : 1.0 ：0
u32_delete : 5 : 6 : 6520.047757357521 : 0 : 1 : 62 : 0 : 0 : 5 : 2 : 1.0 ：0
u32_remove_hw_knode : 3 : 1 : 2924.5521583179248 : 0 : 4 : 2 : 8 : 0 : 2 : 2 : 0.6 ：0
u32_replace_hw_knode : 4 : 5 : 16956.211271176904 : 0 : 2 : 7 : 1 : 0 : 6 : 2 : 0.8 ：0
u32_destroy_key : 2 : 5 : 2818.339525732238 : 0 : 5 : 5 : 16 : 0 : 1 : 1 : 0.6 ：0
tc_u_common_ptr : 0 : 7 : 3810.2671797683156 : 0 : 2 : 1 : 1 : 0 : 2 : 1 : 0.8 ：0
u32_lookup_key : 0 : 5 : 3132.1193258059343 : 0 : 2 : 2 : 1 : 0 : 3 : 1 : 1.0 ：0
u32_clear_hnode : 3 : 4 : 7468.9565176310925 : 0 : 3 : 26 : 4 : 0 : 2 : 3 : 1.0 ：0
tc_u_common_find : 0 : 2 : 990.1144362832868 : 0 : 2 : 3 : 1 : 0 : 3 : 2 : 1.0 ：0
u32_replace_hw_hnode : 4 : 6 : 7755.183053654542 : 0 : 2 : 6 : 1 : 0 : 6 : 2 : 0.8 ：0
gen_new_htid : 2 : 2 : 802.6976913547136 : 0 : 2 : 1 : 2 : 0 : 1 : 1 : 1.0 ：0
u32_init : 1 : 4 : 14039.653948669618 : 0 : 1 : 17 : 0 : 0 : 3 : 3 : 0.8 ：0
u32_lookup_ht : 0 : 3 : 1238.9527205343775 : 0 : 3 : 1 : 6 : 0 : 2 : 1 : 0.8 ：0
u32_get : 0 : 4 : 2990.573100600533 : 0 : 1 : 8 : 0 : 0 : 4 : 1 : 1.0 ：0
u32_delete_key_freepf_work : 1 : 1 : 756.903447849948 : 0 : 4 : 10 : 7 : 0 : 0 : 1 : 0.6 ：0
u32_delete_key : 2 : 4 : 9363.609529242096 : 0 : 2 : 19 : 1 : 0 : 3 : 4 : 1.0 ：0
u32_delete_key_work : 1 : 1 : 756.903447849948 : 0 : 2 : 10 : 1 : 0 : 0 : 1 : 0.8 ：0
u32_clear_hw_hnode : 3 : 1 : 3944.347826086956 : 0 : 3 : 2 : 5 : 0 : 2 : 2 : 0.8 ：0
u32_destroy_hnode : 3 : 3 : 6314.734300985671 : 0 : 2 : 36 : 2 : 0 : 2 : 3 : 1.0 ：0
u32_classify : 3 : 36 : 127960.09107568096 : 0 : 1 : 11 : 0 : 0 : 24 : 5 : 0.6 ：0
