bpf_fd_htab_map_update_elem : 5 : 3 : 3028.63360089629 : 1062 : 1 : 65 : 0 : 0 : 4 : 1 : 1.0 ：0
htab_of_map_alloc : 0 : 3 : 2859.398642228973 : 1062 : 1 : 63 : 0 : 0 : 3 : 2 : 0.8 ：0
fd_htab_map_free : 1 : 2 : 4624.561568077582 : 1062 : 2 : 32 : 1 : 0 : 6 : 3 : 1.0 ：0
htab_percpu_map_seq_show_elem : 3 : 2 : 5777.69674777483 : 536 : 1 : 8 : 0 : 0 : 2 : 2 : 0.8 ：0
bpf_fd_htab_map_lookup_elem : 3 : 3 : 2391.026527023387 : 963 : 1 : 5 : 0 : 0 : 3 : 1 : 0.8 ：0
htab_percpu_map_lookup_elem : 0 : 2 : 918.4713968385664 : 1472 : 1 : 2 : 0 : 0 : 2 : 1 : 1.0 ：0
htab_map_free : 1 : 5 : 6144.243794703398 : 1062 : 3 : 26 : 2 : 0 : 1 : 1 : 0.8 ：0
__htab_map_lookup_and_delete_batch : 6 : 39 : 131770.33394513297 : 33 : 0 : 0 : 0 : 0 : 18 : 4 : 0.19999999999999996 ：0
htab_lru_map_delete_elem : 2 : 3 : 7496.063828729805 : 1189 : 1 : 12 : 0 : 0 : 6 : 2 : 0.8 ：0
htab_of_map_lookup_elem : 0 : 2 : 628.8246902175007 : 1062 : 1 : 3 : 0 : 0 : 2 : 1 : 1.0 ：0
bpf_percpu_hash_copy : 3 : 4 : 8017.368540589005 : 1472 : 1 : 7 : 0 : 0 : 5 : 2 : 0.8 ：0
htab_map_seq_show_elem : 3 : 2 : 3158.1124500586734 : 556 : 1 : 6 : 0 : 0 : 1 : 2 : 0.8 ：0
delete_all_elements : 1 : 2 : 2991.24306261362 : 1917 : 4 : 7 : 3 : 0 : 4 : 3 : 1.0 ：0
htab_of_map_gen_lookup : 2 : 1 : 4995.476562446136 : 912 : 1 : 8 : 0 : 0 : 2 : 1 : 1.0 ：0
htab_lru_percpu_map_lookup_elem : 0 : 2 : 1187.9196808174006 : 1189 : 1 : 3 : 0 : 0 : 2 : 2 : 1.0 ：0
bpf_percpu_hash_update : 4 : 2 : 2210.2719167951445 : 1472 : 1 : 4 : 0 : 0 : 3 : 1 : 0.8 ：0
htab_map_delete_elem : 2 : 2 : 7015.8423305611595 : 1062 : 1 : 25 : 0 : 0 : 6 : 2 : 0.8 ：0
htab_lru_map_update_elem : 4 : 9 : 23735.626943697116 : 1189 : 1 : 22 : 0 : 0 : 6 : 2 : 0.3999999999999999 ：0
__htab_lru_percpu_map_update_elem : 5 : 8 : 22103.654281369527 : 1189 : 0 : 0 : 0 : 0 : 7 : 2 : 0.3999999999999999 ：0
__htab_percpu_map_update_elem : 5 : 7 : 16657.996902147817 : 1472 : 0 : 0 : 0 : 0 : 8 : 3 : 0.6 ：0
htab_map_update_elem : 4 : 16 : 52099.82669399428 : 1062 : 2 : 62 : 1 : 0 : 10 : 3 : 0.3999999999999999 ：0
alloc_htab_elem : 0 : 17 : 36957.564702824384 : 1472 : 3 : 22 : 2 : 0 : 8 : 4 : 0.3999999999999999 ：0
free_htab_elem : 2 : 3 : 3345.798401834209 : 33 : 3 : 13 : 3 : 0 : 2 : 2 : 0.8 ：0
check_flags : 3 : 5 : 1794.896136094503 : 381 : 3 : 0 : 3 : 0 : 0 : 1 : 1.0 ：0
htab_elem_free_rcu : 1 : 3 : 3208.363409345201 : 1441 : 4 : 7 : 4 : 0 : 2 : 1 : 0.8 ：0
htab_lru_map_delete_node : 2 : 2 : 5747.682342478352 : 1189 : 4 : 5 : 3 : 0 : 6 : 2 : 0.8 ：0
pcpu_copy_value : 4 : 2 : 3587.307560000791 : 1189 : 4 : 6 : 3 : 0 : 2 : 3 : 1.0 ：0
htab_lru_map_gen_lookup : 2 : 1 : 10422.08593644275 : 899 : 1 : 9 : 0 : 0 : 3 : 1 : 1.0 ：0
__htab_lru_map_lookup_elem : 0 : 3 : 1634.6373788007031 : 279 : 0 : 0 : 0 : 0 : 2 : 2 : 1.0 ：0
htab_map_get_next_key : 3 : 10 : 26512.28377732835 : 1062 : 1 : 16 : 0 : 0 : 5 : 3 : 0.6 ：0
htab_map_lookup_elem : 0 : 2 : 1105.5674221204968 : 536 : 2 : 1 : 3 : 0 : 2 : 1 : 1.0 ：0
htab_map_gen_lookup : 2 : 1 : 4004.7508914027408 : 1068 : 1 : 7 : 0 : 0 : 2 : 1 : 1.0 ：0
__htab_map_lookup_elem : 0 : 1 : 4491.706457475629 : 536 : 0 : 0 : 0 : 0 : 4 : 1 : 1.0 ：0
lookup_nulls_elem_raw : 0 : 5 : 2502.5142037603446 : 381 : 3 : 4 : 3 : 0 : 5 : 1 : 1.0 ：0
htab_map_alloc : 0 : 28 : 83339.95558146892 : 764 : 2 : 59 : 1 : 0 : 9 : 3 : 0.3999999999999999 ：0
lookup_elem_raw : 0 : 3 : 1551.5513102440393 : 1075 : 3 : 2 : 5 : 0 : 4 : 1 : 1.0 ：0
prealloc_destroy : 1 : 2 : 453.19930909058814 : 1062 : 4 : 10 : 5 : 0 : 0 : 1 : 0.8 ：0
alloc_extra_elems : 1 : 2 : 4406.035284141065 : 1290 : 3 : 4 : 2 : 0 : 2 : 2 : 0.8 ：0
htab_map_alloc_check : 1 : 24 : 29881.06813194809 : 764 : 2 : 5 : 1 : 0 : 4 : 1 : 0.3999999999999999 ：0
prealloc_init : 1 : 13 : 21769.21718014885 : 1062 : 3 : 26 : 2 : 0 : 7 : 2 : 0.3999999999999999 ：0
prealloc_lru_pop : 0 : 2 : 2049.451308877189 : 1189 : 2 : 3 : 1 : 0 : 4 : 2 : 1.0 ：1
htab_free_elems : 1 : 4 : 2943.181818181818 : 1441 : 5 : 6 : 9 : 0 : 2 : 2 : 0.6 ：0
