ovl_check_layer : 5 : 9 : 5884.12831749608 : 1269 : 4 : 8 : 3 : 0 : 3 : 3 : 1.0 ：0
ovl_create_volatile_dirty : 1 : 3 : 5548.694628039346 : 807 : 5 : 14 : 4 : 0 : 1 : 2 : 1.0 ：0
ovl_check_rename_whiteout : 1 : 11 : 22148.38702307776 : 976 : 5 : 15 : 4 : 0 : 12 : 2 : 0.3999999999999999 ：0
ovl_exit : 1 : 1 : 665.6842503028856 : 2948 : 1 : 4 : 0 : 0 : 0 : 1 : 1.0 ：0
ovl_lower_uuid_ok : 2 : 12 : 21247.05209489957 : 1484 : 6 : 4 : 5 : 0 : 4 : 3 : 0.8 ：0
ovl_check_overlapping_layers : 2 : 9 : 12673.665784306835 : 1269 : 3 : 10 : 2 : 0 : 3 : 2 : 0.8 ：0
ovl_get_layers : 5 : 36 : 111188.51131088866 : 1031 : 4 : 29 : 3 : 0 : 11 : 4 : 0.3999999999999999 ：0
ovl_get_fsid : 2 : 10 : 25886.2870810133 : 1681 : 5 : 9 : 4 : 0 : 7 : 3 : 0.8 ：0
ovl_fill_super : 3 : 56 : 157517.43118799897 : 2948 : 2 : 284 : 1 : 0 : 26 : 4 : 0.3999999999999999 ：0
ovl_get_root : 0 : 4 : 13855.652982122674 : 976 : 3 : 10 : 2 : 0 : 5 : 2 : 1.0 ：0
ovl_get_lowerstack : 0 : 17 : 28993.451843413935 : 1835 : 3 : 52 : 2 : 0 : 9 : 2 : 0.3999999999999999 ：0
ovl_lookup_or_create : 0 : 3 : 3112.3706063574036 : 807 : 6 : 8 : 5 : 0 : 3 : 1 : 0.8 ：0
ovl_make_workdir : 3 : 40 : 89035.07697404531 : 1834 : 4 : 68 : 3 : 0 : 15 : 3 : 0.6 ：0
ovl_get_workdir : 3 : 12 : 9593.840045631458 : 1835 : 3 : 95 : 2 : 0 : 8 : 2 : 0.8 ：0
ovl_init : 1 : 4 : 2422.5131895702825 : 2948 : 1 : 7 : 0 : 0 : 2 : 2 : 1.0 ：0
ovl_get_indexdir : 4 : 16 : 40449.010674891186 : 1835 : 3 : 36 : 2 : 1 : 6 : 3 : 0.6 ：0
ovl_get_upper : 4 : 16 : 19828.384799800402 : 1834 : 3 : 29 : 2 : 0 : 9 : 2 : 0.6 ：0
ovl_report_in_use : 2 : 2 : 3214.3607254150534 : 1221 : 5 : 2 : 14 : 0 : 0 : 2 : 0.8 ：0
ovl_setup_trap : 4 : 3 : 1933.5978855856517 : 1221 : 5 : 3 : 17 : 0 : 3 : 2 : 0.8 ：0
ovl_split_lowerdirs : 1 : 6 : 3466.231650545194 : 2898 : 3 : 0 : 2 : 0 : 1 : 3 : 1.0 ：0
ovl_posix_acl_xattr_set : 8 : 21 : 27165.850848468726 : 2303 : 1 : 15 : 0 : 0 : 12 : 3 : 0.6 ：0
ovl_workdir_ok : 2 : 2 : 892.7018845290742 : 2948 : 4 : 2 : 3 : 0 : 2 : 2 : 0.8 ：0
ovl_check_namelen : 3 : 2 : 1295.4615987006857 : 2163 : 5 : 3 : 7 : 0 : 3 : 1 : 0.8 ：0
ovl_lower_dir : 4 : 13 : 19313.700539725516 : 2898 : 4 : 13 : 3 : 0 : 4 : 2 : 0.8 ：0
ovl_mount_dir : 2 : 4 : 2779.6154743748757 : 2898 : 4 : 11 : 6 : 0 : 3 : 3 : 0.8 ：0
ovl_mount_dir_noesc : 2 : 9 : 6364.7717814862835 : 2898 : 5 : 5 : 11 : 0 : 6 : 2 : 0.6 ：0
ovl_workdir_create : 0 : 29 : 35919.42845431464 : 1963 : 5 : 16 : 7 : 0 : 17 : 4 : 0.19999999999999996 ：0
ovl_unescape : 1 : 4 : 1887.0281576789143 : 2920 : 5 : 0 : 7 : 0 : 1 : 2 : 0.8 ：0
ovl_parse_redirect_mode : 2 : 9 : 6319.131955248534 : 1803 : 4 : 2 : 3 : 0 : 0 : 2 : 0.8 ：0
ovl_next_opt : 0 : 7 : 5303.723288005353 : 2920 : 4 : 0 : 3 : 1 : 4 : 3 : 0.8 ：0
ovl_parse_opt : 2 : 62 : 206541.10350363303 : 2948 : 3 : 11 : 2 : 0 : 6 : 3 : 0.3999999999999999 ：0
ovl_remount : 3 : 6 : 3109.1666666666665 : 2871 : 1 : 8 : 0 : 0 : 4 : 3 : 1.0 ：0
ovl_show_options : 2 : 12 : 33063.738928673854 : 2948 : 1 : 7 : 0 : 0 : 2 : 2 : 0.8 ：0
ovl_statfs : 2 : 2 : 2677.962023564074 : 2948 : 1 : 2 : 0 : 0 : 5 : 2 : 1.0 ：0
ovl_sync_fs : 2 : 8 : 10991.695681105266 : 2110 : 1 : 6 : 0 : 0 : 5 : 2 : 0.8 ：0
ovl_free_fs : 1 : 6 : 26715.006337052022 : 1834 : 3 : 8 : 3 : 0 : 2 : 2 : 0.8 ：0
ovl_alloc_inode : 0 : 2 : 3702.900558241565 : 1963 : 1 : 2 : 0 : 0 : 2 : 1 : 1.0 ：0
ovl_free_inode : 1 : 1 : 816.8444099337116 : 1296 : 1 : 4 : 0 : 0 : 1 : 1 : 0.8 ：0
ovl_destroy_inode : 1 : 2 : 1256.572851350808 : 1963 : 1 : 5 : 0 : 0 : 1 : 1 : 1.0 ：0
ovl_revalidate_real : 3 : 7 : 3169.1409121866823 : 976 : 3 : 1 : 3 : 0 : 2 : 3 : 0.8 ：0
ovl_dentry_revalidate_common : 3 : 4 : 5311.311206265354 : 976 : 2 : 3 : 2 : 0 : 4 : 2 : 1.0 ：1
ovl_entry_stack_free : 1 : 2 : 1054.1561814669028 : 1834 : 3 : 1 : 3 : 0 : 0 : 1 : 1.0 ：0
ovl_dentry_release : 1 : 2 : 725.5669502509622 : 976 : 1 : 3 : 0 : 0 : 1 : 2 : 1.0 ：0
ovl_d_real : 0 : 17 : 16435.665464800757 : 736 : 1 : 7 : 0 : 0 : 9 : 2 : 0.8 ：0
