l2cap_sock_destruct : 1 : 3 : 2959.7462018109186 : 3623 : 3 : 5 : 3 : 0 : 0 : 2 : 1.0 ：0
l2cap_sock_defer_cb : 1 : 2 : 1478.099408451478 : 3008 : 1 : 3 : 0 : 0 : 0 : 1 : 1.0 ：0
l2cap_sock_filter : 2 : 3 : 889.8492590700724 : 106 : 1 : 1 : 0 : 0 : 1 : 2 : 1.0 ：0
l2cap_sock_alloc : 0 : 3 : 4931.0406380004415 : 3253 : 2 : 15 : 2 : 0 : 5 : 2 : 1.0 ：0
l2cap_sock_teardown_cb : 2 : 8 : 12231.378378608697 : 3140 : 1 : 26 : 0 : 0 : 2 : 3 : 0.8 ：1
l2cap_sock_resume_cb : 1 : 2 : 1724.0316104538663 : 2644 : 1 : 3 : 0 : 0 : 1 : 2 : 1.0 ：0
l2cap_sock_init : 2 : 9 : 27535.27373106942 : 3498 : 2 : 11 : 2 : 0 : 2 : 3 : 0.6 ：0
l2cap_sock_set_shutdown_cb : 1 : 1 : 588.5946491400488 : 2643 : 1 : 2 : 0 : 0 : 1 : 1 : 1.0 ：0
l2cap_skb_msg_name : 3 : 1 : 2524.9356222175556 : 2645 : 3 : 4 : 3 : 0 : 0 : 1 : 1.0 ：0
l2cap_init_sockets : 1 : 6 : 3999.254988960684 : 3623 : 1 : 8 : 0 : 0 : 5 : 2 : 1.0 ：0
l2cap_sock_ready_cb : 1 : 2 : 3197.294986659898 : 3140 : 1 : 4 : 0 : 0 : 2 : 1 : 1.0 ：0
l2cap_sock_state_change_cb : 3 : 2 : 585.4574702025006 : 3498 : 1 : 0 : 0 : 0 : 1 : 1 : 1.0 ：0
l2cap_sock_recv_cb : 2 : 11 : 12073.967636161235 : 3498 : 1 : 5 : 0 : 0 : 5 : 2 : 0.8 ：0
l2cap_sock_alloc_skb_cb : 0 : 2 : 3167.002221023307 : 3253 : 1 : 5 : 0 : 0 : 4 : 1 : 0.8 ：0
l2cap_sock_create : 4 : 9 : 4845.358017745191 : 3623 : 1 : 31 : 0 : 0 : 1 : 1 : 1.0 ：0
l2cap_sock_suspend_cb : 1 : 1 : 745.5112786093492 : 2592 : 1 : 2 : 0 : 0 : 1 : 1 : 1.0 ：0
l2cap_sock_new_connection_cb : 0 : 4 : 6000.473926985501 : 3498 : 1 : 36 : 0 : 0 : 2 : 2 : 0.8 ：0
l2cap_sock_sendmsg : 3 : 5 : 6948.379201938467 : 3623 : 1 : 9 : 0 : 0 : 6 : 1 : 0.6 ：0
l2cap_sock_setsockopt_old : 4 : 20 : 49132.10560070029 : 3623 : 2 : 10 : 1 : 0 : 5 : 3 : 0.6 ：0
l2cap_sock_getsockopt : 5 : 39 : 67672.32458595462 : 3623 : 1 : 28 : 0 : 0 : 6 : 3 : 0.6 ：0
l2cap_sock_cleanup_listen : 1 : 2 : 5406.1919563897445 : 2249 : 2 : 17 : 1 : 0 : 2 : 2 : 0.8 ：0
l2cap_sock_shutdown : 2 : 23 : 45109.87172578657 : 3623 : 2 : 18 : 1 : 0 : 8 : 2 : 0.3999999999999999 ：0
l2cap_sock_recvmsg : 4 : 15 : 23054.579197287312 : 3623 : 1 : 10 : 0 : 0 : 8 : 3 : 0.3999999999999999 ：0
l2cap_sock_setsockopt : 5 : 59 : 124897.11828732448 : 3623 : 1 : 30 : 0 : 0 : 7 : 4 : 0.6 ：0
l2cap_sock_getname : 3 : 7 : 10150.884151310729 : 3623 : 1 : 5 : 0 : 0 : 3 : 2 : 1.0 ：0
l2cap_sock_kill : 1 : 3 : 1825.3633015663688 : 3078 : 3 : 7 : 4 : 0 : 0 : 1 : 1.0 ：0
__l2cap_wait_ack : 2 : 9 : 11576.502746055878 : 2643 : 0 : 0 : 0 : 0 : 3 : 3 : 0.8 ：0
l2cap_set_mode : 2 : 14 : 9540.133378766976 : 282 : 2 : 2 : 1 : 0 : 0 : 2 : 0.8 ：0
l2cap_sock_release : 1 : 2 : 4365.0 : 3623 : 1 : 35 : 0 : 0 : 4 : 1 : 0.8 ：0
l2cap_valid_mtu : 2 : 4 : 598.278331992265 : 3140 : 3 : 0 : 2 : 0 : 3 : 2 : 1.0 ：0
l2cap_get_mode : 1 : 6 : 815.2398427821308 : 282 : 2 : 0 : 1 : 0 : 5 : 2 : 1.0 ：0
l2cap_sock_getsockopt_old : 4 : 24 : 43707.63720305199 : 3623 : 2 : 13 : 1 : 0 : 6 : 3 : 0.6 ：0
l2cap_sock_accept : 4 : 9 : 12176.111111111113 : 3623 : 1 : 12 : 0 : 0 : 5 : 3 : 0.6 ：0
l2cap_sock_listen : 2 : 15 : 11823.627665443822 : 3623 : 1 : 5 : 0 : 0 : 8 : 3 : 0.3999999999999999 ：0
l2cap_sock_bind : 3 : 30 : 38652.135976882666 : 3623 : 1 : 19 : 0 : 0 : 8 : 2 : 0.6 ：0
l2cap_sock_connect : 4 : 24 : 37518.90172073284 : 3623 : 1 : 15 : 0 : 0 : 5 : 2 : 0.6 ：0
l2cap_validate_bredr_psm : 1 : 4 : 1752.732698067567 : 2592 : 2 : 1 : 1 : 0 : 0 : 1 : 1.0 ：0
l2cap_validate_le_psm : 1 : 4 : 1428.5595658230952 : 2592 : 2 : 1 : 1 : 0 : 0 : 1 : 1.0 ：0
