io_recvmsg_multishot : 5 : 7 : 26102.642532264847 : 412 : 2 : 4 : 1 : 0 : 4 : 2 : 0.8 ：0
io_sendmsg_zc : 2 : 21 : 36355.230159830724 : 354 : 1 : 31 : 0 : 0 : 5 : 3 : 0.3999999999999999 ：0
io_send_zc_cleanup : 1 : 5 : 4066.58558111056 : 345 : 1 : 4 : 0 : 0 : 2 : 2 : 0.6 ：0
io_connect : 2 : 20 : 21106.353657975244 : 394 : 0 : 10 : 3 : 0 : 10 : 3 : 0.3999999999999999 ：0
io_connect_prep_async : 1 : 1 : 1234.9195251610977 : 412 : 1 : 13 : 0 : 0 : 2 : 1 : 1.0 ：0
io_accept_prep : 2 : 12 : 13813.69443815708 : 412 : 1 : 18 : 0 : 0 : 2 : 2 : 0.8 ：0
io_recvmsg : 2 : 35 : 65565.19964800686 : 354 : 1 : 39 : 0 : 0 : 12 : 4 : 0.3999999999999999 ：0
io_sendrecv_fail : 1 : 5 : 2508.3758307632934 : 354 : 1 : 1 : 0 : 0 : 1 : 1 : 1.0 ：0
io_socket_prep : 2 : 7 : 6361.573924399854 : 412 : 1 : 14 : 0 : 0 : 1 : 1 : 1.0 ：0
io_accept : 2 : 17 : 20897.033180207098 : 394 : 0 : 13 : 2 : 0 : 9 : 3 : 0.3999999999999999 ：0
io_socket : 2 : 10 : 10620.913928748007 : 394 : 0 : 10 : 2 : 0 : 5 : 2 : 0.8 ：0
io_sg_from_iter : 4 : 10 : 24382.330670699303 : 354 : 2 : 11 : 1 : 0 : 7 : 2 : 0.8 ：0
io_send_zc_prep : 2 : 17 : 43895.73034539553 : 354 : 1 : 9 : 0 : 0 : 4 : 3 : 0.6 ：0
io_connect_prep : 2 : 5 : 2626.624807470569 : 412 : 1 : 14 : 0 : 0 : 1 : 1 : 1.0 ：0
io_recv : 2 : 26 : 43906.84353189364 : 354 : 1 : 18 : 0 : 0 : 10 : 4 : 0.3999999999999999 ：0
io_send_zc : 2 : 24 : 63316.99421823039 : 345 : 1 : 39 : 0 : 0 : 11 : 3 : 0.6 ：0
io_recvmsg_prep_async : 1 : 3 : 1173.972694624409 : 412 : 1 : 6 : 0 : 0 : 2 : 1 : 1.0 ：0
__io_compat_recvmsg_copy_hdr : 2 : 13 : 18766.84036705315 : 412 : 0 : 0 : 0 : 0 : 6 : 3 : 0.6 ：0
io_recv_finish : 5 : 10 : 10003.679424302169 : 412 : 2 : 5 : 2 : 0 : 4 : 3 : 0.8 ：0
io_recvmsg_prep_multishot : 4 : 4 : 7581.818355333433 : 412 : 2 : 0 : 1 : 0 : 0 : 2 : 1.0 ：0
io_recvmsg_copy_hdr : 2 : 2 : 987.9459312028516 : 412 : 2 : 0 : 2 : 0 : 0 : 1 : 1.0 ：1
io_send_prep_async : 1 : 4 : 3038.3731138824564 : 354 : 1 : 8 : 0 : 0 : 4 : 1 : 1.0 ：0
io_send : 2 : 19 : 41168.67581411994 : 345 : 1 : 19 : 0 : 0 : 11 : 3 : 0.6 ：0
__io_recvmsg_copy_hdr : 2 : 11 : 26441.016012459873 : 412 : 0 : 0 : 0 : 0 : 5 : 3 : 0.6 ：0
io_recvmsg_multishot_overflow : 1 : 4 : 1976.5428402504424 : 412 : 0 : 0 : 0 : 0 : 5 : 1 : 1.0 ：0
io_sendmsg : 2 : 19 : 32938.30487518062 : 354 : 1 : 25 : 0 : 0 : 7 : 3 : 0.3999999999999999 ：0
io_recv_prep_retry : 1 : 1 : 1498.4175972339776 : 412 : 3 : 1 : 3 : 0 : 1 : 1 : 1.0 ：0
io_sendmsg_prep_async : 1 : 3 : 1173.972694624409 : 412 : 1 : 8 : 0 : 0 : 2 : 1 : 1.0 ：0
io_sendmsg_copy_hdr : 2 : 1 : 3617.17038354959 : 354 : 2 : 2 : 3 : 0 : 3 : 1 : 1.0 ：0
io_recvmsg_prep : 2 : 14 : 17090.274769313513 : 412 : 1 : 4 : 0 : 0 : 1 : 2 : 0.8 ：0
io_setup_async_addr : 3 : 4 : 2869.5746075556535 : 354 : 2 : 7 : 2 : 0 : 2 : 1 : 1.0 ：0
io_sendmsg_prep : 2 : 9 : 13363.18357112563 : 412 : 1 : 3 : 0 : 0 : 1 : 2 : 0.8 ：0
io_msg_alloc_async : 0 : 4 : 5320.131265131361 : 354 : 3 : 3 : 11 : 0 : 6 : 3 : 0.6 ：0
io_setup_async_msg : 3 : 7 : 10172.033250560287 : 277 : 2 : 9 : 3 : 0 : 2 : 2 : 0.6 ：1
io_netmsg_recycle : 2 : 5 : 2357.8188613971533 : 354 : 2 : 2 : 3 : 0 : 1 : 2 : 1.0 ：0
io_shutdown_prep : 2 : 6 : 1955.7463945353954 : 412 : 1 : 10 : 0 : 0 : 1 : 1 : 1.0 ：0
io_shutdown : 2 : 2 : 2465.217391304348 : 394 : 0 : 6 : 2 : 0 : 4 : 1 : 1.0 ：0
io_check_multishot : 2 : 3 : 1469.8296653670059 : 277 : 0 : 0 : 5 : 0 : 0 : 1 : 1.0 ：0
