br_getinfo : 2 : 1 : 3243.8719193569195 : 6697 : 1 : 1 : 0 : 0 : 0 : 1 : 1.0 ：0
br_netpoll_enable : 1 : 2 : 299.82920011203635 : 3741 : 1 : 0 : 0 : 0 : 0 : 1 : 1.0 ：0
br_netpoll_setup : 2 : 5 : 2539.3158832274084 : 5074 : 1 : 6 : 0 : 0 : 6 : 2 : 1.0 ：0
br_netpoll_cleanup : 1 : 1 : 848.6695168142456 : 5074 : 2 : 3 : 1 : 0 : 2 : 1 : 1.0 ：0
br_dev_init : 1 : 5 : 5295.930996422259 : 4780 : 1 : 9 : 0 : 0 : 6 : 2 : 0.8 ：0
br_dev_setup : 1 : 3 : 17789.056648983136 : 6959 : 1 : 12 : 0 : 0 : 1 : 1 : 0.6 ：0
br_dev_open : 1 : 2 : 1241.2654007420442 : 6959 : 1 : 7 : 0 : 0 : 1 : 1 : 1.0 ：0
__br_netpoll_enable : 1 : 3 : 2856.8901341993524 : 3741 : 0 : 0 : 0 : 0 : 4 : 2 : 1.0 ：0
br_set_mac_address : 2 : 5 : 5192.245863285469 : 6697 : 1 : 6 : 0 : 0 : 2 : 2 : 0.8 ：0
br_get_link_ksettings : 2 : 7 : 9297.49421931814 : 1636 : 1 : 4 : 0 : 0 : 4 : 2 : 0.8 ：0
br_dev_stop : 1 : 2 : 1065.1670951945086 : 6959 : 1 : 6 : 0 : 0 : 1 : 1 : 1.0 ：0
br_dev_xmit : 2 : 28 : 45324.27436158948 : 3345 : 1 : 35 : 0 : 0 : 14 : 3 : 0.3999999999999999 ：1
br_fill_forward_path : 2 : 11 : 21400.06963975587 : 1139 : 1 : 7 : 0 : 0 : 3 : 2 : 0.8 ：0
br_netpoll_disable : 1 : 2 : 728.0 : 5074 : 3 : 0 : 2 : 0 : 1 : 1 : 1.0 ：0
br_dev_uninit : 1 : 1 : 793.9896569128784 : 2581 : 1 : 6 : 0 : 0 : 1 : 1 : 1.0 ：0
br_change_mtu : 2 : 4 : 2565.3876640353683 : 6959 : 1 : 3 : 0 : 0 : 1 : 1 : 1.0 ：0
