sctp_diag_dump : 3 : 10 : 29365.251003689256 : 0 : 1 : 102 : 0 : 0 : 6 : 2 : 0.8 ：0
sctp_diag_get_info : 3 : 3 : 4053.359255334885 : 0 : 4 : 3 : 7 : 0 : 1 : 2 : 0.8 ：0
sctp_sock_dump : 3 : 16 : 41775.230769230766 : 0 : 2 : 47 : 1 : 0 : 14 : 3 : 0.6 ：0
sctp_sock_filter : 3 : 4 : 4293.06002044514 : 0 : 2 : 1 : 1 : 0 : 3 : 1 : 1.0 ：0
sctp_diag_dump_one : 2 : 2 : 29700.33755897733 : 0 : 1 : 60 : 0 : 0 : 3 : 2 : 1.0 ：0
sctp_sock_dump_one : 3 : 7 : 13460.957957702232 : 0 : 2 : 55 : 1 : 0 : 11 : 2 : 0.8 ：0
sctp_ep_dump : 2 : 19 : 23731.86442343963 : 0 : 2 : 47 : 1 : 0 : 16 : 2 : 0.8 ：0
inet_diag_msg_sctpaddrs_fill : 2 : 2 : 6173.43659006934 : 0 : 4 : 5 : 7 : 0 : 4 : 2 : 0.8 ：0
inet_assoc_attr_size : 1 : 1 : 4200.882790877928 : 0 : 3 : 3 : 2 : 0 : 3 : 1 : 1.0 ：0
inet_sctp_diag_fill : 10 : 24 : 47825.17310424622 : 0 : 3 : 40 : 6 : 0 : 15 : 2 : 0.19999999999999996 ：1
inet_diag_msg_sctpasoc_fill : 3 : 4 : 28727.442036024007 : 0 : 4 : 6 : 7 : 0 : 2 : 2 : 0.8 ：0
inet_diag_msg_sctpladdrs_fill : 2 : 2 : 7466.883157401495 : 0 : 4 : 5 : 7 : 0 : 5 : 2 : 0.8 ：0
