em28xx_pre_card_setup : 1 : 16 : 66650.88628899293 : 3034 : 4 : 15 : 5 : 0 : 0 : 1 : 0.8 ：0
em28xx_hint_board : 1 : 18 : 87502.27068254318 : 3260 : 4 : 3 : 3 : 0 : 1 : 2 : 0.6 ：0
em28xx_usb_probe : 2 : 74 : 288831.3451369229 : 3260 : 1 : 114 : 0 : 0 : 17 : 2 : 0.3999999999999999 ：0
em28xx_init_dev : 4 : 27 : 77901.58609233554 : 1231 : 2 : 72 : 1 : 0 : 5 : 3 : 0.3999999999999999 ：0
em28xx_usb_resume : 1 : 2 : 510.5003711595131 : 2488 : 1 : 2 : 0 : 0 : 1 : 0 : 1.0 ：0
em28xx_media_device_init : 2 : 5 : 3653.4030889121605 : 1995 : 3 : 3 : 2 : 0 : 1 : 0 : 1.0 ：0
em28xx_release_resources : 1 : 3 : 3122.5983909002016 : 1231 : 3 : 10 : 3 : 0 : 1 : 0 : 0.8 ：0
em28xx_usb_disconnect : 1 : 5 : 9712.173913043478 : 3260 : 1 : 33 : 0 : 0 : 1 : 1 : 0.8 ：1
em28xx_duplicate_dev : 1 : 5 : 7893.017125550586 : 1231 : 2 : 6 : 1 : 0 : 2 : 2 : 0.8 ：0
request_module_async : 1 : 16 : 13454.56904958155 : 3260 : 3 : 3 : 2 : 0 : 0 : 1 : 0.8 ：0
em28xx_free_device : 1 : 3 : 1590.930497014588 : 1231 : 2 : 14 : 1 : 0 : 1 : 0 : 1.0 ：0
em28xx_unregister_media_device : 1 : 2 : 1004.2896200952083 : 1995 : 4 : 3 : 4 : 0 : 0 : 1 : 1.0 ：0
em28xx_check_usb_descriptor : 8 : 23 : 49981.73737537807 : 1231 : 2 : 6 : 1 : 0 : 1 : 4 : 0.6 ：0
em28xx_usb_suspend : 2 : 2 : 510.5003711595131 : 2695 : 1 : 2 : 0 : 0 : 1 : 0 : 1.0 ：0
em28xx_setup_xc3028 : 2 : 18 : 12061.132234908144 : 2744 : 1 : 1 : 0 : 0 : 0 : 1 : 1.0 ：0
em28xx_card_setup : 1 : 53 : 166347.22521140764 : 3260 : 3 : 35 : 2 : 0 : 2 : 3 : 0.6 ：0
em28xx_set_model : 1 : 2 : 3079.5350059533707 : 3034 : 4 : 3 : 5 : 0 : 0 : 0 : 1.0 ：0
em28xx_wait_until_ac97_features_equals : 2 : 6 : 3977.025362779376 : 1962 : 5 : 5 : 6 : 0 : 2 : 1 : 0.8 ：0
em28xx_tuner_callback : 4 : 5 : 2259.6551600193393 : 2752 : 1 : 1 : 0 : 0 : 4 : 0 : 1.0 ：0
em28xx_set_xclk_i2c_speed : 1 : 6 : 5465.640577012991 : 1231 : 5 : 2 : 12 : 0 : 2 : 0 : 0.6 ：0
