binder_alloc_deferred_release : 1 : 9 : 35019.09556005672 : 628 : 1 : 103 : 0 : 0 : 4 : 3 : 0.3999999999999999 ：0
print_binder_buffer : 3 : 1 : 1056.4772831737498 : 1869 : 2 : 1 : 1 : 0 : 0 : 1 : 1.0 ：0
binder_alloc_get_allocated_count : 1 : 2 : 1795.8662608894442 : 1869 : 1 : 4 : 0 : 0 : 3 : 1 : 0.8 ：0
binder_alloc_copy_user_to_buffer : 5 : 4 : 7177.46908153322 : 1294 : 1 : 11 : 0 : 0 : 4 : 2 : 0.8 ：0
binder_alloc_shrinker_init : 1 : 3 : 1089.1258799116154 : 1827 : 1 : 3 : 0 : 0 : 2 : 2 : 1.0 ：0
binder_alloc_get_page : 0 : 1 : 2032.614864880887 : 628 : 3 : 0 : 7 : 0 : 3 : 1 : 0.8 ：0
check_buffer : 4 : 6 : 1123.7767678965988 : 1294 : 3 : 5 : 4 : 0 : 1 : 1 : 0.8 ：0
binder_alloc_clear_buf : 2 : 2 : 3923.0590311890105 : 628 : 2 : 7 : 2 : 0 : 4 : 2 : 0.8 ：0
binder_delete_free_buffer : 2 : 7 : 25628.767610054816 : 1869 : 3 : 33 : 3 : 0 : 1 : 3 : 0.6 ：0
binder_alloc_print_allocated : 2 : 2 : 2015.6591497205031 : 1869 : 1 : 7 : 0 : 0 : 1 : 1 : 0.8 ：0
binder_alloc_do_buffer_copy : 6 : 4 : 7506.8786074094605 : 1294 : 2 : 10 : 2 : 0 : 2 : 2 : 0.8 ：0
binder_alloc_print_pages : 2 : 7 : 13441.3484551712 : 1823 : 1 : 8 : 0 : 0 : 6 : 2 : 0.8 ：0
binder_alloc_free_buf : 2 : 6 : 4541.456349270624 : 628 : 1 : 90 : 0 : 0 : 0 : 2 : 0.8 ：0
binder_free_buf_locked : 2 : 6 : 30470.594145871837 : 1869 : 2 : 79 : 2 : 0 : 2 : 3 : 0.3999999999999999 ：0
binder_alloc_mmap_handler : 2 : 7 : 24882.37132228908 : 1869 : 1 : 22 : 0 : 0 : 7 : 2 : 0.6 ：1
binder_alloc_new_buf : 0 : 1 : 1132.6676026398472 : 1869 : 1 : 71 : 0 : 0 : 2 : 1 : 0.8 ：0
binder_alloc_new_buf_locked : 0 : 26 : 171186.77732985662 : 1869 : 2 : 68 : 1 : 0 : 14 : 3 : 0.3999999999999999 ：0
binder_alloc_get_vma : 0 : 2 : 888.8788321880702 : 30 : 3 : 1 : 3 : 0 : 2 : 1 : 0.8 ：0
binder_alloc_set_vma : 2 : 2 : 3053.382112423574 : 30 : 2 : 2 : 2 : 0 : 0 : 2 : 0.8 ：1
binder_update_page_range : 4 : 27 : 81963.04249160075 : 1869 : 4 : 20 : 9 : 0 : 14 : 3 : 0.19999999999999996 ：0
debug_low_async_space_locked : 2 : 11 : 19326.94316663879 : 725 : 3 : 8 : 2 : 0 : 6 : 3 : 0.6 ：0
binder_alloc_prepare_to_free : 0 : 1 : 946.2258536195586 : 1054 : 1 : 6 : 0 : 0 : 2 : 1 : 0.8 ：0
binder_insert_free_buffer : 2 : 3 : 8269.401072749914 : 1869 : 3 : 9 : 6 : 0 : 5 : 2 : 0.6 ：0
binder_insert_allocated_buffer_locked : 2 : 5 : 7041.521739130434 : 1869 : 3 : 5 : 2 : 0 : 3 : 2 : 0.8 ：0
binder_alloc_prepare_to_free_locked : 0 : 6 : 7031.318095304309 : 1869 : 2 : 3 : 1 : 0 : 4 : 3 : 0.8 ：0
