prp_drop_frame : 2 : 4 : 1085.0961527864172 : 608 : 2 : 0 : 1 : 0 : 0 : 1 : 1.0 ：0
handle_std_frame : 2 : 3 : 4927.012612909948 : 807 : 2 : 2 : 2 : 0 : 2 : 2 : 0.8 ：0
hsr_forward_skb : 2 : 6 : 8355.510125971514 : 3018 : 1 : 34 : 0 : 0 : 2 : 2 : 0.8 ：0
fill_frame_info : 3 : 7 : 21944.24720416844 : 807 : 2 : 18 : 1 : 0 : 7 : 2 : 0.8 ：0
hsr_xmit : 3 : 2 : 2567.5385759414817 : 3018 : 3 : 4 : 2 : 0 : 0 : 2 : 1.0 ：0
prp_fill_rct : 0 : 5 : 5946.077496220029 : 807 : 2 : 7 : 1 : 0 : 6 : 1 : 0.8 ：0
hsr_fill_tag : 0 : 3 : 7875.890625024398 : 813 : 2 : 6 : 1 : 0 : 4 : 1 : 1.0 ：0
prp_fill_frame_info : 3 : 3 : 3216.4947851949923 : 807 : 1 : 6 : 0 : 0 : 1 : 2 : 1.0 ：0
prp_create_tagged_frame : 0 : 5 : 6463.385010753643 : 807 : 1 : 15 : 0 : 0 : 4 : 3 : 1.0 ：0
hsr_deliver_master : 3 : 3 : 3649.8913043478256 : 3018 : 3 : 3 : 2 : 0 : 2 : 2 : 1.0 ：0
hsr_forward_do : 1 : 20 : 29347.107191347728 : 3018 : 2 : 12 : 1 : 0 : 4 : 3 : 0.6 ：0
hsr_create_tagged_frame : 0 : 8 : 14904.363644290683 : 807 : 1 : 15 : 0 : 0 : 3 : 2 : 0.8 ：0
hsr_fill_frame_info : 3 : 6 : 6882.692367753355 : 807 : 1 : 5 : 0 : 0 : 2 : 2 : 1.0 ：0
check_local_dest : 3 : 5 : 2912.5974285831144 : 3018 : 3 : 2 : 2 : 0 : 0 : 2 : 1.0 ：0
hsr_set_path_id : 2 : 2 : 691.508495181978 : 807 : 3 : 1 : 3 : 0 : 1 : 1 : 1.0 ：0
hsr_drop_frame : 2 : 2 : 376.4444444444445 : 608 : 1 : 1 : 0 : 0 : 1 : 1 : 1.0 ：0
hsr_get_untagged_frame : 0 : 3 : 3079.27362764316 : 807 : 1 : 10 : 0 : 0 : 1 : 3 : 1.0 ：1
prp_get_untagged_frame : 0 : 3 : 5033.917095419978 : 807 : 1 : 4 : 0 : 0 : 1 : 3 : 1.0 ：0
create_stripped_skb_hsr : 0 : 4 : 6412.858346466115 : 807 : 2 : 7 : 1 : 0 : 4 : 1 : 1.0 ：0
prp_set_lan_id : 2 : 2 : 1689.1970875382326 : 807 : 3 : 1 : 3 : 0 : 1 : 1 : 1.0 ：0
is_supervision_frame : 2 : 21 : 54820.63590017082 : 3018 : 3 : 8 : 2 : 0 : 17 : 2 : 0.6 ：0
