fq_pie_dump_stats : 2 : 1 : 8540.480964685688 : 707 : 1 : 5 : 0 : 0 : 2 : 2 : 0.8 ：0
fq_pie_dump : 2 : 15 : 13827.252924919007 : 707 : 1 : 7 : 0 : 0 : 3 : 1 : 1.0 ：0
fq_pie_timer : 1 : 4 : 9439.928173241648 : 707 : 2 : 7 : 1 : 0 : 4 : 1 : 0.8 ：0
fq_pie_init : 3 : 8 : 19082.54156755988 : 707 : 1 : 41 : 0 : 0 : 8 : 2 : 0.3999999999999999 ：0
fq_pie_reset : 1 : 2 : 5945.899687230161 : 707 : 1 : 4 : 0 : 0 : 3 : 2 : 1.0 ：0
fq_pie_destroy : 1 : 1 : 939.6946036715768 : 707 : 1 : 4 : 0 : 0 : 1 : 1 : 0.8 ：1
fq_pie_change : 3 : 22 : 63532.15623128286 : 707 : 2 : 22 : 1 : 0 : 8 : 3 : 0.3999999999999999 ：0
fq_pie_qdisc_dequeue : 0 : 10 : 21537.38512609804 : 707 : 3 : 10 : 2 : 0 : 9 : 2 : 0.8 ：0
fq_pie_qdisc_enqueue : 3 : 17 : 47089.19460326757 : 707 : 1 : 21 : 0 : 0 : 11 : 3 : 0.6 ：0
dequeue_head : 0 : 1 : 559.6811735424678 : 707 : 4 : 0 : 3 : 0 : 2 : 1 : 1.0 ：0
fq_pie_classify : 3 : 11 : 9899.311827461956 : 707 : 2 : 8 : 1 : 0 : 4 : 3 : 0.8 ：0
flow_queue_add : 2 : 2 : 1017.0124581693426 : 707 : 2 : 0 : 1 : 0 : 0 : 1 : 1.0 ：0
