V2_minix_iget : 0 : 3 : 18817.41377153629 : 4489 : 4 : 16 : 3 : 0 : 5 : 2 : 0.8 ：0
minix_set_inode : 2 : 6 : 5088.104449505769 : 5516 : 5 : 5 : 8 : 0 : 0 : 2 : 0.8 ：0
V2_minix_update_inode : 0 : 5 : 14596.522625913509 : 5516 : 2 : 10 : 1 : 0 : 6 : 1 : 1.0 ：0
minix_get_block : 4 : 2 : 834.5536264250227 : 3575 : 2 : 3 : 5 : 0 : 0 : 1 : 0.8 ：0
minix_write_inode : 2 : 7 : 5516.889485445295 : 5516 : 1 : 29 : 0 : 0 : 3 : 3 : 0.8 ：0
minix_truncate : 1 : 5 : 1189.419703764204 : 2711 : 3 : 6 : 3 : 0 : 0 : 1 : 1.0 ：0
minix_fill_super : 3 : 55 : 221278.14969601025 : 5516 : 2 : 52 : 1 : 0 : 25 : 2 : 0.3999999999999999 ：0
init_minix_fs : 1 : 5 : 919.4684628180298 : 5516 : 1 : 8 : 0 : 0 : 4 : 1 : 1.0 ：0
minix_write_failed : 2 : 2 : 1063.3308753677895 : 2711 : 2 : 8 : 1 : 0 : 1 : 2 : 1.0 ：0
V1_minix_update_inode : 0 : 5 : 11878.087804465398 : 5516 : 2 : 10 : 1 : 0 : 6 : 1 : 1.0 ：0
minix_remount : 3 : 10 : 15855.601893478628 : 5516 : 1 : 5 : 0 : 0 : 2 : 3 : 0.8 ：0
minix_iget : 0 : 4 : 2348.340026966706 : 4489 : 3 : 37 : 2 : 0 : 2 : 1 : 1.0 ：0
minix_statfs : 2 : 1 : 7052.939365723181 : 5516 : 1 : 4 : 0 : 0 : 3 : 1 : 0.8 ：0
minix_getattr : 4 : 2 : 4284.067667569557 : 5516 : 1 : 5 : 0 : 0 : 2 : 1 : 0.8 ：0
V1_minix_iget : 0 : 3 : 17461.66036791411 : 4489 : 4 : 16 : 3 : 0 : 5 : 2 : 0.8 ：0
minix_write_begin : 7 : 2 : 1052.8046991829706 : 3575 : 1 : 15 : 0 : 0 : 2 : 1 : 1.0 ：0
destroy_inodecache : 1 : 1 : 497.4684313282454 : 5516 : 2 : 2 : 2 : 0 : 0 : 1 : 1.0 ：0
minix_alloc_inode : 0 : 2 : 749.3344133714484 : 5516 : 1 : 1 : 0 : 0 : 2 : 1 : 1.0 ：0
init_inodecache : 1 : 2 : 846.8107981738729 : 5516 : 2 : 3 : 1 : 0 : 0 : 1 : 1.0 ：0
minix_evict_inode : 1 : 3 : 1300.258432267921 : 3575 : 1 : 11 : 0 : 0 : 0 : 2 : 1.0 ：0
minix_put_super : 1 : 5 : 8790.548902617398 : 5516 : 1 : 5 : 0 : 0 : 2 : 2 : 0.8 ：0
V1_minix_iget : 0 : 3 : 17461.66036791411 : 4489 : 4 : 16 : 3 : 0 : 5 : 2 : 0.8 ：0
minix_write_failed : 2 : 2 : 1063.3308753677895 : 2711 : 2 : 8 : 1 : 0 : 1 : 2 : 1.0 ：0
minix_get_block : 4 : 2 : 834.5536264250227 : 3575 : 2 : 3 : 5 : 0 : 0 : 1 : 0.8 ：0
minix_write_inode : 2 : 7 : 5516.889485445295 : 5516 : 1 : 29 : 0 : 0 : 3 : 3 : 0.8 ：0
minix_remount : 3 : 10 : 15855.601893478628 : 5516 : 1 : 5 : 0 : 0 : 2 : 3 : 0.8 ：0
init_minix_fs : 1 : 5 : 919.4684628180298 : 5516 : 1 : 8 : 0 : 0 : 4 : 1 : 1.0 ：0
minix_getattr : 4 : 2 : 4284.067667569557 : 5516 : 1 : 5 : 0 : 0 : 2 : 1 : 0.8 ：0
V1_minix_update_inode : 0 : 5 : 11878.087804465398 : 5516 : 2 : 10 : 1 : 0 : 6 : 1 : 1.0 ：0
V2_minix_iget : 0 : 3 : 18817.41377153629 : 4489 : 4 : 16 : 3 : 0 : 5 : 2 : 0.8 ：0
minix_set_inode : 2 : 6 : 5088.104449505769 : 5516 : 5 : 5 : 8 : 0 : 0 : 2 : 0.8 ：0
V2_minix_update_inode : 0 : 5 : 14596.522625913509 : 5516 : 2 : 10 : 1 : 0 : 6 : 1 : 1.0 ：0
minix_fill_super : 3 : 55 : 221278.14969601025 : 5516 : 2 : 52 : 1 : 0 : 25 : 2 : 0.3999999999999999 ：0
minix_write_begin : 7 : 2 : 1052.8046991829706 : 3575 : 1 : 15 : 0 : 0 : 2 : 1 : 1.0 ：0
minix_truncate : 1 : 5 : 1189.419703764204 : 2711 : 3 : 6 : 3 : 0 : 0 : 1 : 1.0 ：0
minix_iget : 0 : 4 : 2348.340026966706 : 4489 : 3 : 37 : 2 : 0 : 2 : 1 : 1.0 ：0
minix_statfs : 2 : 1 : 7052.939365723181 : 5516 : 1 : 4 : 0 : 0 : 3 : 1 : 0.8 ：0
minix_alloc_inode : 0 : 2 : 749.3344133714484 : 5516 : 1 : 1 : 0 : 0 : 2 : 1 : 1.0 ：0
destroy_inodecache : 1 : 1 : 497.4684313282454 : 5516 : 2 : 2 : 2 : 0 : 0 : 1 : 1.0 ：0
init_inodecache : 1 : 2 : 846.8107981738729 : 5516 : 2 : 3 : 1 : 0 : 0 : 1 : 1.0 ：0
minix_evict_inode : 1 : 3 : 1300.258432267921 : 3575 : 1 : 11 : 0 : 0 : 0 : 2 : 1.0 ：0
minix_put_super : 1 : 5 : 8790.548902617398 : 5516 : 1 : 5 : 0 : 0 : 2 : 2 : 0.8 ：0
