raw_ioctl_configure : 2 : 6 : 4626.572895851865 : 0 : 2 : 4 : 1 : 0 : 4 : 2 : 0.8 ：0
raw_ioctl : 3 : 18 : 18786.044098845563 : 0 : 1 : 246 : 0 : 0 : 3 : 2 : 0.8 ：0
raw_ioctl_ep_disable : 2 : 15 : 34900.0 : 0 : 2 : 6 : 1 : 0 : 8 : 2 : 0.3999999999999999 ：0
fill_ep_caps : 2 : 1 : 1387.6648943029095 : 0 : 3 : 0 : 2 : 0 : 0 : 1 : 1.0 ：0
raw_ioctl_ep_write : 2 : 2 : 1937.3640335892142 : 0 : 2 : 24 : 1 : 0 : 4 : 1 : 1.0 ：0
raw_ioctl_ep_read : 2 : 5 : 6929.150379543346 : 0 : 2 : 26 : 1 : 0 : 5 : 1 : 0.8 ：0
raw_ioctl_eps_info : 2 : 9 : 27584.81044166141 : 0 : 2 : 10 : 1 : 0 : 7 : 2 : 0.6 ：0
raw_ioctl_vbus_draw : 2 : 5 : 4709.293377006264 : 0 : 2 : 4 : 1 : 0 : 4 : 2 : 0.8 ：0
raw_ioctl_ep_set_clear_halt_wedge : 4 : 28 : 53947.649566914355 : 0 : 2 : 8 : 1 : 0 : 9 : 2 : 0.3999999999999999 ：0
raw_process_ep_io : 4 : 22 : 58867.4368223374 : 0 : 3 : 14 : 4 : 0 : 12 : 2 : 0.3999999999999999 ：0
raw_ioctl_ep0_write : 2 : 2 : 2017.0733298651344 : 0 : 2 : 20 : 1 : 0 : 4 : 1 : 1.0 ：0
raw_ioctl_ep_enable : 2 : 17 : 44086.83963216253 : 0 : 2 : 14 : 1 : 0 : 9 : 3 : 0.3999999999999999 ：0
gadget_ep_complete : 2 : 2 : 3448.8431043419873 : 0 : 4 : 3 : 5 : 0 : 2 : 1 : 0.8 ：0
raw_ioctl_ep0_stall : 2 : 13 : 13525.588785771135 : 0 : 2 : 5 : 1 : 0 : 6 : 2 : 0.6 ：0
raw_ioctl_event_fetch : 2 : 7 : 21244.457931685167 : 0 : 2 : 17 : 1 : 0 : 3 : 2 : 0.3999999999999999 ：0
raw_ioctl_run : 2 : 6 : 9075.880547154393 : 0 : 2 : 6 : 1 : 0 : 4 : 2 : 0.8 ：0
raw_process_ep0_io : 4 : 22 : 32106.37075559972 : 0 : 3 : 10 : 4 : 0 : 10 : 2 : 0.3999999999999999 ：0
raw_open : 2 : 3 : 2241.739626368549 : 0 : 1 : 8 : 0 : 0 : 1 : 1 : 1.0 ：0
gadget_bind : 2 : 4 : 23713.389507952583 : 0 : 3 : 26 : 2 : 0 : 5 : 2 : 0.8 ：0
raw_ioctl_init : 2 : 13 : 33962.41708719346 : 0 : 2 : 66 : 1 : 0 : 8 : 2 : 0.3999999999999999 ：1
raw_queue_event : 4 : 2 : 1741.7903692135653 : 0 : 4 : 9 : 6 : 0 : 2 : 2 : 0.6 ：0
gadget_setup : 2 : 10 : 9057.623155963414 : 0 : 3 : 15 : 2 : 0 : 6 : 2 : 0.6 ：0
raw_ioctl_ep0_read : 2 : 5 : 7118.890023060669 : 0 : 2 : 22 : 1 : 0 : 5 : 1 : 0.8 ：0
raw_event_queue_fetch : 0 : 3 : 13257.133172255917 : 0 : 3 : 6 : 2 : 0 : 3 : 2 : 0.8 ：0
get_ep_addr : 1 : 2 : 4912.710416567579 : 0 : 4 : 2 : 3 : 0 : 1 : 1 : 1.0 ：0
dev_new : 0 : 2 : 2501.136363636364 : 0 : 2 : 7 : 1 : 0 : 3 : 1 : 0.8 ：0
raw_alloc_io_data : 0 : 7 : 7283.6664653867065 : 0 : 3 : 5 : 8 : 0 : 2 : 2 : 0.6 ：0
gadget_unbind : 1 : 1 : 1078.9225880909942 : 0 : 3 : 11 : 2 : 0 : 1 : 1 : 1.0 ：0
raw_release : 2 : 6 : 9225.282118157544 : 0 : 1 : 13 : 0 : 0 : 5 : 2 : 0.6 ：0
dev_free : 1 : 5 : 16167.468316235634 : 0 : 4 : 7 : 4 : 0 : 2 : 2 : 0.8 ：0
gadget_ep0_complete : 2 : 3 : 3535.0641819505367 : 0 : 4 : 3 : 3 : 0 : 1 : 1 : 0.8 ：0
raw_event_queue_add : 4 : 4 : 11472.846416410322 : 0 : 5 : 6 : 7 : 0 : 1 : 2 : 0.6 ：0
raw_event_queue_destroy : 1 : 2 : 1501.1730005192321 : 0 : 5 : 1 : 5 : 0 : 1 : 1 : 1.0 ：0
