init_file : 3 : 2 : 3929.4231668506927 : 7 : 4 : 17 : 6 : 0 : 2 : 2 : 0.6 ：1
__fput_sync : 1 : 2 : 705.9149221649359 : 445 : 0 : 0 : 0 : 0 : 1 : 2 : 1.0 ：0
__fput : 1 : 10 : 14476.6772465544 : 445 : 0 : 0 : 0 : 0 : 5 : 2 : 0.6 ：0
alloc_empty_file : 0 : 8 : 8347.525598278486 : 7 : 3 : 28 : 3 : 0 : 5 : 2 : 0.8 ：0
alloc_file_pseudo : 0 : 4 : 6446.402528586092 : 1810 : 1 : 47 : 0 : 0 : 4 : 2 : 1.0 ：0
delayed_fput : 1 : 1 : 865.0325118285119 : 1407 : 2 : 2 : 1 : 0 : 1 : 1 : 1.0 ：0
alloc_file : 0 : 10 : 10812.372528981603 : 7 : 2 : 36 : 2 : 0 : 3 : 1 : 0.8 ：0
file_free : 1 : 3 : 1114.4119614974604 : 1810 : 0 : 0 : 0 : 0 : 0 : 1 : 1.0 ：0
alloc_empty_file_noaccount : 0 : 3 : 2432.124957356614 : 1804 : 1 : 21 : 0 : 0 : 3 : 1 : 1.0 ：0
alloc_empty_backing_file : 0 : 3 : 3076.620403446541 : 7 : 1 : 21 : 0 : 0 : 2 : 1 : 1.0 ：0
file_free_rcu : 1 : 2 : 1430.86914949295 : 1811 : 5 : 8 : 8 : 0 : 1 : 1 : 0.8 ：0
init_fs_stat_sysctls : 1 : 2 : 988.721398966747 : 520 : 1 : 4 : 0 : 0 : 1 : 2 : 1.0 ：0
files_maxfiles_init : 1 : 1 : 3079.7042677006107 : 2881 : 1 : 4 : 0 : 0 : 0 : 1 : 1.0 ：0
alloc_file_clone : 0 : 2 : 1389.284465806235 : 1810 : 1 : 39 : 0 : 0 : 2 : 2 : 1.0 ：0
