shrink_worker : 1 : 18 : 21608.952720017252 : 10 : 3 : 86 : 3 : 0 : 3 : 3 : 0.3999999999999999 ：0
zswap_shrinker_scan : 2 : 7 : 11273.348209129384 : 93 : 4 : 77 : 4 : 0 : 5 : 2 : 0.8 ：0
zswap_writeback_entry : 2 : 6 : 27008.36449000458 : 21 : 6 : 65 : 12 : 0 : 4 : 2 : 0.19999999999999996 ：0
zswap_setup : 1 : 14 : 16486.221522794614 : 331 : 2 : 220 : 2 : 0 : 7 : 2 : 0.3999999999999999 ：0
zswap_load : 1 : 4 : 8465.990767205614 : 21 : 1 : 66 : 0 : 0 : 8 : 2 : 0.8 ：0
shrink_memcg_cb : 4 : 13 : 35614.502477565366 : 21 : 5 : 70 : 11 : 0 : 6 : 3 : 0.19999999999999996 ：0
zswap_invalidate : 1 : 2 : 2125.15174550779 : 21 : 1 : 40 : 0 : 0 : 3 : 1 : 0.8 ：0
zswap_alloc_shrinker : 0 : 2 : 1701.0610038989807 : 10 : 3 : 89 : 3 : 0 : 3 : 1 : 1.0 ：0
zswap_store : 1 : 35 : 58040.714542678055 : 206 : 1 : 198 : 0 : 0 : 20 : 3 : 0.3999999999999999 ：0
zswap_fill_page : 2 : 1 : 997.851866120239 : 2233 : 2 : 1 : 1 : 0 : 0 : 1 : 1.0 ：0
zswap_debugfs_init : 1 : 2 : 5348.5377353618 : 3899 : 3 : 4 : 3 : 0 : 0 : 1 : 1.0 ：0
zswap_is_page_same_filled : 2 : 4 : 7637.65699577713 : 2233 : 2 : 0 : 1 : 0 : 0 : 2 : 1.0 ：0
zswap_swapoff : 1 : 3 : 3544.0869869887338 : 206 : 1 : 3 : 0 : 0 : 1 : 1 : 1.0 ：0
zswap_shrinker_count : 2 : 5 : 12050.50231006196 : 93 : 4 : 9 : 4 : 0 : 2 : 1 : 0.8 ：0
zswap_swapon : 2 : 4 : 6386.537282838627 : 206 : 1 : 4 : 0 : 0 : 0 : 2 : 0.8 ：0
shrink_memcg : 1 : 4 : 4079.6378641354877 : 21 : 4 : 75 : 5 : 0 : 0 : 2 : 1.0 ：0
zswap_compress : 2 : 17 : 34214.0594787299 : 21 : 2 : 17 : 1 : 0 : 9 : 1 : 0.3999999999999999 ：0
zswap_decompress : 2 : 5 : 11381.15722176763 : 21 : 7 : 17 : 14 : 0 : 3 : 2 : 0.6 ：1
zswap_cpu_comp_dead : 2 : 4 : 3454.4640395185506 : 2660 : 3 : 6 : 3 : 0 : 2 : 2 : 0.8 ：0
zswap_find_zpool : 0 : 2 : 1010.8045002244539 : 76 : 8 : 2 : 35 : 0 : 1 : 1 : 0.8 ：0
zswap_cpu_comp_prepare : 2 : 8 : 19153.49050167256 : 2660 : 3 : 15 : 3 : 0 : 8 : 2 : 0.6 ：0
zswap_entry_cache_alloc : 0 : 2 : 980.0358249575111 : 3899 : 2 : 2 : 1 : 0 : 3 : 1 : 1.0 ：0
zswap_memcg_offline_cleanup : 1 : 2 : 1132.6676026398472 : 93 : 1 : 3 : 0 : 0 : 0 : 1 : 0.8 ：0
zswap_entry_free : 1 : 3 : 2533.7606777153583 : 21 : 7 : 26 : 17 : 0 : 0 : 2 : 0.8 ：0
zswap_lru_del : 2 : 1 : 1542.3317825150457 : 21 : 8 : 8 : 18 : 0 : 2 : 1 : 0.6 ：0
zswap_rb_search : 0 : 5 : 3322.8590006672594 : 21 : 7 : 2 : 16 : 0 : 5 : 2 : 0.8 ：0
zswap_rb_insert : 3 : 5 : 6659.725056024604 : 21 : 2 : 4 : 1 : 0 : 2 : 3 : 1.0 ：0
zswap_lru_add : 2 : 4 : 17216.739032668076 : 21 : 2 : 13 : 1 : 0 : 4 : 2 : 0.8 ：0
zswap_folio_swapin : 1 : 2 : 684.8771071783901 : 76 : 1 : 2 : 0 : 0 : 1 : 2 : 1.0 ：0
__zswap_param_set : 4 : 22 : 48136.049660448414 : 3108 : 0 : 0 : 0 : 0 : 5 : 3 : 0.3999999999999999 ：0
zswap_enabled_param_set : 2 : 8 : 4851.203172948693 : 2596 : 1 : 225 : 0 : 0 : 2 : 2 : 0.6 ：0
zswap_pool_changed : 2 : 3 : 713.1660257805339 : 331 : 0 : 0 : 0 : 0 : 2 : 1 : 1.0 ：0
zswap_pool_current_get : 0 : 2 : 700.9998772744331 : 10 : 2 : 4 : 1 : 0 : 2 : 1 : 0.8 ：0
zswap_pool_find_get : 0 : 5 : 4178.977156124746 : 10 : 0 : 0 : 0 : 0 : 3 : 2 : 0.8 ：0
__zswap_pool_empty : 1 : 1 : 2102.7555327331174 : 10 : 0 : 0 : 0 : 0 : 1 : 1 : 0.8 ：0
__zswap_pool_current : 0 : 2 : 962.8421251514427 : 3108 : 0 : 0 : 0 : 0 : 2 : 1 : 1.0 ：0
zswap_pool_get : 1 : 2 : 243.7774500490386 : 10 : 3 : 1 : 3 : 0 : 0 : 1 : 1.0 ：0
zswap_pool_destroy : 1 : 2 : 2196.758025999522 : 10 : 0 : 0 : 0 : 0 : 1 : 1 : 1.0 ：0
__zswap_pool_release : 1 : 1 : 2728.0309158998853 : 3108 : 0 : 0 : 0 : 0 : 0 : 1 : 1.0 ：0
get_zswap_pool_size : 1 : 2 : 1401.5485594503136 : 10 : 9 : 1 : 20 : 0 : 3 : 1 : 0.8 ：0
zswap_pool_create : 0 : 18 : 35049.22136643692 : 3108 : 0 : 0 : 0 : 0 : 13 : 3 : 0.3999999999999999 ：0
zswap_update_total_size : 1 : 1 : 1049.681596386933 : 3108 : 8 : 5 : 19 : 0 : 2 : 1 : 0.6 ：0
__zswap_pool_create_fallback : 0 : 9 : 12320.738621374587 : 3108 : 0 : 0 : 0 : 0 : 1 : 2 : 0.6 ：0
