udf_fh_to_dentry : 0 : 4 : 1155.4105501817312 : 0 : 1 : 7 : 0 : 0 : 1 : 1 : 1.0 ：0
udf_nfs_get_inode : 0 : 5 : 3834.5479442394408 : 0 : 2 : 6 : 2 : 0 : 2 : 2 : 0.8 ：0
udf_encode_fh : 4 : 6 : 10267.017841577202 : 0 : 1 : 1 : 0 : 1 : 6 : 2 : 0.8 ：0
udf_fh_to_parent : 0 : 3 : 981.9145152614421 : 0 : 1 : 7 : 0 : 0 : 1 : 1 : 1.0 ：0
udf_rmdir : 2 : 12 : 14670.32727272727 : 0 : 1 : 49 : 0 : 0 : 9 : 2 : 0.8 ：0
udf_get_parent : 0 : 4 : 6016.698324686253 : 0 : 1 : 26 : 0 : 0 : 5 : 1 : 1.0 ：0
udf_rename : 5 : 36 : 96507.77432322418 : 0 : 1 : 102 : 0 : 0 : 17 : 3 : 0.3999999999999999 ：1
empty_dir : 1 : 16 : 47550.431728077005 : 0 : 2 : 7 : 2 : 0 : 9 : 3 : 0.3999999999999999 ：0
udf_create : 4 : 3 : 2967.008329017198 : 0 : 1 : 61 : 0 : 0 : 1 : 1 : 1.0 ：0
udf_mkdir : 3 : 7 : 33599.20801321146 : 0 : 1 : 59 : 0 : 0 : 8 : 2 : 0.3999999999999999 ：0
udf_tmpfile : 3 : 3 : 3260.499367576285 : 0 : 1 : 7 : 0 : 0 : 1 : 1 : 0.8 ：0
udf_symlink : 3 : 31 : 114287.0642242716 : 0 : 1 : 83 : 0 : 0 : 19 : 4 : 0.3999999999999999 ：0
udf_link : 3 : 5 : 14576.707975850632 : 0 : 1 : 56 : 0 : 0 : 4 : 2 : 0.6 ：0
udf_unlink : 2 : 10 : 14108.368731253806 : 0 : 1 : 41 : 0 : 0 : 10 : 2 : 0.8 ：0
udf_add_entry : 0 : 51 : 312143.8870956814 : 0 : 3 : 33 : 7 : 0 : 25 : 5 : 0.19999999999999996 ：0
udf_lookup : 0 : 6 : 8295.750720400742 : 0 : 1 : 24 : 0 : 0 : 5 : 2 : 0.8 ：0
udf_add_nondir : 2 : 3 : 11119.354825337998 : 0 : 2 : 55 : 3 : 0 : 5 : 2 : 1.0 ：0
udf_delete_entry : 4 : 2 : 1197.2306215973701 : 0 : 2 : 12 : 3 : 0 : 0 : 1 : 1.0 ：0
udf_find_entry : 0 : 35 : 102761.1859705511 : 0 : 2 : 16 : 5 : 0 : 23 : 6 : 0.3999999999999999 ：0
udf_write_fi : 6 : 23 : 136202.24060009976 : 0 : 4 : 9 : 19 : 0 : 6 : 3 : 0.3999999999999999 ：0
udf_mknod : 4 : 3 : 2038.474327820626 : 0 : 1 : 61 : 0 : 0 : 1 : 1 : 1.0 ：0
udf_match : 4 : 2 : 358.94557347153267 : 0 : 3 : 1 : 6 : 0 : 0 : 1 : 0.8 ：0
