zr364xx_release : 1 : 1 : 1660.2959858103716 : 3178 : 2 : 14 : 1 : 0 : 0 : 1 : 0.8 ：0
zr364xx_resume : 1 : 5 : 2638.802987836696 : 3178 : 1 : 52 : 0 : 0 : 5 : 1 : 1.0 ：0
zr364xx_vidioc_streamoff : 3 : 4 : 1775.1062556196146 : 3178 : 1 : 4 : 0 : 0 : 1 : 1 : 1.0 ：0
zr364xx_disconnect : 1 : 3 : 3563.984796617837 : 3178 : 1 : 14 : 0 : 0 : 1 : 1 : 0.8 ：0
zr364xx_probe : 2 : 24 : 115443.60428501524 : 3178 : 1 : 90 : 0 : 0 : 14 : 3 : 0.3999999999999999 ：0
zr364xx_close : 1 : 4 : 12322.812895566858 : 3178 : 1 : 13 : 0 : 0 : 3 : 3 : 0.8 ：0
zr364xx_suspend : 2 : 2 : 1210.1398665684617 : 3178 : 1 : 7 : 0 : 0 : 1 : 1 : 1.0 ：0
zr364xx_stop_readpipe : 1 : 5 : 3911.9276395624806 : 91 : 4 : 4 : 7 : 0 : 1 : 3 : 0.6 ：0
zr364xx_mmap : 2 : 2 : 4505.44132007174 : 3178 : 1 : 3 : 0 : 0 : 3 : 2 : 1.0 ：0
zr364xx_prepare : 1 : 4 : 14366.508288202198 : 3178 : 3 : 7 : 3 : 0 : 2 : 3 : 1.0 ：0
zr364xx_board_uninit : 1 : 3 : 8328.670880935508 : 91 : 3 : 8 : 3 : 0 : 0 : 3 : 0.8 ：0
zr364xx_vidioc_streamon : 3 : 6 : 4043.92246325307 : 3178 : 2 : 13 : 1 : 0 : 4 : 2 : 0.8 ：0
zr364xx_board_init : 1 : 11 : 46774.48760446391 : 3178 : 2 : 43 : 1 : 0 : 5 : 3 : 0.3999999999999999 ：0
zr364xx_open : 1 : 4 : 4395.845930246176 : 3178 : 1 : 6 : 0 : 0 : 4 : 1 : 0.8 ：0
zr364xx_poll : 2 : 1 : 1485.9023444260838 : 3178 : 1 : 3 : 0 : 0 : 3 : 1 : 1.0 ：0
zr364xx_start_acquire : 1 : 2 : 3450.2438590194306 : 3178 : 3 : 1 : 3 : 0 : 1 : 2 : 1.0 ：0
read_pipe_completion : 1 : 11 : 27073.562320225425 : 3178 : 0 : 28 : 5 : 0 : 3 : 2 : 0.6 ：0
zr364xx_start_readpipe : 1 : 3 : 8736.276900437264 : 3178 : 3 : 35 : 3 : 0 : 4 : 2 : 1.0 ：1
zr364xx_vidioc_dqbuf : 3 : 3 : 1738.0907474016176 : 3178 : 1 : 2 : 0 : 0 : 3 : 1 : 1.0 ：0
zr364xx_vidioc_qbuf : 3 : 3 : 1539.3656497788663 : 3178 : 1 : 2 : 0 : 0 : 3 : 1 : 1.0 ：0
zr364xx_vidioc_querybuf : 3 : 1 : 717.8329663053829 : 3178 : 1 : 2 : 0 : 0 : 3 : 1 : 1.0 ：0
zr364xx_vidioc_reqbufs : 3 : 3 : 1028.0705046966139 : 3178 : 1 : 2 : 0 : 0 : 1 : 1 : 1.0 ：0
zr364xx_vidioc_s_fmt_vid_cap : 3 : 19 : 86342.06234575504 : 3178 : 1 : 17 : 0 : 0 : 9 : 3 : 0.3999999999999999 ：0
zr364xx_vidioc_try_fmt_vid_cap : 3 : 7 : 26278.42234999528 : 3178 : 2 : 3 : 1 : 0 : 1 : 2 : 1.0 ：0
zr364xx_vidioc_g_fmt_vid_cap : 3 : 2 : 10728.40835824209 : 3178 : 1 : 1 : 0 : 0 : 1 : 1 : 1.0 ：0
zr364xx_vidioc_enum_fmt_vid_cap : 3 : 2 : 722.5724700367538 : 3178 : 1 : 0 : 0 : 0 : 0 : 1 : 1.0 ：0
zr364xx_s_ctrl : 1 : 2 : 4410.777302090269 : 3178 : 1 : 6 : 0 : 0 : 1 : 2 : 1.0 ：0
decode_fourcc : 0 : 1 : 1832.4975122322417 : 3178 : 3 : 0 : 3 : 0 : 1 : 1 : 1.0 ：0
zr364xx_vidioc_enum_input : 3 : 2 : 1027.126535788264 : 3178 : 1 : 1 : 0 : 0 : 0 : 1 : 1.0 ：0
zr364xx_vidioc_querycap : 3 : 2 : 3454.4640395185506 : 3178 : 1 : 3 : 0 : 0 : 1 : 1 : 1.0 ：0
zr364xx_read_video_callback : 3 : 24 : 145392.27754273664 : 3178 : 0 : 20 : 6 : 0 : 4 : 4 : 0.3999999999999999 ：0
zr364xx_got_frame : 2 : 5 : 17755.318674390895 : 3178 : 0 : 15 : 7 : 0 : 6 : 2 : 0.6 ：0
zr364xx_fillbuff : 3 : 4 : 12789.321204770293 : 3178 : 0 : 5 : 8 : 0 : 3 : 3 : 0.8 ：0
zr364xx_read : 4 : 5 : 6794.547800219449 : 3178 : 1 : 19 : 0 : 0 : 3 : 2 : 0.6 ：0
buffer_release : 2 : 1 : 741.456438710153 : 3178 : 1 : 3 : 0 : 0 : 0 : 1 : 1.0 ：0
buffer_queue : 2 : 1 : 1931.4117941378445 : 3178 : 1 : 2 : 0 : 0 : 1 : 1 : 1.0 ：0
free_buffer : 2 : 1 : 500.39100017307743 : 3178 : 2 : 1 : 2 : 0 : 0 : 1 : 1.0 ：0
buffer_prepare : 3 : 7 : 13889.25477297756 : 3178 : 1 : 5 : 0 : 0 : 4 : 2 : 0.8 ：0
send_control_msg : 6 : 2 : 1967.3137065497967 : 3178 : 4 : 4 : 7 : 0 : 2 : 1 : 0.8 ：0
buffer_setup : 3 : 3 : 2946.34621391244 : 3178 : 1 : 0 : 0 : 0 : 1 : 1 : 1.0 ：0
