gfs2_init_fs_context : 1 : 3 : 5224.811739520645 : 375 : 2 : 2 : 1 : 0 : 2 : 2 : 1.0 ：0
init_per_node : 2 : 13 : 42741.20371159151 : 5369 : 3 : 10 : 2 : 0 : 11 : 2 : 0.3999999999999999 ：0
gfs2_parse_param : 2 : 38 : 57618.85940169438 : 375 : 1 : 3 : 0 : 0 : 4 : 2 : 0.3999999999999999 ：0
init_journal : 2 : 34 : 106150.83607710304 : 5369 : 4 : 45 : 3 : 1 : 16 : 4 : 0.3999999999999999 ：0
gfs2_meta_init_fs_context : 1 : 2 : 525.7777777777777 : 375 : 1 : 3 : 0 : 0 : 2 : 1 : 1.0 ：0
gfs2_meta_get_tree : 1 : 6 : 8331.12493076439 : 375 : 1 : 10 : 0 : 0 : 5 : 2 : 0.8 ：0
init_inodes : 2 : 13 : 27792.73063734452 : 5369 : 3 : 56 : 2 : 0 : 9 : 2 : 0.6 ：0
gfs2_others_may_mount : 1 : 2 : 2915.6598009891864 : 4206 : 5 : 2 : 4 : 0 : 1 : 2 : 1.0 ：0
gfs2_lm_mount : 2 : 23 : 36598.74209487409 : 4564 : 3 : 8 : 2 : 0 : 9 : 3 : 0.3999999999999999 ：0
gfs2_jindex_hold : 2 : 8 : 26206.698851445286 : 4284 : 5 : 18 : 4 : 0 : 6 : 3 : 0.3999999999999999 ：0
gfs2_kill_sb : 1 : 2 : 3051.013516681994 : 4429 : 1 : 4 : 0 : 0 : 1 : 2 : 1.0 ：0
gfs2_online_uevent : 1 : 1 : 3435.871600913157 : 375 : 3 : 3 : 3 : 0 : 1 : 2 : 1.0 ：0
gfs2_fill_super : 2 : 38 : 104599.36215059689 : 375 : 2 : 210 : 1 : 0 : 19 : 3 : 0.3999999999999999 ：0
wait_on_journal : 1 : 2 : 714.7831823015782 : 3714 : 3 : 1 : 2 : 0 : 0 : 1 : 1.0 ：0
gfs2_reconfigure : 1 : 16 : 45008.097460269346 : 375 : 1 : 13 : 0 : 0 : 7 : 3 : 0.3999999999999999 ：0
gfs2_get_tree : 1 : 3 : 3451.304347826087 : 375 : 1 : 214 : 0 : 0 : 4 : 1 : 1.0 ：0
init_locking : 3 : 11 : 13157.415145495304 : 5369 : 3 : 5 : 2 : 0 : 7 : 2 : 0.3999999999999999 ：0
gfs2_lookup_root : 4 : 3 : 5967.655370400363 : 5324 : 4 : 5 : 3 : 0 : 3 : 2 : 1.0 ：0
init_sb : 2 : 15 : 29079.40667725675 : 4429 : 3 : 46 : 2 : 0 : 11 : 2 : 0.3999999999999999 ：0
init_names : 2 : 8 : 13343.19209042572 : 5369 : 3 : 29 : 2 : 0 : 3 : 2 : 0.6 ：0
gfs2_read_sb : 2 : 7 : 67200.96266224999 : 4429 : 4 : 32 : 3 : 0 : 4 : 2 : 0.6 ：0
gfs2_read_super : 3 : 3 : 8888.23071470941 : 4429 : 5 : 26 : 7 : 0 : 4 : 2 : 0.6 ：0
end_bio_io_page : 1 : 2 : 1184.2958139362745 : 4429 : 6 : 3 : 8 : 0 : 1 : 1 : 0.6 ：0
gfs2_sb_in : 2 : 1 : 15518.22338735477 : 4429 : 6 : 3 : 8 : 0 : 3 : 1 : 0.6 ：0
init_sbd : 0 : 4 : 26454.16697033754 : 5369 : 3 : 18 : 2 : 0 : 6 : 1 : 0.6 ：0
gfs2_tune_init : 1 : 1 : 1159.571799613593 : 4429 : 4 : 2 : 3 : 0 : 0 : 1 : 1.0 ：0
gfs2_check_sb : 2 : 6 : 3485.0811971858925 : 3429 : 6 : 2 : 8 : 0 : 1 : 2 : 0.8 ：1
