nilfs_btnode_create_block : 0 : 5 : 5496.848356738154 : 4923 : 2 : 14 : 1 : 0 : 4 : 2 : 0.8 ：0
nilfs_init_btnc_inode : 1 : 1 : 1379.2252883630931 : 408 : 1 : 3 : 0 : 0 : 1 : 1 : 1.0 ：0
nilfs_btnode_prepare_change_key : 2 : 11 : 20657.80318262944 : 5150 : 1 : 23 : 0 : 0 : 7 : 2 : 0.3999999999999999 ：0
nilfs_btnode_submit_block : 6 : 16 : 25242.391605378158 : 4923 : 1 : 15 : 0 : 0 : 10 : 4 : 0.3999999999999999 ：0
nilfs_btnode_delete : 1 : 3 : 3580.817791508533 : 5150 : 2 : 9 : 1 : 0 : 4 : 1 : 0.8 ：1
nilfs_btnode_abort_change_key : 2 : 3 : 2793.2230626181235 : 5150 : 1 : 3 : 0 : 0 : 2 : 2 : 0.8 ：1
nilfs_btnode_commit_change_key : 2 : 4 : 12855.652750633935 : 5150 : 1 : 17 : 0 : 0 : 3 : 2 : 0.8 ：0
