pcrypt_aead_serial : 1 : 1 : 918.4713968385664 : 4257 : 4 : 3 : 6 : 0 : 2 : 1 : 0.8 ：0
pcrypt_aead_enc : 1 : 2 : 1284.3163061675418 : 4257 : 4 : 4 : 3 : 0 : 2 : 1 : 1.0 ：1
pcrypt_create : 2 : 3 : 1765.2519851781876 : 2284 : 1 : 103 : 0 : 0 : 1 : 2 : 1.0 ：0
pcrypt_create_aead : 3 : 11 : 26139.795619825094 : 2284 : 2 : 99 : 1 : 0 : 10 : 2 : 0.3999999999999999 ：0
pcrypt_init_padata : 2 : 3 : 1796.8733381866366 : 4052 : 2 : 5 : 1 : 0 : 3 : 1 : 1.0 ：0
pcrypt_aead_init_tfm : 1 : 3 : 7561.745280581669 : 4257 : 3 : 12 : 2 : 0 : 4 : 1 : 1.0 ：0
pcrypt_sysfs_add : 2 : 2 : 1167.6821262568503 : 4064 : 3 : 2 : 2 : 0 : 2 : 1 : 1.0 ：0
pcrypt_init : 1 : 7 : 3076.7071501168666 : 2296 : 1 : 10 : 0 : 0 : 5 : 1 : 1.0 ：0
pcrypt_init_instance : 2 : 2 : 4089.203251860583 : 2296 : 3 : 2 : 2 : 0 : 0 : 1 : 1.0 ：0
pcrypt_aead_done : 2 : 1 : 1070.2635884729514 : 2284 : 4 : 3 : 6 : 0 : 3 : 1 : 0.8 ：0
pcrypt_exit : 1 : 1 : 225.3405000453298 : 4257 : 1 : 3 : 0 : 0 : 0 : 1 : 1.0 ：0
pcrypt_aead_encrypt : 1 : 2 : 8059.1033247647365 : 4257 : 3 : 28 : 2 : 0 : 9 : 1 : 1.0 ：0
pcrypt_aead_decrypt : 1 : 2 : 8059.1033247647365 : 4257 : 3 : 28 : 2 : 0 : 9 : 1 : 1.0 ：0
pcrypt_free : 1 : 1 : 939.1781556995272 : 546 : 3 : 4 : 2 : 0 : 1 : 1 : 0.8 ：0
pcrypt_aead_dec : 1 : 2 : 1284.3163061675418 : 4257 : 4 : 4 : 3 : 0 : 2 : 1 : 1.0 ：1
