io_wq_cpu_affinity : 2 : 2 : 2315.637607677476 : 177 : 1 : 5 : 0 : 0 : 2 : 2 : 0.8 ：0
io_task_work_match : 2 : 3 : 1423.630856473919 : 243 : 0 : 56 : 51 : 0 : 2 : 1 : 0.8 ：0
io_wq_put_and_exit : 1 : 1 : 411.19433158222125 : 282 : 1 : 573 : 0 : 0 : 0 : 1 : 1.0 ：0
io_wq_exit_workers : 1 : 2 : 6540.466113854675 : 1 : 2 : 547 : 1 : 0 : 2 : 2 : 0.8 ：0
io_wq_init : 1 : 2 : 1085.1855327353146 : 415 : 1 : 5 : 0 : 0 : 2 : 1 : 1.0 ：0
io_wq_max_workers : 2 : 8 : 24477.701340115596 : 104 : 1 : 8 : 0 : 0 : 3 : 3 : 0.8 ：0
__io_wq_cpu_online : 3 : 1 : 1608.2707727905852 : 177 : 0 : 0 : 0 : 0 : 1 : 2 : 0.8 ：0
io_wq_destroy : 1 : 1 : 3385.326791183678 : 244 : 2 : 22 : 1 : 0 : 2 : 3 : 0.8 ：0
io_wq_cancel_tw_create : 1 : 2 : 1599.4022630344439 : 1 : 0 : 72 : 56 : 0 : 2 : 2 : 0.8 ：0
io_wq_worker_affinity : 2 : 2 : 1361.7338627141833 : 415 : 0 : 0 : 0 : 0 : 2 : 1 : 1.0 ：0
io_wq_worker_cancel : 2 : 4 : 4046.847252933802 : 758 : 3 : 3 : 2 : 0 : 1 : 2 : 0.8 ：0
io_wq_create : 0 : 14 : 44117.52477894218 : 774 : 1 : 31 : 0 : 0 : 8 : 3 : 0.3999999999999999 ：0
io_wqe_hash_wake : 4 : 3 : 4109.224733488171 : 289 : 2 : 6 : 1 : 0 : 3 : 2 : 0.8 ：0
io_wqe_cancel_pending_work : 2 : 5 : 2995.6567086190007 : 244 : 3 : 15 : 3 : 0 : 3 : 3 : 0.8 ：0
io_wq_cancel_cb : 4 : 11 : 15930.008751762818 : 367 : 1 : 32 : 0 : 0 : 8 : 2 : 0.8 ：0
io_wqe_remove_pending : 3 : 6 : 6746.877134641933 : 475 : 0 : 6 : 74 : 0 : 2 : 2 : 0.8 ：0
io_wqe_enqueue : 2 : 11 : 13406.309374754694 : 637 : 2 : 600 : 1 : 0 : 4 : 4 : 0.6 ：0
io_wq_hash_work : 2 : 1 : 540.4222801869237 : 637 : 1 : 1 : 0 : 0 : 0 : 1 : 1.0 ：0
io_wqe_insert_work : 2 : 4 : 5160.415184103698 : 628 : 3 : 6 : 2 : 0 : 3 : 2 : 1.0 ：0
create_io_worker : 3 : 7 : 11977.717126942007 : 244 : 0 : 561 : 53 : 0 : 6 : 2 : 0.3999999999999999 ：0
io_wq_for_each_worker : 3 : 5 : 2943.181818181818 : 289 : 3 : 7 : 4 : 0 : 3 : 3 : 0.8 ：0
io_init_new_worker : 3 : 1 : 2586.6588011769268 : 100 : 0 : 6 : 121 : 0 : 0 : 1 : 0.6 ：0
create_worker_cont : 1 : 6 : 11722.564219642247 : 100 : 0 : 41 : 66 : 0 : 4 : 4 : 0.6 ：0
io_run_cancel : 2 : 3 : 1139.9892745168604 : 276 : 0 : 0 : 76 : 0 : 1 : 2 : 0.8 ：0
io_workqueue_create : 1 : 2 : 1238.9527205343775 : 100 : 0 : 358 : 48 : 0 : 2 : 1 : 0.8 ：0
io_should_retry_thread : 1 : 7 : 1728.4697366524356 : 100 : 0 : 1 : 121 : 0 : 3 : 2 : 0.8 ：0
io_wq_worker_running : 1 : 4 : 1705.349809033352 : 774 : 1 : 4 : 0 : 0 : 1 : 1 : 1.0 ：0
io_wq_worker_sleeping : 1 : 4 : 2542.8449608981823 : 774 : 1 : 711 : 0 : 0 : 1 : 1 : 0.8 ：0
io_wqe_worker : 1 : 10 : 19240.87544256407 : 100 : 0 : 176 : 70 : 0 : 8 : 3 : 0.19999999999999996 ：0
io_wait_on_hash : 2 : 3 : 4634.537097160579 : 289 : 1 : 5 : 0 : 0 : 3 : 3 : 0.8 ：0
io_assign_current_work : 2 : 2 : 728.0 : 310 : 1 : 7 : 0 : 0 : 0 : 2 : 0.8 ：0
io_flush_signals : 1 : 2 : 311.5745249997793 : 293 : 0 : 3 : 72 : 0 : 2 : 2 : 0.8 ：0
io_queue_worker_create : 3 : 11 : 16133.152742412054 : 100 : 0 : 88 : 71 : 0 : 7 : 2 : 0.3999999999999999 ：0
create_worker_cb : 1 : 3 : 9661.146678131028 : 43 : 0 : 12 : 85 : 0 : 5 : 2 : 0.6 ：0
io_acct_run_queue : 1 : 3 : 429.1835983312856 : 101 : 0 : 2 : 124 : 0 : 2 : 1 : 0.8 ：0
io_worker_exit : 1 : 4 : 6062.102864651973 : 774 : 0 : 154 : 62 : 0 : 2 : 2 : 0.6 ：0
io_wqe_create_worker : 2 : 4 : 5948.172633946999 : 102 : 3 : 567 : 2 : 0 : 1 : 2 : 0.8 ：0
io_worker_cancel_cb : 1 : 1 : 3147.9716848426665 : 43 : 0 : 12 : 120 : 0 : 3 : 1 : 0.6 ：0
io_task_worker_match : 2 : 2 : 1067.3331337352388 : 43 : 0 : 14 : 60 : 0 : 3 : 1 : 0.8 ：0
