clsact_destroy : 1 : 6 : 8421.569480759195 : 2750 : 1 : 10 : 0 : 0 : 4 : 3 : 0.6 ：0
clsact_init : 3 : 7 : 19858.21652555979 : 2750 : 1 : 13 : 0 : 0 : 6 : 1 : 0.6 ：0
ingress_destroy : 1 : 4 : 3616.73636729431 : 5654 : 1 : 9 : 0 : 0 : 3 : 3 : 0.8 ：1
ingress_module_init : 1 : 3 : 845.2327926967881 : 6671 : 1 : 2 : 0 : 0 : 2 : 2 : 1.0 ：0
clsact_find : 2 : 3 : 491.78334409910724 : 2157 : 2 : 1 : 1 : 0 : 0 : 2 : 1.0 ：0
clsact_tcf_block : 0 : 3 : 1059.126337666587 : 2257 : 1 : 2 : 0 : 0 : 2 : 2 : 1.0 ：0
ingress_init : 3 : 5 : 8741.644962815953 : 3022 : 1 : 12 : 0 : 0 : 6 : 1 : 0.6 ：0
ingress_dump : 2 : 3 : 1471.4500819916882 : 2750 : 1 : 3 : 0 : 0 : 2 : 1 : 1.0 ：0
