dma_buf_mmap : 3 : 11 : 13533.149912823108 : 1167 : 1 : 4 : 0 : 0 : 3 : 2 : 0.8 ：0
dma_buf_map_attachment : 0 : 12 : 10715.852763047293 : 843 : 1 : 7 : 0 : 0 : 2 : 2 : 0.8 ：0
dma_buf_detach : 2 : 7 : 5948.779779101422 : 122 : 3 : 6 : 2 : 0 : 0 : 2 : 0.6 ：0
dma_buf_vmap : 0 : 8 : 8125.701911500134 : 1167 : 1 : 6 : 0 : 0 : 6 : 2 : 0.6 ：0
dma_buf_debug_show : 2 : 9 : 53539.173461279286 : 426 : 1 : 18 : 0 : 0 : 12 : 3 : 0.3999999999999999 ：0
__dma_buf_begin_cpu_access : 2 : 3 : 2175.669115827646 : 1286 : 0 : 0 : 0 : 0 : 3 : 1 : 1.0 ：0
dma_buf_get : 0 : 3 : 1616.4011074878736 : 254 : 1 : 4 : 0 : 0 : 1 : 2 : 1.0 ：0
dma_buf_unmap_attachment : 3 : 7 : 3335.3730155993712 : 843 : 1 : 5 : 0 : 0 : 0 : 1 : 0.8 ：0
dma_buf_vunmap : 2 : 4 : 3972.2905390121987 : 1167 : 1 : 4 : 0 : 0 : 0 : 2 : 0.8 ：0
dma_buf_init : 1 : 2 : 755.4785967179469 : 2056 : 1 : 12 : 0 : 0 : 0 : 1 : 1.0 ：0
dma_buf_dynamic_attach : 0 : 14 : 24528.437328314532 : 122 : 2 : 18 : 1 : 0 : 6 : 3 : 0.3999999999999999 ：0
dma_buf_end_cpu_access : 2 : 2 : 1020.7976403530779 : 1167 : 2 : 1 : 1 : 0 : 2 : 1 : 1.0 ：0
dma_buf_begin_cpu_access : 2 : 6 : 4127.890835456607 : 1167 : 2 : 1 : 1 : 0 : 2 : 1 : 0.8 ：0
dma_buf_fd : 2 : 4 : 1461.2870646245933 : 1167 : 1 : 2 : 0 : 0 : 3 : 1 : 1.0 ：0
dma_buf_init_debugfs : 1 : 3 : 3348.3332361336843 : 2056 : 2 : 6 : 1 : 0 : 3 : 2 : 1.0 ：0
dma_buf_put : 1 : 3 : 338.77895631814926 : 1167 : 1 : 2 : 0 : 0 : 0 : 1 : 1.0 ：0
dma_buf_export : 0 : 15 : 44033.57562819272 : 1167 : 1 : 22 : 0 : 0 : 8 : 2 : 0.3999999999999999 ：0
dma_buf_show_fdinfo : 2 : 2 : 5506.180866681682 : 254 : 1 : 4 : 0 : 0 : 1 : 1 : 0.8 ：0
dma_buf_getfile : 0 : 4 : 5251.128992553981 : 254 : 2 : 6 : 1 : 0 : 5 : 1 : 0.8 ：0
dma_buf_ioctl : 3 : 9 : 7621.773007865298 : 123 : 1 : 13 : 0 : 0 : 5 : 3 : 0.8 ：0
dma_buf_llseek : 3 : 6 : 5215.72595314804 : 2056 : 1 : 1 : 0 : 0 : 2 : 1 : 0.8 ：0
dma_buf_poll : 2 : 26 : 77585.01786394669 : 2056 : 1 : 16 : 0 : 0 : 14 : 4 : 0.3999999999999999 ：0
dma_buf_poll_cb : 2 : 1 : 2237.7091661909176 : 2056 : 2 : 3 : 1 : 0 : 1 : 1 : 0.8 ：0
dma_buf_set_name : 2 : 4 : 3443.4782608695655 : 254 : 2 : 7 : 1 : 0 : 4 : 2 : 0.8 ：0
dma_buf_mmap_internal : 2 : 6 : 4762.86059257491 : 2056 : 1 : 2 : 0 : 0 : 1 : 1 : 0.8 ：0
dma_buf_release : 2 : 5 : 9641.802689335796 : 2056 : 1 : 8 : 0 : 0 : 1 : 1 : 0.8 ：1
dma_buf_fs_init_context : 1 : 2 : 869.6788497101948 : 0 : 1 : 1 : 0 : 0 : 1 : 1 : 1.0 ：0
dmabuffs_dname : 0 : 2 : 4505.589638756975 : 254 : 1 : 4 : 0 : 0 : 2 : 1 : 0.8 ：0
