bt_host_release : 1 : 2 : 800.0775120877005 : 0 : 1 : 5 : 0 : 0 : 1 : 1 : 1.0 ：0
hci_init_sysfs : 1 : 1 : 764.6269524198453 : 0 : 1 : 1 : 0 : 0 : 1 : 1 : 1.0 ：0
hci_conn_init_sysfs : 1 : 1 : 2276.9672217381267 : 0 : 1 : 2 : 0 : 0 : 1 : 1 : 1.0 ：0
hci_conn_add_sysfs : 1 : 3 : 2500.4347826086955 : 0 : 1 : 5 : 0 : 0 : 1 : 1 : 1.0 ：1
hci_conn_del_sysfs : 1 : 4 : 5298.8601004420825 : 0 : 1 : 6 : 0 : 0 : 2 : 2 : 1.0 ：0
