__part_start_io_acct : 4 : 1 : 2028.9567957884171 : 45 : 0 : 0 : 0 : 0 : 2 : 1 : 0.8 ：0
__part_end_io_acct : 3 : 1 : 2561.674926700293 : 549 : 0 : 0 : 0 : 0 : 1 : 1 : 0.8 ：0
bio_poll : 3 : 6 : 5180.780034362035 : 148 : 2 : 26 : 1 : 0 : 4 : 1 : 0.8 ：0
blk_start_plug_nr_ios : 2 : 2 : 4979.837422194472 : 148 : 2 : 2 : 1 : 0 : 1 : 1 : 1.0 ：0
blk_flush_plug : 2 : 6 : 3711.78166670308 : 148 : 3 : 11 : 3 : 0 : 0 : 1 : 0.6 ：0
blk_lld_busy : 1 : 3 : 556.65186045751 : 4905 : 1 : 1 : 0 : 0 : 0 : 1 : 1.0 ：0
submit_bio : 1 : 7 : 11724.483670627582 : 130 : 1 : 15 : 0 : 0 : 0 : 3 : 0.8 ：0
blk_io_schedule : 1 : 2 : 954.9402641850769 : 670 : 1 : 2 : 0 : 0 : 0 : 1 : 1.0 ：0
blk_finish_plug : 1 : 2 : 659.9415198233181 : 1161 : 1 : 12 : 0 : 0 : 0 : 2 : 1.0 ：0
iocb_bio_iopoll : 3 : 8 : 16572.86471547414 : 148 : 1 : 30 : 0 : 0 : 3 : 1 : 0.8 ：0
update_io_ticks : 3 : 5 : 2769.03643510518 : 106 : 0 : 0 : 0 : 0 : 1 : 2 : 1.0 ：0
flush_plug_callbacks : 2 : 3 : 2580.416895405867 : 3984 : 4 : 5 : 4 : 0 : 0 : 3 : 1.0 ：0
__submit_bio_noacct_mq : 1 : 3 : 1495.7800233851083 : 622 : 0 : 0 : 0 : 0 : 0 : 2 : 1.0 ：0
submit_bio_noacct : 1 : 5 : 4812.737344759157 : 622 : 2 : 1 : 1 : 0 : 0 : 1 : 1.0 ：0
blk_check_plugged : 0 : 5 : 6319.2766768761985 : 3514 : 1 : 4 : 0 : 0 : 5 : 2 : 1.0 ：0
blk_dev_init : 1 : 3 : 8880.211630279662 : 5158 : 1 : 8 : 0 : 0 : 0 : 1 : 0.8 ：0
__submit_bio_noacct : 1 : 8 : 18701.430357173813 : 622 : 0 : 0 : 0 : 0 : 1 : 2 : 1.0 ：0
__submit_bio : 1 : 3 : 1328.722132708991 : 130 : 0 : 0 : 0 : 0 : 1 : 1 : 1.0 ：0
blk_check_zone_append : 2 : 6 : 7632.3848018015515 : 671 : 0 : 0 : 1 : 0 : 7 : 1 : 0.8 ：0
submit_bio_checks : 1 : 49 : 35120.522051611704 : 622 : 0 : 0 : 0 : 0 : 20 : 3 : 0.6 ：0
__submit_bio_fops : 2 : 3 : 835.8804207436634 : 130 : 0 : 0 : 0 : 0 : 0 : 3 : 1.0 ：0
blk_partition_remap : 1 : 3 : 3680.2601162873934 : 5158 : 0 : 0 : 1 : 0 : 1 : 2 : 1.0 ：0
handle_bad_sector : 2 : 1 : 1780.8870634832924 : 5158 : 0 : 0 : 2 : 0 : 0 : 1 : 1.0 ：0
blk_alloc_queue : 0 : 17 : 23662.306486212976 : 287 : 1 : 34 : 0 : 0 : 11 : 2 : 0.3999999999999999 ：0
bio_check_ro : 1 : 5 : 3916.363242900309 : 414 : 0 : 0 : 1 : 0 : 3 : 2 : 1.0 ：0
bio_check_eod : 1 : 5 : 1652.120131515149 : 414 : 0 : 0 : 1 : 0 : 1 : 2 : 1.0 ：0
blk_get_queue : 1 : 2 : 289.09685297977285 : 101 : 1 : 2 : 0 : 0 : 2 : 2 : 1.0 ：0
blk_queue_usage_counter_release : 1 : 1 : 606.9882319256753 : 2336 : 2 : 2 : 1 : 0 : 0 : 1 : 1.0 ：0
fail_make_request_debugfs : 1 : 1 : 440.0 : 5158 : 1 : 2 : 0 : 0 : 0 : 1 : 1.0 ：0
__bio_queue_enter : 2 : 10 : 7793.0019993592705 : 130 : 0 : 0 : 0 : 0 : 3 : 3 : 0.6 ：0
blk_cleanup_queue : 1 : 4 : 11222.249094664707 : 1223 : 1 : 23 : 0 : 0 : 0 : 2 : 0.8 ：1
blk_queue_enter : 2 : 7 : 5084.284349805592 : 148 : 3 : 5 : 2 : 0 : 1 : 2 : 0.8 ：0
blk_queue_start_drain : 1 : 2 : 2559.319334956073 : 150 : 2 : 4 : 1 : 0 : 0 : 1 : 0.8 ：0
blk_clear_pm_only : 1 : 2 : 793.3333333333334 : 1265 : 1 : 3 : 0 : 0 : 1 : 1 : 1.0 ：0
blk_status_to_str : 0 : 2 : 832.6914796149653 : 106 : 1 : 2 : 0 : 0 : 1 : 1 : 1.0 ：0
blk_status_to_errno : 1 : 2 : 980.0358249575111 : 148 : 1 : 2 : 0 : 0 : 1 : 1 : 1.0 ：0
errno_to_blk_status : 1 : 3 : 1458.7486890965465 : 1740 : 1 : 1 : 0 : 0 : 2 : 2 : 1.0 ：0
blk_op_str : 0 : 3 : 969.5075628353375 : 106 : 1 : 1 : 0 : 0 : 2 : 1 : 1.0 ：0
