do_tee : 4 : 9 : 8874.387228751577 : 0 : 2 : 27 : 1 : 0 : 4 : 3 : 0.8 ：0
vmsplice_type : 2 : 5 : 2171.3097389073664 : 0 : 2 : 1 : 1 : 0 : 0 : 2 : 1.0 ：0
do_splice : 6 : 23 : 38455.67799125684 : 0 : 0 : 0 : 0 : 0 : 7 : 3 : 0.6 ：0
splice_pipe_to_pipe : 4 : 19 : 64367.4218986264 : 0 : 0 : 0 : 1 : 0 : 7 : 4 : 0.3999999999999999 ：0
opipe_prep : 2 : 6 : 7182.554044857776 : 0 : 3 : 6 : 4 : 0 : 2 : 3 : 0.6 ：1
iter_to_pipe : 3 : 7 : 16698.718056273552 : 0 : 3 : 11 : 2 : 0 : 7 : 5 : 1.0 ：0
wait_for_space : 2 : 6 : 2062.3552615627123 : 0 : 3 : 5 : 4 : 0 : 0 : 3 : 0.8 ：0
do_splice_direct : 6 : 5 : 6441.583954238366 : 0 : 1 : 24 : 0 : 0 : 3 : 2 : 0.8 ：0
direct_splice_actor : 2 : 1 : 991.8824977766498 : 0 : 2 : 4 : 1 : 0 : 1 : 1 : 1.0 ：0
vmsplice_to_user : 3 : 3 : 3347.041803258598 : 0 : 2 : 6 : 1 : 0 : 3 : 2 : 0.8 ：0
link_pipe : 4 : 11 : 35075.584820390526 : 0 : 3 : 11 : 2 : 0 : 2 : 3 : 0.3999999999999999 ：0
splice_file_to_pipe : 5 : 3 : 1515.017568571711 : 0 : 0 : 0 : 1 : 0 : 2 : 1 : 0.8 ：0
ipipe_prep : 2 : 6 : 5740.7535599518 : 0 : 3 : 5 : 4 : 0 : 2 : 3 : 0.6 ：0
__do_splice : 6 : 14 : 13859.564627349906 : 0 : 0 : 0 : 0 : 0 : 5 : 2 : 0.6 ：0
vmsplice_to_pipe : 3 : 5 : 3873.9130434782614 : 0 : 2 : 26 : 1 : 0 : 4 : 1 : 0.6 ：0
iter_file_splice_write : 5 : 18 : 74509.84687140296 : 0 : 1 : 30 : 0 : 0 : 10 : 4 : 0.3999999999999999 ：0
splice_direct_to_actor : 3 : 22 : 64752.608358110185 : 0 : 2 : 16 : 1 : 0 : 11 : 3 : 0.3999999999999999 ：0
warn_unsupported : 2 : 2 : 735.0192380371218 : 0 : 4 : 1 : 9 : 0 : 0 : 1 : 0.8 ：0
do_splice_to : 5 : 6 : 7465.410775024517 : 0 : 3 : 6 : 4 : 0 : 2 : 1 : 0.8 ：0
wakeup_pipe_writers : 1 : 2 : 613.7325456137384 : 0 : 3 : 4 : 6 : 0 : 0 : 1 : 0.8 ：0
splice_from_pipe : 6 : 1 : 1701.8036424083916 : 0 : 2 : 2 : 1 : 0 : 2 : 2 : 0.8 ：0
eat_empty_buffer : 1 : 2 : 3508.426775860091 : 0 : 3 : 2 : 2 : 0 : 3 : 2 : 1.0 ：0
generic_file_splice_read : 5 : 5 : 8679.416696444723 : 0 : 1 : 5 : 0 : 0 : 4 : 2 : 1.0 ：0
__splice_from_pipe : 3 : 4 : 2200.7820003461547 : 0 : 0 : 0 : 0 : 0 : 1 : 2 : 1.0 ：0
pipe_to_sendpage : 3 : 4 : 4081.387593405429 : 0 : 2 : 2 : 1 : 0 : 3 : 1 : 1.0 ：0
user_page_pipe_buf_try_steal : 2 : 2 : 661.2606552067215 : 0 : 1 : 1 : 0 : 0 : 1 : 1 : 1.0 ：0
splice_grow_spd : 2 : 4 : 4400.429387704639 : 0 : 1 : 3 : 0 : 0 : 0 : 1 : 0.8 ：0
splice_from_pipe_next : 2 : 11 : 5804.746177300645 : 0 : 2 : 11 : 1 : 0 : 1 : 3 : 0.8 ：0
splice_from_pipe_feed : 3 : 9 : 24534.685694156015 : 0 : 0 : 0 : 0 : 0 : 4 : 3 : 0.8 ：0
splice_shrink_spd : 1 : 2 : 488.8496857755159 : 0 : 1 : 1 : 0 : 0 : 0 : 1 : 1.0 ：0
splice_to_pipe : 2 : 8 : 21335.637446972123 : 0 : 1 : 3 : 0 : 0 : 4 : 2 : 0.8 ：0
add_to_pipe : 2 : 4 : 7593.347425221065 : 0 : 4 : 4 : 3 : 0 : 2 : 2 : 1.0 ：0
page_cache_pipe_buf_confirm : 2 : 7 : 6396.005452666884 : 0 : 1 : 3 : 0 : 0 : 5 : 3 : 0.6 ：0
page_cache_pipe_buf_try_steal : 2 : 7 : 10500.175110491284 : 0 : 1 : 10 : 0 : 0 : 5 : 3 : 0.8 ：0
wakeup_pipe_readers : 1 : 2 : 613.7325456137384 : 0 : 4 : 4 : 9 : 0 : 0 : 1 : 0.8 ：0
