cfusbl_create : 0 : 2 : 19347.104437961727 : 3852 : 2 : 22 : 1 : 0 : 2 : 1 : 1.0 ：0
cfusbl_device_notify : 3 : 14 : 25912.040359388746 : 3852 : 1 : 36 : 0 : 0 : 7 : 1 : 0.6 ：0
cfusbl_receive : 2 : 1 : 1358.4114776772074 : 3852 : 3 : 1 : 2 : 0 : 1 : 1 : 1.0 ：0
cfusbl_transmit : 2 : 2 : 10709.02351474019 : 3852 : 3 : 10 : 2 : 0 : 4 : 2 : 1.0 ：0
cfusbl_device_notify : 3 : 14 : 25912.040359388746 : 3852 : 1 : 36 : 0 : 0 : 7 : 1 : 0.6 ：0
cfusbl_transmit : 2 : 2 : 10709.02351474019 : 3852 : 3 : 10 : 2 : 0 : 4 : 2 : 1.0 ：0
cfusbl_receive : 2 : 1 : 1358.4114776772074 : 3852 : 3 : 1 : 2 : 0 : 1 : 1 : 1.0 ：0
cfusbl_create : 0 : 2 : 19347.104437961727 : 3852 : 2 : 22 : 1 : 0 : 2 : 1 : 1.0 ：0
