llc_sap_alloc : 0 : 3 : 4841.23260988792 : 6819 : 2 : 4 : 1 : 0 : 3 : 2 : 0.8 ：0
__llc_sap_find : 0 : 3 : 1017.8616751600966 : 6661 : 0 : 0 : 0 : 0 : 3 : 1 : 1.0 ：0
llc_sap_find : 0 : 3 : 785.4622366353155 : 6661 : 1 : 3 : 0 : 0 : 2 : 1 : 0.8 ：0
llc_sap_close : 1 : 1 : 613.7325456137384 : 6819 : 1 : 5 : 0 : 0 : 0 : 1 : 0.8 ：0
llc_sap_open : 0 : 5 : 2980.405314499157 : 6819 : 1 : 8 : 0 : 0 : 4 : 1 : 0.8 ：0
