io_wq_destroy : 1 : 1 : 3385.326791183678 : 241 : 2 : 22 : 1 : 0 : 2 : 3 : 0.8 ：0
io_wq_put_and_exit : 1 : 1 : 411.19433158222125 : 280 : 1 : 560 : 0 : 0 : 0 : 1 : 1.0 ：0
io_wq_init : 1 : 2 : 1085.1855327353146 : 413 : 1 : 5 : 0 : 0 : 2 : 1 : 1.0 ：0
io_wqe_remove_pending : 3 : 6 : 6746.877134641933 : 473 : 0 : 6 : 31 : 0 : 2 : 2 : 0.8 ：0
io_wq_worker_affinity : 2 : 2 : 1361.7338627141833 : 413 : 0 : 0 : 0 : 0 : 2 : 1 : 1.0 ：0
io_wqe_hash_wake : 4 : 3 : 4109.224733488171 : 287 : 2 : 6 : 1 : 0 : 3 : 2 : 0.8 ：0
io_wq_create : 0 : 14 : 44117.52477894218 : 772 : 1 : 31 : 0 : 0 : 8 : 3 : 0.3999999999999999 ：0
io_wq_cpu_affinity : 2 : 2 : 2315.637607677476 : 175 : 1 : 5 : 0 : 0 : 2 : 2 : 0.8 ：0
io_task_work_match : 2 : 3 : 1423.630856473919 : 241 : 3 : 496 : 2 : 0 : 2 : 1 : 1.0 ：0
io_wq_exit_workers : 1 : 3 : 9802.24909916966 : 197 : 2 : 534 : 1 : 0 : 4 : 2 : 0.8 ：1
io_wq_max_workers : 2 : 8 : 24477.701340115596 : 102 : 1 : 8 : 0 : 0 : 3 : 3 : 0.8 ：0
io_wq_worker_cancel : 2 : 4 : 4046.847252933802 : 756 : 3 : 3 : 2 : 0 : 1 : 2 : 0.8 ：0
io_wqe_cancel_pending_work : 2 : 5 : 2995.6567086190007 : 241 : 3 : 15 : 3 : 0 : 3 : 3 : 0.8 ：0
__io_wq_cpu_online : 3 : 1 : 1608.2707727905852 : 175 : 0 : 0 : 0 : 0 : 1 : 2 : 0.8 ：0
io_wq_cancel_cb : 4 : 11 : 15930.008751762818 : 365 : 1 : 32 : 0 : 0 : 8 : 2 : 0.8 ：0
io_wq_hash_work : 2 : 1 : 540.4222801869237 : 634 : 1 : 1 : 0 : 0 : 0 : 1 : 1.0 ：0
io_wq_for_each_worker : 3 : 5 : 2943.181818181818 : 287 : 3 : 7 : 4 : 0 : 3 : 3 : 0.8 ：0
create_worker_cont : 1 : 6 : 11722.564219642247 : 98 : 0 : 143 : 23 : 0 : 4 : 4 : 0.6 ：0
io_wqe_insert_work : 2 : 4 : 5160.415184103698 : 626 : 3 : 6 : 2 : 0 : 3 : 2 : 1.0 ：0
io_workqueue_create : 1 : 2 : 1238.9527205343775 : 98 : 0 : 163 : 27 : 0 : 2 : 1 : 0.8 ：0
create_io_worker : 3 : 7 : 11977.717126942007 : 241 : 0 : 292 : 28 : 0 : 6 : 2 : 0.3999999999999999 ：0
io_wqe_enqueue : 2 : 11 : 13406.309374754694 : 634 : 2 : 331 : 1 : 0 : 4 : 4 : 0.6 ：0
io_init_new_worker : 3 : 1 : 2586.6588011769268 : 98 : 0 : 6 : 53 : 0 : 0 : 1 : 0.6 ：0
io_wq_worker_sleeping : 1 : 4 : 2542.8449608981823 : 772 : 1 : 236 : 0 : 0 : 1 : 1 : 0.8 ：0
io_should_retry_thread : 1 : 7 : 1728.4697366524356 : 98 : 0 : 1 : 53 : 0 : 3 : 2 : 0.8 ：0
io_run_cancel : 2 : 3 : 1139.9892745168604 : 274 : 0 : 0 : 33 : 0 : 1 : 2 : 0.8 ：0
io_wqe_worker : 1 : 10 : 19240.87544256407 : 98 : 0 : 102 : 35 : 0 : 8 : 3 : 0.19999999999999996 ：0
io_wq_worker_running : 1 : 4 : 1705.349809033352 : 772 : 1 : 4 : 0 : 0 : 1 : 1 : 1.0 ：0
io_queue_worker_create : 3 : 9 : 10580.580499752345 : 98 : 0 : 14 : 59 : 0 : 7 : 2 : 0.3999999999999999 ：1
io_wait_on_hash : 2 : 3 : 4634.537097160579 : 287 : 1 : 5 : 0 : 0 : 3 : 3 : 0.8 ：0
io_flush_signals : 1 : 2 : 311.5745249997793 : 290 : 0 : 3 : 37 : 0 : 2 : 2 : 0.8 ：0
io_assign_current_work : 2 : 2 : 728.0 : 308 : 1 : 7 : 0 : 0 : 0 : 2 : 0.8 ：0
io_wqe_create_worker : 2 : 4 : 5948.172633946999 : 100 : 3 : 298 : 2 : 0 : 1 : 2 : 0.8 ：0
io_acct_run_queue : 1 : 3 : 429.1835983312856 : 99 : 0 : 2 : 67 : 0 : 2 : 1 : 0.8 ：0
io_worker_exit : 1 : 4 : 6062.102864651973 : 772 : 0 : 80 : 32 : 0 : 2 : 2 : 0.6 ：0
create_worker_cb : 1 : 3 : 9661.146678131028 : 41 : 0 : 12 : 40 : 0 : 5 : 2 : 0.6 ：1
io_task_worker_match : 2 : 2 : 1067.3331337352388 : 41 : 0 : 14 : 31 : 0 : 3 : 1 : 0.8 ：0
io_worker_cancel_cb : 1 : 1 : 3147.9716848426665 : 41 : 0 : 12 : 35 : 0 : 3 : 1 : 0.6 ：0
