decode_data : 2 : 3 : 12252.59902531496 : 0 : 4 : 1 : 5 : 0 : 0 : 1 : 1.0 ：0
decode_prio_command : 2 : 12 : 27228.434040002023 : 0 : 3 : 2 : 2 : 0 : 1 : 2 : 0.8 ：0
sixpack_close : 1 : 4 : 7821.226587123372 : 0 : 1 : 9 : 0 : 0 : 1 : 0 : 0.8 ：0
resync_tnc : 1 : 1 : 7033.987651455004 : 0 : 2 : 2 : 1 : 0 : 2 : 0 : 1.0 ：0
decode_std_command : 2 : 15 : 32305.699077859303 : 0 : 3 : 11 : 2 : 0 : 1 : 3 : 0.6 ：0
sixpack_decode : 3 : 8 : 6912.298005947934 : 0 : 2 : 21 : 1 : 0 : 1 : 2 : 0.6 ：0
sixpack_init_driver : 1 : 2 : 965.026550625496 : 0 : 1 : 2 : 0 : 0 : 2 : 0 : 1.0 ：0
encode_sixpack : 4 : 8 : 28190.62014814214 : 0 : 3 : 0 : 2 : 0 : 3 : 2 : 1.0 ：0
sixpack_ioctl : 3 : 8 : 17868.55092425093 : 0 : 1 : 15 : 0 : 0 : 3 : 3 : 0.19999999999999996 ：0
sixpack_receive_buf : 4 : 7 : 4950.3780522671095 : 0 : 1 : 31 : 0 : 0 : 2 : 2 : 0.8 ：0
sixpack_open : 1 : 10 : 34078.778903709834 : 0 : 1 : 26 : 0 : 0 : 8 : 1 : 0.3999999999999999 ：0
tnc_init : 1 : 1 : 1081.7453242063477 : 0 : 2 : 2 : 1 : 0 : 0 : 0 : 1.0 ：0
__tnc_set_sync_state : 2 : 4 : 3293.3865027194624 : 0 : 0 : 0 : 0 : 0 : 1 : 1 : 1.0 ：0
tnc_set_sync_state : 2 : 2 : 399.7722668160485 : 0 : 3 : 0 : 4 : 0 : 1 : 0 : 1.0 ：0
sixpack_write_wakeup : 1 : 5 : 6725.595292814881 : 0 : 1 : 9 : 0 : 0 : 3 : 1 : 1.0 ：0
sp_close : 1 : 2 : 2014.706499557329 : 0 : 1 : 5 : 0 : 0 : 1 : 1 : 0.8 ：0
sp_get : 0 : 2 : 758.25506114968 : 0 : 2 : 3 : 3 : 0 : 2 : 0 : 0.8 ：0
sp_bump : 2 : 3 : 6681.418306661809 : 0 : 4 : 5 : 3 : 0 : 3 : 0 : 1.0 ：0
sp_encaps : 3 : 20 : 50728.59395994805 : 0 : 2 : 8 : 1 : 0 : 4 : 1 : 0.6 ：0
sp_xmit_on_air : 1 : 3 : 12287.349227279494 : 0 : 3 : 2 : 3 : 0 : 1 : 1 : 1.0 ：0
sp_open_dev : 1 : 2 : 465.7048058428983 : 0 : 1 : 1 : 0 : 0 : 1 : 0 : 1.0 ：0
sp_set_mac_address : 2 : 1 : 1016.7504090493038 : 0 : 1 : 4 : 0 : 0 : 1 : 0 : 0.8 ：0
sp_setup : 1 : 1 : 3000.611235507126 : 0 : 2 : 2 : 1 : 0 : 0 : 0 : 1.0 ：1
sp_xmit : 2 : 2 : 3963.3533057423897 : 0 : 1 : 16 : 0 : 0 : 2 : 0 : 0.8 ：0
