nf_flow_rule_route_inet : 4 : 3 : 3260.7279578970556 : 1600 : 1 : 2 : 0 : 0 : 3 : 2 : 1.0 ：0
nf_flow_inet_module_init : 1 : 1 : 230.6287745758198 : 2277 : 1 : 1 : 0 : 0 : 0 : 1 : 1.0 ：0
nf_flow_offload_inet_hook : 3 : 5 : 4999.958480380833 : 2277 : 1 : 5 : 0 : 0 : 3 : 2 : 1.0 ：0
nf_flow_tuple_ipv6 : 3 : 11 : 24880.591387552555 : 2171 : 3 : 8 : 2 : 0 : 4 : 3 : 0.6 ：0
nf_flow_dnat_ipv6 : 5 : 3 : 4443.181818181818 : 2171 : 4 : 7 : 3 : 0 : 0 : 2 : 1.0 ：0
nf_flow_offload_ipv6_hook : 3 : 9 : 29216.757038124262 : 2171 : 1 : 79 : 0 : 0 : 12 : 2 : 0.6 ：0
nf_flow_nat_ipv6 : 4 : 3 : 4581.334108334502 : 2171 : 3 : 19 : 2 : 0 : 0 : 2 : 1.0 ：0
nf_flow_offload_ipv6_lookup : 0 : 4 : 1805.0942177665515 : 321 : 2 : 15 : 1 : 0 : 3 : 2 : 1.0 ：0
nf_flow_offload_lookup : 0 : 4 : 1805.0942177665515 : 321 : 2 : 18 : 1 : 0 : 3 : 2 : 1.0 ：0
nf_flow_encap_pop : 2 : 5 : 5547.223050904261 : 1105 : 3 : 6 : 4 : 0 : 2 : 3 : 1.0 ：1
nf_flow_snat_ipv6 : 5 : 3 : 4443.181818181818 : 2171 : 4 : 7 : 3 : 0 : 0 : 2 : 1.0 ：0
nf_flow_skb_encap_protocol : 3 : 5 : 3187.0119673977388 : 1105 : 3 : 3 : 4 : 0 : 4 : 3 : 1.0 ：1
nf_flow_nat_ipv6_l4proto : 5 : 3 : 977.4206614591421 : 2171 : 5 : 6 : 8 : 0 : 0 : 2 : 0.8 ：0
nf_flow_queue_xmit : 4 : 2 : 3149.5177089577655 : 1105 : 2 : 3 : 2 : 0 : 3 : 1 : 1.0 ：0
nf_flow_offload_ipv6_forward : 4 : 6 : 20117.580211397457 : 321 : 2 : 45 : 1 : 0 : 3 : 2 : 0.8 ：0
nf_flow_offload_forward : 4 : 6 : 21533.477463498053 : 321 : 2 : 48 : 1 : 0 : 3 : 2 : 0.8 ：0
nf_flow_offload_ip_hook : 3 : 9 : 29036.060166782805 : 2171 : 1 : 85 : 0 : 0 : 12 : 2 : 0.6 ：0
nf_flow_nat_ipv6_tcp : 5 : 1 : 1212.6625705275915 : 2171 : 6 : 2 : 9 : 0 : 1 : 1 : 0.8 ：0
nf_flow_nat_ipv6_udp : 4 : 4 : 2717.2783578540057 : 2171 : 6 : 2 : 9 : 0 : 1 : 2 : 0.8 ：0
nf_flow_dst_check : 1 : 3 : 750.5865002596163 : 686 : 3 : 1 : 4 : 0 : 1 : 1 : 1.0 ：0
nf_flow_exceeds_mtu : 2 : 4 : 930.1248776534104 : 2171 : 3 : 2 : 4 : 0 : 3 : 1 : 1.0 ：0
nf_flow_xmit_xfrm : 3 : 1 : 557.9386778306713 : 1703 : 2 : 3 : 2 : 0 : 1 : 1 : 1.0 ：0
nf_flow_tuple_ip : 3 : 13 : 27726.483976443506 : 2171 : 3 : 11 : 2 : 0 : 4 : 3 : 0.6 ：0
nf_flow_nat_ip : 5 : 3 : 3146.574950110477 : 2171 : 3 : 21 : 2 : 0 : 0 : 2 : 1.0 ：0
nf_flow_tuple_encap : 2 : 4 : 12675.181089164666 : 1105 : 4 : 5 : 6 : 0 : 3 : 2 : 0.8 ：0
nf_flow_dnat_ip : 5 : 3 : 5666.161739442566 : 2171 : 4 : 8 : 3 : 0 : 0 : 2 : 1.0 ：0
nf_flow_snat_ip : 5 : 3 : 5666.161739442566 : 2171 : 4 : 8 : 3 : 0 : 0 : 2 : 1.0 ：0
nf_flow_nat_ip_udp : 4 : 4 : 2498.5774876743744 : 2171 : 6 : 2 : 9 : 0 : 1 : 2 : 0.8 ：0
nf_flow_nat_ip_l4proto : 5 : 3 : 884.3329794154141 : 2171 : 5 : 6 : 8 : 0 : 0 : 2 : 0.8 ：0
nf_flow_nat_ip_tcp : 4 : 1 : 1031.243561809875 : 2171 : 6 : 2 : 9 : 0 : 1 : 1 : 0.8 ：0
nf_flow_state_check : 4 : 4 : 1693.9286726457353 : 2171 : 3 : 3 : 4 : 0 : 1 : 2 : 1.0 ：0
