__hfs_brec_find : 2 : 12 : 24066.77919718656 : 4751 : 0 : 0 : 0 : 0 : 7 : 3 : 0.8 ：0
hfs_find_exit : 1 : 1 : 1353.7266388246344 : 4751 : 1 : 4 : 0 : 0 : 0 : 1 : 0.8 ：0
hfs_brec_find : 1 : 12 : 18408.600884703923 : 4751 : 2 : 7 : 1 : 0 : 8 : 3 : 0.6 ：0
hfs_brec_goto : 2 : 14 : 35138.599715949276 : 4751 : 1 : 7 : 0 : 0 : 8 : 4 : 0.6 ：0
hfs_find_init : 2 : 2 : 3733.4415787007474 : 4751 : 1 : 3 : 0 : 0 : 1 : 1 : 0.8 ：1
hfs_brec_read : 3 : 3 : 1592.6541495133206 : 4751 : 1 : 9 : 0 : 0 : 2 : 1 : 1.0 ：0
