atp_complete_geyser_1_2 : 1 : 26 : 165728.32967467842 : 4741 : 1 : 24 : 0 : 0 : 4 : 3 : 0.6 ：0
atp_handle_geyser : 1 : 3 : 1598.0200641867013 : 4874 : 3 : 9 : 3 : 0 : 0 : 2 : 1.0 ：0
atp_calculate_abs : 6 : 23 : 84533.06895098246 : 4822 : 2 : 2 : 2 : 0 : 3 : 3 : 0.6 ：0
atp_suspend : 2 : 1 : 399.66303336669984 : 5281 : 1 : 2 : 0 : 0 : 1 : 1 : 1.0 ：0
atp_disconnect : 1 : 2 : 3172.2933518115474 : 5281 : 1 : 8 : 0 : 0 : 1 : 2 : 0.8 ：0
atp_probe : 2 : 17 : 85302.26707584273 : 5281 : 1 : 52 : 0 : 0 : 13 : 3 : 0.3999999999999999 ：1
atp_open : 1 : 2 : 889.8492590700723 : 5281 : 2 : 2 : 1 : 0 : 1 : 1 : 1.0 ：0
atp_complete_geyser_3_4 : 1 : 31 : 133799.5302290548 : 4741 : 1 : 22 : 0 : 0 : 4 : 3 : 0.6 ：0
atp_close : 1 : 1 : 692.0260094628095 : 5281 : 2 : 3 : 1 : 0 : 1 : 1 : 1.0 ：0
atp_reinit : 1 : 2 : 2492.831546235254 : 4906 : 2 : 12 : 1 : 0 : 2 : 1 : 1.0 ：0
atp_detect_size : 1 : 3 : 5494.653758112377 : 4741 : 2 : 2 : 1 : 0 : 1 : 3 : 1.0 ：0
atp_recover : 1 : 4 : 1152.51415863663 : 4874 : 2 : 11 : 1 : 0 : 2 : 1 : 1.0 ：0
atp_geyser_init : 1 : 8 : 28582.133883084374 : 4906 : 4 : 7 : 6 : 0 : 8 : 2 : 0.19999999999999996 ：0
atp_resume : 1 : 3 : 815.0468866063245 : 5281 : 1 : 2 : 0 : 0 : 1 : 1 : 1.0 ：0
atp_status_check : 1 : 8 : 16512.306110532987 : 4822 : 2 : 3 : 2 : 0 : 6 : 3 : 1.0 ：0
