wnd_remove_free_ext : 3 : 28 : 183051.62518166687 : 439 : 0 : 93 : 6 : 1 : 4 : 4 : 0.19999999999999996 ：0
rb_insert_count : 2 : 9 : 13640.30177632875 : 439 : 0 : 4 : 24 : 1 : 5 : 3 : 0.6 ：0
wnd_add_free_ext : 4 : 26 : 120912.85905039086 : 439 : 0 : 30 : 16 : 0 : 5 : 4 : 0.19999999999999996 ：0
ntfs_trim_fs : 2 : 18 : 49900.44098855 : 439 : 1 : 12 : 0 : 0 : 16 : 4 : 0.3999999999999999 ：1
wnd_is_free_hlp : 3 : 7 : 13203.660834465958 : 439 : 0 : 9 : 19 : 0 : 9 : 3 : 0.3999999999999999 ：0
wnd_is_free : 3 : 7 : 5819.152352124784 : 439 : 2 : 14 : 1 : 0 : 8 : 1 : 1.0 ：0
wnd_zone_set : 3 : 4 : 2917.4973781930926 : 422 : 0 : 33 : 6 : 0 : 1 : 1 : 0.8 ：0
wnd_map : 0 : 3 : 6892.893514392077 : 439 : 0 : 3 : 26 : 0 : 6 : 2 : 0.6 ：0
wnd_is_used : 3 : 14 : 24302.021299820106 : 439 : 1 : 13 : 0 : 0 : 16 : 3 : 0.3999999999999999 ：0
wnd_init : 3 : 4 : 7652.948456396324 : 422 : 1 : 98 : 0 : 0 : 4 : 1 : 0.8 ：0
wnd_set_used : 3 : 6 : 18681.096400587878 : 439 : 2 : 108 : 1 : 0 : 9 : 3 : 0.8 ：0
wnd_rescan : 1 : 28 : 107269.90606416651 : 439 : 0 : 71 : 6 : 0 : 16 : 5 : 0.19999999999999996 ：0
wnd_find : 5 : 91 : 431821.3738472765 : 439 : 1 : 144 : 0 : 2 : 31 : 6 : 0.3999999999999999 ：0
wnd_set_free : 3 : 5 : 17820.65356102423 : 439 : 1 : 43 : 0 : 0 : 9 : 3 : 0.8 ：0
wnd_extend : 2 : 9 : 57580.96697647806 : 439 : 1 : 44 : 0 : 0 : 11 : 2 : 0.3999999999999999 ：0
rb_insert_start : 2 : 5 : 7972.138116565532 : 439 : 0 : 4 : 24 : 1 : 5 : 3 : 0.8 ：0
wnd_scan : 8 : 9 : 25379.481182050517 : 422 : 2 : 3 : 1 : 0 : 2 : 4 : 0.3999999999999999 ：0
rb_lookup : 0 : 5 : 5125.768727332218 : 439 : 0 : 1 : 27 : 0 : 4 : 3 : 0.8 ：0
ntfs3_init_bitmap : 1 : 1 : 542.1900208067995 : 439 : 1 : 1 : 0 : 0 : 0 : 1 : 1.0 ：0
wnd_close : 1 : 2 : 2824.43015056717 : 439 : 1 : 7 : 0 : 0 : 0 : 2 : 0.8 ：0
