blk_start_plug_nr_ios : 2 : 2 : 4979.837422194472 : 580 : 2 : 2 : 1 : 0 : 1 : 1 : 1.0 ：0
flush_plug_callbacks : 2 : 3 : 2580.416895405867 : 4416 : 0 : 0 : 0 : 0 : 0 : 3 : 1.0 ：0
blk_io_schedule : 1 : 2 : 954.9402641850769 : 1102 : 1 : 2 : 0 : 0 : 0 : 1 : 1.0 ：0
blk_dev_init : 1 : 3 : 5067.885061982268 : 5591 : 1 : 6 : 0 : 0 : 0 : 1 : 0.8 ：0
submit_bio_noacct : 1 : 46 : 31404.320784292104 : 243 : 2 : 52 : 1 : 0 : 16 : 4 : 0.6 ：0
blk_check_plugged : 0 : 5 : 6319.2766768761985 : 3946 : 1 : 4 : 0 : 0 : 5 : 2 : 1.0 ：0
blk_lld_busy : 1 : 3 : 556.65186045751 : 5337 : 1 : 1 : 0 : 0 : 0 : 1 : 1.0 ：0
update_io_ticks : 3 : 5 : 2591.1643029890483 : 538 : 3 : 6 : 4 : 0 : 1 : 2 : 1.0 ：0
submit_bio_noacct_nocheck : 1 : 6 : 7620.789432070633 : 458 : 3 : 6 : 2 : 0 : 0 : 2 : 1.0 ：0
iocb_bio_iopoll : 3 : 7 : 16219.268098071465 : 580 : 1 : 13 : 0 : 0 : 3 : 1 : 0.8 ：0
bdev_end_io_acct : 4 : 1 : 3872.4726693495777 : 398 : 2 : 16 : 1 : 0 : 1 : 1 : 0.8 ：0
submit_bio : 1 : 4 : 1765.998587644658 : 243 : 1 : 57 : 0 : 0 : 0 : 2 : 1.0 ：0
__blk_flush_plug : 2 : 6 : 3711.78166670308 : 473 : 0 : 0 : 0 : 0 : 0 : 1 : 0.6 ：0
blk_finish_plug : 1 : 2 : 659.9415198233181 : 1593 : 1 : 0 : 0 : 0 : 0 : 2 : 1.0 ：0
bdev_start_io_acct : 3 : 1 : 702.8389158606659 : 208 : 2 : 11 : 1 : 0 : 1 : 1 : 0.8 ：0
bio_poll : 3 : 12 : 17679.565534273694 : 580 : 2 : 9 : 1 : 0 : 6 : 2 : 0.6 ：0
__submit_bio_noacct : 1 : 8 : 18701.430357173813 : 1054 : 0 : 0 : 0 : 0 : 1 : 2 : 1.0 ：0
__submit_bio_noacct_mq : 1 : 3 : 1495.7800233851083 : 1054 : 0 : 0 : 0 : 0 : 0 : 2 : 1.0 ：0
__submit_bio : 1 : 5 : 2076.777326328885 : 458 : 0 : 0 : 0 : 0 : 1 : 2 : 1.0 ：0
blk_check_zone_append : 2 : 6 : 7304.966904253861 : 1103 : 3 : 4 : 2 : 0 : 6 : 1 : 0.8 ：0
blk_partition_remap : 1 : 3 : 3680.2601162873934 : 5591 : 3 : 6 : 2 : 0 : 1 : 2 : 1.0 ：0
bio_check_ro : 1 : 5 : 1933.542417272216 : 846 : 3 : 6 : 2 : 0 : 0 : 2 : 1.0 ：0
bio_check_eod : 1 : 5 : 3388.4872246342156 : 846 : 3 : 3 : 2 : 0 : 1 : 2 : 1.0 ：1
fail_make_request_debugfs : 1 : 1 : 440.0 : 5591 : 1 : 2 : 0 : 0 : 0 : 1 : 1.0 ：0
blk_alloc_queue : 0 : 9 : 13864.40082357038 : 719 : 1 : 24 : 0 : 0 : 7 : 1 : 0.3999999999999999 ：0
blk_get_queue : 1 : 2 : 358.1316379307809 : 200 : 1 : 3 : 0 : 0 : 2 : 1 : 1.0 ：0
blk_queue_usage_counter_release : 1 : 1 : 606.9882319256753 : 2769 : 2 : 2 : 1 : 0 : 0 : 1 : 1.0 ：0
__bio_queue_enter : 2 : 10 : 7793.0019993592705 : 563 : 0 : 0 : 0 : 0 : 3 : 3 : 0.6 ：0
blk_queue_enter : 2 : 7 : 5084.284349805592 : 358 : 1 : 5 : 0 : 0 : 1 : 2 : 0.8 ：0
blk_queue_start_drain : 1 : 2 : 2559.319334956073 : 327 : 1 : 4 : 0 : 0 : 0 : 1 : 0.8 ：0
blk_free_queue : 1 : 2 : 773.1228074467324 : 172 : 2 : 9 : 1 : 0 : 0 : 1 : 0.8 ：0
blk_free_queue_rcu : 1 : 1 : 904.8737253129816 : 172 : 3 : 3 : 2 : 0 : 0 : 1 : 1.0 ：0
blk_status_to_errno : 1 : 2 : 980.0358249575111 : 580 : 1 : 2 : 0 : 0 : 1 : 1 : 1.0 ：0
blk_clear_pm_only : 1 : 2 : 793.3333333333334 : 1697 : 1 : 3 : 0 : 0 : 1 : 1 : 1.0 ：0
blk_status_to_str : 0 : 2 : 832.6914796149653 : 538 : 1 : 2 : 0 : 0 : 1 : 1 : 1.0 ：0
blk_op_str : 0 : 3 : 969.5075628353375 : 538 : 1 : 1 : 0 : 0 : 2 : 1 : 1.0 ：0
errno_to_blk_status : 1 : 3 : 1458.7486890965465 : 2172 : 1 : 1 : 0 : 0 : 2 : 2 : 1.0 ：0
