secretmem_file_create : 0 : 4 : 5958.422473596903 : 106 : 2 : 8 : 1 : 0 : 5 : 1 : 0.8 ：0
secretmem_init : 1 : 3 : 1683.2904148117036 : 106 : 1 : 3 : 0 : 0 : 3 : 1 : 1.0 ：0
secretmem_mmap : 2 : 3 : 2255.610929429428 : 106 : 1 : 1 : 0 : 0 : 0 : 1 : 1.0 ：0
secretmem_fault : 1 : 8 : 16188.201663976863 : 106 : 1 : 12 : 0 : 0 : 9 : 3 : 0.8 ：1
