nf_tproxy_laddr4 : 3 : 3 : 2340.857756657798 : 2167 : 1 : 1 : 0 : 0 : 4 : 2 : 1.0 ：1
nf_tproxy_handle_time_wait4 : 0 : 8 : 8381.877755168487 : 2167 : 1 : 20 : 0 : 0 : 4 : 3 : 0.8 ：0
nf_tproxy_get_sock_v4 : 0 : 16 : 34167.10478803946 : 2167 : 2 : 13 : 1 : 0 : 6 : 4 : 0.6 ：0
