bpf_mprog_tuple_relative : 4 : 5 : 4212.890088437343 : 64 : 2 : 15 : 2 : 0 : 2 : 1 : 1.0 ：0
bpf_mprog_prog : 4 : 7 : 3334.3895167299493 : 64 : 3 : 6 : 3 : 0 : 2 : 2 : 0.8 ：0
bpf_mprog_insert : 5 : 5 : 4030.1368857981156 : 64 : 2 : 7 : 1 : 0 : 5 : 1 : 1.0 ：0
bpf_mprog_pos_before : 2 : 5 : 4170.857006267241 : 64 : 2 : 3 : 2 : 0 : 3 : 2 : 1.0 ：0
bpf_mprog_attach : 8 : 25 : 25569.43690917012 : 64 : 1 : 49 : 0 : 0 : 7 : 3 : 0.6 ：0
bpf_mprog_detach : 7 : 27 : 26227.54217914499 : 64 : 1 : 46 : 0 : 0 : 8 : 3 : 0.6 ：0
bpf_mprog_pos_exact : 2 : 3 : 3220.14695336809 : 64 : 2 : 3 : 2 : 0 : 3 : 2 : 1.0 ：0
bpf_mprog_replace : 4 : 2 : 2645.515015403793 : 64 : 2 : 5 : 1 : 0 : 3 : 2 : 1.0 ：0
bpf_mprog_query : 3 : 20 : 45681.28111593931 : 64 : 1 : 7 : 0 : 0 : 6 : 2 : 0.6 ：0
bpf_mprog_link : 4 : 7 : 3773.844948986188 : 64 : 3 : 6 : 3 : 0 : 2 : 2 : 0.8 ：0
bpf_mprog_fetch : 3 : 9 : 11261.041277118846 : 64 : 2 : 4 : 1 : 0 : 5 : 1 : 1.0 ：0
bpf_mprog_delete : 4 : 4 : 3316.3007263238374 : 64 : 2 : 6 : 1 : 0 : 2 : 1 : 1.0 ：0
bpf_mprog_pos_after : 2 : 5 : 4375.719688633897 : 64 : 2 : 3 : 2 : 0 : 3 : 2 : 1.0 ：0
bpf_mprog_tuple_put : 1 : 4 : 597.8853316025107 : 64 : 2 : 2 : 2 : 0 : 0 : 1 : 1.0 ：0
