nfs_init_fs_context : 1 : 5 : 37468.67042066428 : 0 : 1 : 7 : 0 : 0 : 3 : 3 : 0.3999999999999999 ：0
nfs23_parse_monolithic : 2 : 35 : 125552.47848855123 : 0 : 2 : 16 : 1 : 0 : 16 : 3 : 0.6 ：1
nfs_fs_context_dup : 2 : 3 : 6865.033199917497 : 0 : 1 : 5 : 0 : 0 : 1 : 2 : 1.0 ：0
nfs_fs_context_free : 1 : 4 : 4566.476599139207 : 0 : 1 : 6 : 0 : 0 : 1 : 2 : 0.8 ：0
nfs_fs_context_validate : 1 : 35 : 57585.931696296575 : 0 : 2 : 27 : 1 : 0 : 19 : 3 : 0.6 ：0
nfs_get_tree : 1 : 3 : 1549.7173252437508 : 0 : 1 : 30 : 0 : 0 : 3 : 1 : 1.0 ：0
nfs4_compat_mount_data_conv : 1 : 1 : 14756.98474182074 : 0 : 3 : 3 : 2 : 0 : 0 : 1 : 1.0 ：0
nfs4_parse_monolithic : 2 : 21 : 46643.187476673666 : 0 : 2 : 21 : 1 : 0 : 11 : 2 : 0.6 ：0
nfs_fs_context_parse_monolithic : 2 : 4 : 1652.120131515149 : 0 : 1 : 40 : 0 : 0 : 0 : 1 : 1.0 ：0
nfs_parse_source : 3 : 18 : 35544.16034911204 : 0 : 3 : 10 : 2 : 0 : 11 : 2 : 0.6 ：0
nfs_parse_version_string : 2 : 7 : 8615.302654964178 : 0 : 2 : 3 : 1 : 0 : 1 : 2 : 1.0 ：0
nfs_set_mount_transport_protocol : 1 : 6 : 2255.049097509306 : 0 : 3 : 0 : 2 : 0 : 0 : 2 : 1.0 ：0
nfs_auth_info_add : 3 : 4 : 6533.815238586996 : 0 : 3 : 2 : 2 : 0 : 0 : 2 : 1.0 ：0
nfs_parse_xprtsec_policy : 2 : 4 : 3496.556088763949 : 0 : 2 : 4 : 1 : 0 : 1 : 2 : 1.0 ：0
nfs_fs_context_parse_param : 2 : 135 : 385787.89521123294 : 0 : 1 : 27 : 0 : 0 : 26 : 3 : 0.3999999999999999 ：0
nfs_parse_security_flavors : 2 : 15 : 10280.646660757659 : 0 : 2 : 8 : 1 : 0 : 5 : 3 : 0.8 ：0
nfs_verify_server_address : 1 : 3 : 2061.3937905783005 : 0 : 3 : 2 : 6 : 0 : 2 : 3 : 0.8 ：0
nfs_validate_transport_protocol : 2 : 9 : 4769.112814030938 : 0 : 3 : 2 : 6 : 0 : 2 : 2 : 0.6 ：0
