sock_map_remove_links : 2 : 2 : 697.5936582400578 : 648 : 6 : 34 : 12 : 0 : 1 : 2 : 0.8 ：0
sock_hash_free : 1 : 5 : 21143.92477520507 : 556 : 1 : 35 : 0 : 0 : 6 : 3 : 0.8 ：0
sock_hash_lookup_sys : 0 : 3 : 1795.8662608894442 : 665 : 1 : 1 : 0 : 0 : 1 : 1 : 1.0 ：0
sock_map_unlink : 2 : 3 : 1238.6335132236104 : 648 : 7 : 31 : 13 : 0 : 0 : 2 : 0.8 ：0
sock_map_prog_update : 4 : 10 : 6410.729532275897 : 294 : 2 : 4 : 2 : 0 : 2 : 2 : 0.8 ：0
sock_map_iter_attach_target : 3 : 8 : 4267.563470098212 : 463 : 1 : 4 : 0 : 0 : 5 : 2 : 0.8 ：0
sock_map_unhash : 1 : 3 : 3928.395870617886 : 122 : 1 : 39 : 0 : 0 : 1 : 2 : 0.8 ：0
sock_hash_alloc_elem : 0 : 4 : 5124.153733928022 : 1159 : 3 : 5 : 4 : 0 : 2 : 3 : 1.0 ：0
sock_hash_seq_find_next : 0 : 5 : 13193.277130275004 : 463 : 1 : 4 : 0 : 0 : 7 : 2 : 1.0 ：0
sock_map_progs : 0 : 3 : 1196.6141510010082 : 260 : 4 : 1 : 12 : 0 : 1 : 2 : 0.8 ：0
sock_hash_get_next_key : 3 : 8 : 16789.37946592215 : 1159 : 1 : 12 : 0 : 0 : 5 : 3 : 0.8 ：0
sock_hash_update_common : 4 : 15 : 23974.54044298761 : 483 : 2 : 115 : 3 : 1 : 10 : 2 : 0.3999999999999999 ：0
sock_hash_init_seq_private : 2 : 1 : 1145.7038476992318 : 463 : 1 : 1 : 0 : 0 : 1 : 1 : 1.0 ：0
sock_map_close : 2 : 2 : 4995.0 : 155 : 5 : 43 : 10 : 0 : 1 : 2 : 0.6 ：0
sock_hash_alloc : 0 : 15 : 28486.823529411766 : 1159 : 1 : 10 : 0 : 0 : 3 : 2 : 0.6 ：0
sock_hash_lookup : 0 : 4 : 1452.758987584075 : 665 : 1 : 2 : 0 : 0 : 4 : 1 : 1.0 ：0
__sock_hash_lookup_elem : 0 : 1 : 3448.458418141337 : 665 : 0 : 0 : 0 : 0 : 4 : 1 : 1.0 ：0
sock_hash_delete_elem : 2 : 2 : 5697.467375776592 : 1159 : 1 : 28 : 0 : 0 : 5 : 2 : 0.8 ：0
sock_hash_delete_from_link : 3 : 3 : 7463.788611680308 : 556 : 8 : 28 : 14 : 0 : 2 : 2 : 0.6 ：0
sock_map_seq_lookup_elem : 0 : 2 : 2075.368545061937 : 463 : 0 : 0 : 0 : 0 : 2 : 1 : 1.0 ：0
sock_map_init_seq_private : 2 : 1 : 285.5516191543203 : 463 : 1 : 0 : 0 : 0 : 1 : 1 : 1.0 ：0
sock_hash_lookup_elem_raw : 0 : 3 : 1296.6655014191526 : 1159 : 9 : 2 : 21 : 0 : 3 : 2 : 0.8 ：0
sock_map_update_elem : 4 : 7 : 5287.109968141671 : 483 : 1 : 222 : 0 : 0 : 3 : 1 : 0.6 ：0
sock_map_update_elem_sys : 4 : 11 : 11365.044284518435 : 483 : 1 : 226 : 0 : 0 : 8 : 2 : 0.8 ：0
sock_map_redirect_allowed : 1 : 2 : 512.7793906736181 : 155 : 2 : 1 : 1 : 0 : 0 : 1 : 1.0 ：0
sock_map_update_common : 4 : 15 : 20278.119195187744 : 483 : 2 : 96 : 3 : 1 : 8 : 2 : 0.6 ：0
sock_map_get_next_key : 3 : 3 : 3988.658080210006 : 1159 : 1 : 1 : 0 : 0 : 3 : 1 : 1.0 ：0
sock_map_delete_elem : 2 : 2 : 3083.063660991101 : 1159 : 1 : 2 : 0 : 0 : 3 : 1 : 1.0 ：0
sock_map_lookup_sys : 0 : 3 : 1941.0051071382622 : 665 : 1 : 1 : 0 : 0 : 1 : 1 : 1.0 ：0
__sock_map_delete : 3 : 4 : 2561.006131106378 : 1159 : 0 : 0 : 0 : 0 : 3 : 1 : 0.8 ：0
sock_map_lookup : 0 : 4 : 1596.1334862707185 : 463 : 1 : 2 : 0 : 0 : 4 : 1 : 1.0 ：0
__sock_map_lookup_elem : 0 : 2 : 1857.9271392572355 : 463 : 0 : 0 : 0 : 0 : 2 : 1 : 1.0 ：0
sock_map_psock_get_checked : 0 : 5 : 2360.1716164502127 : 260 : 4 : 49 : 9 : 0 : 3 : 3 : 0.6 ：0
sock_map_free : 1 : 5 : 9929.605402321195 : 1159 : 1 : 24 : 0 : 0 : 4 : 3 : 0.8 ：0
sock_map_link : 2 : 53 : 88854.75440085575 : 260 : 3 : 66 : 8 : 0 : 16 : 3 : 0.19999999999999996 ：1
sock_map_unref : 2 : 2 : 1008.2408341750837 : 1159 : 9 : 14 : 26 : 0 : 1 : 2 : 0.8 ：0
sock_map_init_proto : 2 : 2 : 1368.0 : 260 : 4 : 0 : 9 : 0 : 0 : 1 : 0.8 ：0
sock_map_del_link : 3 : 13 : 12967.457404593468 : 1159 : 10 : 10 : 27 : 0 : 2 : 3 : 0.3999999999999999 ：0
sock_map_add_link : 4 : 1 : 1204.4390505551 : 1159 : 3 : 3 : 8 : 0 : 0 : 1 : 0.6 ：0
sock_map_alloc : 0 : 9 : 8258.872168913971 : 1159 : 1 : 7 : 0 : 0 : 1 : 2 : 0.6 ：0
sock_map_prog_detach : 2 : 8 : 7036.748214693242 : 535 : 1 : 11 : 0 : 0 : 8 : 2 : 0.8 ：0
sock_map_get_from_fd : 2 : 4 : 3230.7424027076154 : 1159 : 1 : 9 : 0 : 0 : 5 : 1 : 1.0 ：0
