cookie_init_timestamp : 2 : 4 : 5120.214184120751 : 5126 : 1 : 2 : 0 : 0 : 2 : 2 : 1.0 ：0
cookie_timestamp_decode : 2 : 6 : 5859.089899688048 : 2727 : 2 : 1 : 1 : 0 : 5 : 2 : 0.8 ：0
tcp_get_cookie_sock : 0 : 4 : 5276.15276497924 : 2511 : 2 : 9 : 1 : 0 : 6 : 3 : 0.8 ：0
cookie_v4_init_sequence : 2 : 1 : 832.6914796149653 : 3160 : 1 : 2 : 0 : 0 : 2 : 1 : 1.0 ：0
cookie_ecn_ok : 3 : 3 : 825.293250129808 : 2727 : 2 : 1 : 1 : 0 : 3 : 1 : 1.0 ：1
check_tcp_syn_cookie : 6 : 2 : 6401.41376693036 : 6215 : 0 : 0 : 0 : 0 : 0 : 1 : 1.0 ：0
cookie_hash : 6 : 1 : 1317.4435124774186 : 6215 : 0 : 0 : 2 : 0 : 0 : 1 : 1.0 ：0
__cookie_v4_check : 3 : 1 : 1890.7670302720614 : 3160 : 0 : 0 : 0 : 0 : 1 : 1 : 1.0 ：0
cookie_v4_check : 0 : 27 : 77724.49928925376 : 3160 : 1 : 56 : 0 : 0 : 20 : 2 : 0.3999999999999999 ：0
__cookie_v4_init_sequence : 3 : 3 : 3398.660537917758 : 3160 : 0 : 0 : 0 : 0 : 2 : 1 : 1.0 ：0
cookie_tcp_reqsk_alloc : 0 : 6 : 5344.899153135303 : 630 : 2 : 6 : 1 : 0 : 6 : 3 : 0.8 ：0
secure_tcp_syn_cookie : 6 : 1 : 7929.482102288286 : 6215 : 0 : 0 : 0 : 0 : 1 : 1 : 1.0 ：0
