ieee80211_restart_work : 1 : 9 : 21773.686056996004 : 5008 : 2 : 19 : 1 : 0 : 2 : 4 : 0.6 ：0
ieee80211_unregister_hw : 1 : 4 : 10287.724514108357 : 5387 : 1 : 19 : 0 : 0 : 1 : 1 : 0.8 ：0
ieee80211_exit : 1 : 1 : 142.64662506490404 : 5387 : 1 : 4 : 0 : 0 : 0 : 1 : 1.0 ：0
ieee80211_alloc_hw_nm : 0 : 30 : 148239.51740071486 : 2995 : 1 : 57 : 0 : 0 : 10 : 2 : 0.3999999999999999 ：0
ieee80211_free_hw : 1 : 4 : 8357.601893868978 : 5387 : 1 : 12 : 0 : 0 : 2 : 2 : 0.8 ：0
ieee80211_register_hw : 1 : 141 : 574595.3474602362 : 5387 : 1 : 59 : 0 : 0 : 21 : 4 : 0.3999999999999999 ：0
ieee80211_link_info_change_notify : 3 : 4 : 1897.2001133632236 : 202 : 1 : 3 : 0 : 0 : 1 : 1 : 1.0 ：1
ieee80211_ifa_changed : 3 : 9 : 20913.47381868046 : 4602 : 2 : 8 : 1 : 0 : 13 : 2 : 0.3999999999999999 ：0
ieee80211_vif_cfg_change_notify : 2 : 3 : 1163.201645843232 : 202 : 3 : 2 : 2 : 0 : 1 : 1 : 1.0 ：0
ieee80211_restart_hw : 1 : 2 : 3366.927639496855 : 5008 : 1 : 6 : 0 : 0 : 1 : 1 : 1.0 ：0
ieee80211_tasklet_handler : 1 : 5 : 6204.1370970065345 : 5387 : 2 : 6 : 1 : 0 : 2 : 3 : 1.0 ：0
ieee80211_ifa6_changed : 3 : 4 : 7315.299280723817 : 3641 : 2 : 3 : 1 : 0 : 8 : 1 : 1.0 ：0
ieee80211_reset_erp_info : 1 : 1 : 787.6881516992842 : 5227 : 1 : 0 : 0 : 0 : 0 : 1 : 1.0 ：0
ieee80211_init : 1 : 4 : 3875.2168478818276 : 3330 : 1 : 5 : 0 : 0 : 5 : 1 : 1.0 ：0
ieee80211_bss_info_change_notify : 2 : 20 : 27206.290084650875 : 202 : 1 : 6 : 0 : 0 : 3 : 2 : 0.8 ：0
ieee80211_init_cipher_suites : 1 : 13 : 41839.03117754399 : 3330 : 2 : 3 : 1 : 0 : 5 : 3 : 0.6 ：0
ieee80211_configure_filter : 1 : 13 : 12785.198494877695 : 4889 : 3 : 7 : 2 : 0 : 1 : 1 : 0.6 ：0
ieee80211_hw_conf_chan : 1 : 14 : 46307.779453636096 : 3735 : 2 : 10 : 1 : 0 : 6 : 2 : 0.3999999999999999 ：0
ieee80211_reconfig_filter : 1 : 1 : 491.1519605907852 : 4889 : 2 : 9 : 1 : 0 : 0 : 1 : 1.0 ：0
ieee80211_hw_config : 2 : 5 : 5738.03045102998 : 4056 : 1 : 13 : 0 : 0 : 2 : 2 : 1.0 ：0
