snmp_fold_field64 : 3 : 1 : 764.6269524198453 : 4565 : 1 : 5 : 0 : 0 : 3 : 2 : 1.0 ：0
inet_init : 1 : 23 : 49794.041198758976 : 3157 : 1 : 43 : 0 : 0 : 9 : 1 : 0.6 ：0
ipv4_proc_init : 1 : 12 : 2562.032931634893 : 6466 : 2 : 9 : 1 : 0 : 8 : 1 : 0.8 ：0
ipv4_mib_exit_net : 1 : 1 : 4491.907848094198 : 5277 : 1 : 2 : 0 : 0 : 0 : 1 : 0.8 ：0
snmp_get_cpu_field64 : 4 : 3 : 2813.499693328133 : 2677 : 2 : 3 : 1 : 0 : 4 : 2 : 1.0 ：0
ipv4_mib_init_net : 1 : 15 : 26741.433755008475 : 5277 : 1 : 7 : 0 : 0 : 9 : 2 : 0.3999999999999999 ：0
snmp_fold_field : 2 : 1 : 695.1154112907684 : 4565 : 1 : 2 : 0 : 0 : 2 : 1 : 1.0 ：0
ipip_gro_receive : 0 : 2 : 1260.9853204361552 : 2475 : 1 : 19 : 0 : 0 : 1 : 2 : 1.0 ：0
ipip_gso_segment : 0 : 2 : 497.85297406429135 : 1408 : 1 : 22 : 0 : 0 : 0 : 1 : 1.0 ：0
ipv4_offload_init : 1 : 4 : 2992.516292998584 : 3696 : 1 : 6 : 0 : 0 : 0 : 1 : 1.0 ：0
inet_gro_complete : 2 : 5 : 12197.889440351439 : 695 : 2 : 8 : 1 : 0 : 7 : 2 : 1.0 ：0
inet_ctl_sock_create : 5 : 3 : 3457.3562501117835 : 5383 : 1 : 1 : 0 : 0 : 3 : 2 : 1.0 ：1
inet_current_timestamp : 1 : 1 : 4213.868944642085 : 2494 : 1 : 3 : 0 : 0 : 3 : 1 : 1.0 ：0
inet_gro_receive : 0 : 20 : 84809.5069317325 : 695 : 2 : 17 : 1 : 0 : 14 : 3 : 0.6 ：0
inet_recv_error : 4 : 4 : 1713.30976601571 : 2955 : 1 : 1 : 0 : 0 : 0 : 1 : 1.0 ：0
inet_init_net : 1 : 5 : 24671.15344235911 : 3157 : 1 : 2 : 0 : 0 : 0 : 1 : 0.8 ：0
inet_sk_reselect_saddr : 1 : 9 : 17878.473598362973 : 6331 : 2 : 12 : 1 : 0 : 9 : 2 : 0.6 ：0
inet_gso_segment : 0 : 29 : 73556.83922971302 : 695 : 2 : 19 : 1 : 0 : 13 : 4 : 0.6 ：0
inet_register_protosw : 1 : 9 : 20045.53138863794 : 6466 : 2 : 6 : 1 : 0 : 8 : 2 : 0.6 ：0
inet_sk_rebuild_header : 1 : 10 : 17904.535570531803 : 6331 : 1 : 24 : 0 : 0 : 7 : 2 : 0.6 ：0
inet_unregister_protosw : 1 : 2 : 995.7510455535732 : 6466 : 1 : 5 : 0 : 0 : 0 : 2 : 0.8 ：0
inet_compat_routing_ioctl : 3 : 8 : 6188.400226726448 : 955 : 2 : 5 : 1 : 0 : 2 : 1 : 1.0 ：0
inet_compat_ioctl : 3 : 4 : 2601.448822890815 : 4351 : 1 : 7 : 0 : 0 : 1 : 2 : 1.0 ：0
inet_shutdown : 2 : 12 : 19697.40133332714 : 6466 : 1 : 2 : 0 : 0 : 3 : 2 : 0.6 ：0
inet_sendpage : 5 : 3 : 4108.555696572918 : 4553 : 1 : 12 : 0 : 0 : 2 : 1 : 1.0 ：0
inet_recvmsg : 4 : 3 : 2801.133545721663 : 4640 : 1 : 3 : 0 : 0 : 4 : 1 : 1.0 ：0
inet_sendmsg : 3 : 2 : 1299.8368689544477 : 4553 : 1 : 11 : 0 : 0 : 1 : 1 : 1.0 ：0
inet_ioctl : 3 : 24 : 17115.941060942012 : 1800 : 1 : 7 : 0 : 0 : 6 : 2 : 0.6 ：0
inet_send_prepare : 1 : 4 : 1084.5392704161952 : 1275 : 2 : 8 : 2 : 0 : 0 : 1 : 1.0 ：0
inet_getname : 3 : 6 : 10493.581709408556 : 6466 : 1 : 6 : 0 : 0 : 3 : 3 : 1.0 ：0
inet_accept : 4 : 4 : 5932.52679667653 : 6466 : 1 : 8 : 0 : 0 : 4 : 1 : 1.0 ：0
inet_stream_connect : 4 : 1 : 906.1642572280505 : 2164 : 1 : 2 : 0 : 0 : 2 : 1 : 1.0 ：0
__inet_stream_connect : 5 : 39 : 47791.18677373188 : 2164 : 0 : 0 : 0 : 0 : 15 : 3 : 0.6 ：0
inet_wait_for_connect : 3 : 5 : 6130.267499152654 : 6466 : 0 : 0 : 0 : 0 : 1 : 2 : 1.0 ：0
__inet_bind : 4 : 34 : 43196.480784726606 : 1735 : 0 : 0 : 0 : 0 : 13 : 4 : 0.3999999999999999 ：0
inet_bind : 3 : 5 : 6431.6770529698215 : 37 : 1 : 1 : 0 : 0 : 4 : 2 : 0.8 ：0
inet_dgram_connect : 4 : 7 : 7315.638368973979 : 6466 : 1 : 9 : 0 : 0 : 4 : 2 : 0.8 ：0
inet_listen : 2 : 13 : 14406.537371853648 : 6466 : 1 : 10 : 0 : 0 : 5 : 3 : 0.8 ：0
inet_autobind : 1 : 3 : 3302.6112944450115 : 1275 : 3 : 4 : 4 : 0 : 1 : 3 : 1.0 ：0
inet_release : 1 : 5 : 7589.173037237826 : 6466 : 1 : 3 : 0 : 0 : 2 : 2 : 1.0 ：0
inet_sock_destruct : 1 : 4 : 8161.505567690571 : 6466 : 2 : 12 : 1 : 0 : 1 : 2 : 0.8 ：0
inet_create : 4 : 34 : 90477.78000582148 : 6466 : 1 : 28 : 0 : 0 : 15 : 4 : 0.3999999999999999 ：0
