ntfs_file_mmap : 2 : 16 : 24475.67020577926 : 482 : 1 : 25 : 0 : 0 : 14 : 4 : 0.3999999999999999 ：0
ntfs_zero_range : 3 : 15 : 33486.02001600839 : 446 : 2 : 20 : 1 : 0 : 11 : 5 : 0.3999999999999999 ：0
ntfs_truncate : 2 : 9 : 18977.863757112238 : 499 : 2 : 17 : 1 : 0 : 5 : 2 : 0.3999999999999999 ：1
ntfs_file_write_iter : 2 : 14 : 19955.390887035235 : 482 : 1 : 69 : 0 : 0 : 9 : 2 : 0.3999999999999999 ：0
ntfs_compress_write : 2 : 48 : 182376.64281928792 : 482 : 2 : 33 : 1 : 0 : 31 : 6 : 0.3999999999999999 ：0
ntfs3_setattr : 3 : 16 : 22102.356781545146 : 482 : 1 : 51 : 0 : 0 : 12 : 3 : 0.6 ：0
ntfs_get_frame_pages : 5 : 5 : 6539.955126824525 : 482 : 3 : 5 : 2 : 0 : 3 : 4 : 1.0 ：0
ntfs_ioctl : 3 : 3 : 1594.7793837245367 : 499 : 2 : 9 : 1 : 0 : 2 : 2 : 1.0 ：0
ntfs_extend_initialized_size : 4 : 15 : 27670.216806899934 : 499 : 3 : 11 : 4 : 0 : 12 : 4 : 0.6 ：0
ntfs_fiemap : 4 : 2 : 2065.150164393936 : 482 : 1 : 5 : 0 : 0 : 4 : 1 : 0.8 ：0
ntfs_file_read_iter : 2 : 6 : 9192.973447575368 : 499 : 1 : 6 : 0 : 0 : 3 : 2 : 0.8 ：0
ntfs_getattr : 5 : 3 : 4822.753894997753 : 482 : 1 : 5 : 0 : 0 : 2 : 1 : 1.0 ：0
ntfs_file_release : 2 : 4 : 6268.249625936005 : 482 : 1 : 7 : 0 : 0 : 4 : 2 : 0.8 ：0
ntfs_file_open : 2 : 9 : 5181.3694176847775 : 482 : 1 : 7 : 0 : 0 : 3 : 2 : 0.8 ：0
ntfs_extend : 4 : 15 : 17843.051440346153 : 499 : 2 : 23 : 2 : 0 : 9 : 2 : 0.8 ：0
ntfs_fallocate : 4 : 64 : 142873.39067433847 : 482 : 1 : 53 : 0 : 14 : 16 : 4 : 0.3999999999999999 ：0
ntfs_ioctl_fitrim : 2 : 6 : 6828.18706555207 : 499 : 3 : 7 : 2 : 0 : 3 : 1 : 0.6 ：0
