vsock_loopback_exit : 1 : 1 : 1281.704308377824 : 1196 : 1 : 6 : 0 : 0 : 1 : 1 : 0.8 ：1
vsock_loopback_init : 1 : 4 : 3543.172496251347 : 1196 : 1 : 14 : 0 : 0 : 4 : 1 : 0.8 ：1
vsock_loopback_cancel_pkt : 1 : 1 : 437.84212515144276 : 1196 : 1 : 1 : 0 : 0 : 1 : 1 : 1.0 ：0
vsock_loopback_work : 1 : 2 : 2907.332677898047 : 1196 : 2 : 7 : 1 : 0 : 2 : 2 : 0.8 ：1
vsock_loopback_send_pkt : 1 : 1 : 1730.562033220737 : 1196 : 1 : 4 : 0 : 0 : 3 : 1 : 0.8 ：1
