__ip_tunnel_change_mtu : 3 : 5 : 3492.391304347826 : 2877 : 0 : 0 : 0 : 0 : 3 : 2 : 0.8 ：0
ip_tunnel_init_net : 4 : 6 : 17877.11150099353 : 3928 : 1 : 27 : 0 : 0 : 3 : 2 : 0.8 ：0
tnl_update_pmtu : 8 : 19 : 23448.44827195632 : 1796 : 2 : 12 : 2 : 0 : 5 : 4 : 0.6 ：0
ip_tunnel_changelink : 4 : 9 : 12478.923884765503 : 3928 : 1 : 34 : 0 : 0 : 4 : 3 : 0.8 ：0
ip_tunnel_delete_nets : 3 : 1 : 1719.3609377704333 : 2290 : 1 : 12 : 0 : 0 : 2 : 2 : 0.8 ：0
ip_tunnel_init : 1 : 5 : 9364.693276209213 : 2129 : 1 : 14 : 0 : 0 : 5 : 2 : 0.6 ：0
ip_tunnel_newlink : 4 : 12 : 19951.968687208497 : 3928 : 1 : 33 : 0 : 0 : 8 : 2 : 0.8 ：0
ip_tunnel_dev_free : 1 : 1 : 713.6518222585223 : 3928 : 2 : 4 : 1 : 0 : 1 : 1 : 1.0 ：0
ip_tunnel_xmit : 4 : 53 : 175484.69111329087 : 3928 : 1 : 53 : 0 : 0 : 23 : 4 : 0.6 ：1
ip_tunnel_ctl : 3 : 31 : 47022.566327027795 : 1317 : 1 : 63 : 0 : 0 : 9 : 5 : 0.6 ：0
ip_md_tunnel_xmit : 4 : 30 : 67687.79910832611 : 2657 : 1 : 45 : 0 : 0 : 16 : 3 : 0.3999999999999999 ：1
ip_tunnel_destroy : 4 : 4 : 7877.6826648921115 : 3928 : 2 : 5 : 1 : 0 : 4 : 2 : 1.0 ：0
ip_tunnel_uninit : 1 : 2 : 2956.3000862567383 : 3928 : 1 : 7 : 0 : 0 : 3 : 1 : 1.0 ：0
ip_tunnel_siocdevprivate : 4 : 4 : 2274.1414003576933 : 883 : 1 : 2 : 0 : 0 : 3 : 1 : 0.8 ：0
ip_tunnel_dellink : 2 : 2 : 1960.071469058294 : 3928 : 1 : 6 : 0 : 0 : 2 : 2 : 1.0 ：0
ip_tunnel_update : 6 : 5 : 16984.268273821155 : 3928 : 2 : 23 : 2 : 0 : 1 : 2 : 1.0 ：0
ip_tunnel_encap_del_ops : 2 : 2 : 1745.0698367069103 : 3332 : 1 : 2 : 0 : 0 : 2 : 1 : 1.0 ：0
ip_tunnel_encap_add_ops : 2 : 2 : 1021.6483617504394 : 3332 : 1 : 1 : 0 : 0 : 0 : 1 : 1.0 ：0
ip_tunnel_encap_setup : 2 : 2 : 5995.913140228134 : 3386 : 1 : 2 : 0 : 0 : 2 : 1 : 1.0 ：0
ip_tunnel_bind_dev : 1 : 8 : 22269.990280615777 : 3507 : 3 : 9 : 7 : 0 : 9 : 3 : 0.6 ：0
ip_tunnel_find : 0 : 6 : 6705.629399558077 : 3928 : 2 : 6 : 3 : 0 : 8 : 2 : 1.0 ：0
__ip_tunnel_create : 0 : 10 : 13351.542100807052 : 3928 : 0 : 0 : 0 : 0 : 8 : 2 : 0.6 ：0
ip_tunnel_md_udp_encap : 2 : 2 : 2518.1954654955102 : 259 : 1 : 1 : 0 : 0 : 2 : 1 : 1.0 ：0
ip_tunnel_create : 0 : 5 : 7679.285441684819 : 3928 : 2 : 23 : 1 : 0 : 7 : 1 : 1.0 ：0
ip_tunnel_rcv : 5 : 19 : 31285.762621576003 : 3928 : 1 : 19 : 0 : 0 : 5 : 3 : 0.6 ：0
ip_tunnel_lookup : 0 : 35 : 80973.60926081879 : 3928 : 1 : 8 : 0 : 0 : 9 : 2 : 0.6 ：0
ip_tunnel_add : 2 : 2 : 1111.427572644988 : 3739 : 3 : 6 : 7 : 0 : 1 : 1 : 0.8 ：0
ip_bucket : 0 : 5 : 4203.989440528291 : 3928 : 4 : 3 : 12 : 0 : 2 : 1 : 0.8 ：0
ip_tunnel_key_match : 3 : 3 : 1684.1569128704573 : 3486 : 3 : 0 : 5 : 0 : 2 : 2 : 1.0 ：0
