nfc_llcp_recv_dm : 2 : 4 : 8019.704261170677 : 3809 : 0 : 18 : 5 : 0 : 2 : 2 : 1.0 ：0
nfc_llcp_recv_snl : 2 : 21 : 65462.99257210406 : 3809 : 0 : 30 : 5 : 0 : 11 : 5 : 0.3999999999999999 ：0
nfc_llcp_register_device : 1 : 2 : 12556.914318495825 : 3809 : 1 : 287 : 0 : 0 : 1 : 1 : 0.8 ：1
nfc_llcp_mac_is_down : 1 : 2 : 1877.2727272727273 : 3809 : 1 : 51 : 0 : 0 : 1 : 1 : 1.0 ：0
nfc_llcp_rx_work : 1 : 2 : 3412.5326217459938 : 3809 : 2 : 220 : 1 : 0 : 1 : 2 : 1.0 ：0
nfc_llcp_mac_is_up : 4 : 3 : 4149.952018051497 : 3809 : 1 : 38 : 0 : 0 : 1 : 2 : 1.0 ：0
nfc_llcp_recv_agf : 2 : 9 : 11771.781583518587 : 3809 : 0 : 7 : 4 : 0 : 4 : 3 : 0.6 ：0
nfc_llcp_data_received : 2 : 2 : 1366.7619338657976 : 3809 : 1 : 35 : 0 : 0 : 1 : 2 : 1.0 ：0
nfc_llcp_recv : 3 : 2 : 1010.9842314090149 : 3809 : 3 : 1 : 2 : 0 : 1 : 2 : 1.0 ：0
nfc_llcp_rx_skb : 2 : 13 : 13029.166099428327 : 3809 : 0 : 207 : 4 : 0 : 0 : 2 : 0.8 ：0
nfc_llcp_unregister_device : 1 : 2 : 767.9141247293426 : 3809 : 1 : 58 : 0 : 0 : 1 : 2 : 1.0 ：0
nfc_llcp_recv_cc : 2 : 2 : 8476.817842286111 : 3809 : 0 : 21 : 5 : 0 : 2 : 2 : 1.0 ：0
nfc_llcp_recv_hdlc : 2 : 14 : 36807.21038846798 : 3809 : 0 : 34 : 5 : 0 : 3 : 3 : 0.3999999999999999 ：0
nfc_llcp_queue_i_frames : 1 : 5 : 6834.772892878316 : 3809 : 0 : 5 : 6 : 0 : 4 : 2 : 0.8 ：0
nfc_llcp_recv_disc : 2 : 6 : 10363.36770137002 : 3809 : 0 : 22 : 5 : 0 : 2 : 2 : 0.8 ：0
nfc_llcp_recv_connect : 2 : 19 : 70939.21495569214 : 3809 : 0 : 45 : 5 : 0 : 10 : 3 : 0.6 ：0
nfc_llcp_send_to_raw_sock : 3 : 6 : 10785.562099500889 : 3809 : 3 : 7 : 4 : 0 : 3 : 3 : 0.6 ：0
nfc_llcp_put_ssap : 2 : 9 : 15454.711943240172 : 3809 : 1 : 15 : 0 : 2 : 1 : 4 : 0.6 ：0
nfc_llcp_get_sdp_ssap : 2 : 12 : 17737.211601093655 : 3809 : 1 : 16 : 0 : 0 : 5 : 4 : 0.3999999999999999 ：0
nfc_llcp_sock_get_sn : 0 : 2 : 1126.6294189427522 : 3809 : 0 : 8 : 6 : 0 : 3 : 1 : 0.8 ：0
nfc_llcp_sock_from_sn : 0 : 11 : 13763.522110827902 : 3809 : 0 : 6 : 14 : 0 : 3 : 3 : 0.3999999999999999 ：0
nfc_llcp_connect_sn : 0 : 3 : 6297.513016132302 : 3809 : 0 : 1 : 6 : 0 : 3 : 3 : 0.8 ：0
nfc_llcp_wks_sap : 2 : 5 : 4613.462618372816 : 3809 : 2 : 3 : 1 : 0 : 1 : 2 : 1.0 ：0
nfc_llcp_build_gb : 1 : 11 : 33289.75696239888 : 3809 : 2 : 6 : 2 : 0 : 9 : 2 : 0.3999999999999999 ：0
nfc_llcp_recv_ui : 2 : 5 : 8720.99557867137 : 3809 : 0 : 17 : 5 : 0 : 2 : 2 : 1.0 ：0
nfc_llcp_connecting_sock_get : 0 : 3 : 3325.045092115067 : 3809 : 0 : 5 : 12 : 0 : 4 : 3 : 0.6 ：0
nfc_llcp_set_remote_gb : 3 : 6 : 8139.092756122813 : 3809 : 1 : 39 : 0 : 0 : 4 : 2 : 1.0 ：0
nfc_llcp_tx_work : 1 : 12 : 18185.582711275714 : 3809 : 2 : 24 : 1 : 4 : 3 : 4 : 0.6 ：0
nfc_llcp_get_local_ssap : 1 : 2 : 2564.8596290843266 : 3809 : 1 : 4 : 0 : 0 : 2 : 2 : 0.8 ：0
nfc_llcp_reserve_sdp_ssap : 1 : 2 : 3120.3949232947757 : 3809 : 0 : 5 : 12 : 0 : 2 : 2 : 0.6 ：0
nfc_llcp_general_bytes : 0 : 2 : 1553.1563266053902 : 3809 : 1 : 41 : 0 : 0 : 2 : 2 : 1.0 ：0
nfc_llcp_remove_local : 0 : 2 : 2307.416931562687 : 96 : 2 : 5 : 1 : 0 : 2 : 2 : 0.8 ：0
nfc_llcp_find_local : 0 : 2 : 1795.8662608894442 : 96 : 2 : 5 : 5 : 0 : 3 : 2 : 0.8 ：0
nfc_llcp_timeout_work : 1 : 1 : 606.9882319256753 : 3809 : 2 : 2 : 1 : 0 : 0 : 1 : 1.0 ：0
nfc_llcp_sdreq_timeout_work : 1 : 4 : 8376.920484421951 : 3809 : 2 : 12 : 1 : 0 : 2 : 2 : 0.8 ：0
nfc_llcp_symm_timer : 1 : 1 : 691.7899940876548 : 3809 : 2 : 3 : 1 : 0 : 1 : 1 : 1.0 ：0
nfc_llcp_local_put : 1 : 2 : 440.0 : 96 : 2 : 27 : 6 : 0 : 0 : 1 : 0.8 ：0
nfc_llcp_sock_get : 0 : 6 : 7269.170406092135 : 3809 : 0 : 6 : 31 : 0 : 4 : 3 : 0.6 ：0
local_release : 1 : 1 : 841.6558597396637 : 3809 : 3 : 25 : 7 : 0 : 1 : 1 : 0.8 ：0
local_cleanup : 1 : 1 : 2722.798738080976 : 3809 : 4 : 22 : 9 : 0 : 0 : 1 : 0.8 ：0
nfc_llcp_socket_release : 3 : 7 : 27644.247987447867 : 3809 : 5 : 16 : 11 : 0 : 4 : 4 : 0.19999999999999996 ：0
nfc_llcp_socket_purge : 1 : 4 : 4184.285062058144 : 3809 : 0 : 4 : 18 : 0 : 1 : 2 : 0.8 ：0
