rxrpc_try_get_call : 0 : 3 : 975.7702089988508 : 21 : 1 : 1 : 0 : 0 : 3 : 1 : 1.0 ：0
rxrpc_destroy_call : 1 : 3 : 7088.041302109726 : 21 : 5 : 17 : 12 : 0 : 2 : 2 : 0.8 ：0
rxrpc_release_call : 2 : 8 : 21118.99875460036 : 2287 : 2 : 52 : 2 : 0 : 2 : 2 : 0.3999999999999999 ：0
rxrpc_start_call_timer : 1 : 1 : 2090.742900328847 : 1436 : 2 : 0 : 2 : 0 : 0 : 1 : 1.0 ：1
rxrpc_destroy_all_calls : 1 : 3 : 9577.083000029668 : 2383 : 1 : 14 : 0 : 0 : 1 : 3 : 0.8 ：0
rxrpc_cleanup_call : 1 : 2 : 3284.72430244889 : 2296 : 4 : 25 : 8 : 0 : 0 : 1 : 0.8 ：0
rxrpc_rcu_free_call : 1 : 2 : 1814.5945675154417 : 21 : 6 : 5 : 13 : 0 : 2 : 1 : 0.8 ：0
rxrpc_get_call : 2 : 1 : 628.8246902175007 : 21 : 6 : 1 : 8 : 0 : 1 : 1 : 0.8 ：0
rxrpc_incoming_call : 3 : 7 : 26500.849228793297 : 2383 : 1 : 7 : 0 : 0 : 3 : 2 : 0.6 ：0
rxrpc_get_call_slot : 0 : 3 : 1303.9921265327018 : 834 : 2 : 2 : 1 : 0 : 2 : 2 : 1.0 ：0
rxrpc_alloc_call : 0 : 6 : 19542.50644536404 : 2296 : 3 : 46 : 2 : 0 : 4 : 1 : 0.3999999999999999 ：0
rxrpc_put_call_slot : 1 : 2 : 666.5591829978555 : 834 : 3 : 2 : 3 : 0 : 1 : 1 : 1.0 ：1
rxrpc_put_call : 2 : 3 : 4429.160339837534 : 21 : 3 : 33 : 7 : 0 : 3 : 3 : 0.6 ：0
rxrpc_release_calls_on_socket : 1 : 3 : 6881.593688958648 : 2383 : 1 : 94 : 0 : 0 : 1 : 2 : 1.0 ：0
rxrpc_alloc_client_call : 0 : 6 : 12549.648329069756 : 2383 : 2 : 88 : 1 : 0 : 4 : 2 : 0.8 ：0
rxrpc_see_call : 2 : 2 : 672.1919102325007 : 21 : 2 : 2 : 2 : 0 : 1 : 2 : 1.0 ：0
rxrpc_find_call_by_user_ID : 0 : 6 : 9042.742372276665 : 2383 : 1 : 6 : 0 : 0 : 5 : 2 : 0.8 ：0
rxrpc_call_timer_expired : 1 : 2 : 1316.5332298011344 : 2296 : 4 : 11 : 3 : 0 : 1 : 2 : 1.0 ：0
rxrpc_poke_call : 2 : 3 : 3267.9891366752736 : 21 : 5 : 8 : 4 : 0 : 2 : 3 : 0.8 ：0
