qrtr_tun_send : 2 : 2 : 1533.441715119747 : 984 : 2 : 3 : 1 : 0 : 1 : 1 : 1.0 ：0
qrtr_tun_release : 2 : 1 : 990.3519001557695 : 984 : 1 : 3 : 0 : 0 : 1 : 1 : 1.0 ：0
qrtr_tun_poll : 2 : 2 : 1204.4185536601528 : 984 : 1 : 2 : 0 : 0 : 3 : 1 : 1.0 ：0
qrtr_tun_init : 1 : 2 : 508.3752045246519 : 984 : 1 : 2 : 0 : 0 : 2 : 1 : 1.0 ：0
qrtr_tun_open : 2 : 2 : 2151.321033988935 : 984 : 1 : 8 : 0 : 0 : 1 : 1 : 1.0 ：0
qrtr_tun_write_iter : 2 : 3 : 4053.221201130773 : 984 : 1 : 5 : 0 : 0 : 5 : 2 : 0.8 ：1
qrtr_tun_read_iter : 2 : 5 : 5822.591997815544 : 984 : 1 : 7 : 0 : 0 : 5 : 2 : 1.0 ：0
