af_alg_init : 1 : 6 : 1396.3152306559173 : 3345 : 1 : 3 : 0 : 0 : 5 : 1 : 1.0 ：0
af_alg_data_wakeup : 1 : 3 : 2492.8315462352534 : 363 : 2 : 7 : 2 : 0 : 3 : 1 : 0.8 ：0
af_alg_pull_tsgl : 4 : 8 : 29480.1021712891 : 890 : 1 : 12 : 0 : 0 : 6 : 5 : 0.6 ：0
af_alg_free_resources : 1 : 1 : 833.1428571428571 : 783 : 2 : 12 : 1 : 0 : 1 : 1 : 1.0 ：0
af_alg_alloc_areq : 0 : 2 : 2630.129179725726 : 890 : 1 : 4 : 0 : 0 : 2 : 1 : 1.0 ：0
af_alg_poll : 3 : 4 : 2783.8596667321854 : 566 : 1 : 3 : 0 : 0 : 5 : 1 : 1.0 ：0
af_alg_wmem_wakeup : 1 : 3 : 1705.1513292897778 : 890 : 1 : 7 : 0 : 0 : 1 : 1 : 0.8 ：0
af_alg_sendmsg : 4 : 30 : 98591.41139028543 : 890 : 1 : 46 : 0 : 0 : 19 : 4 : 0.3999999999999999 ：0
af_alg_wait_for_wmem : 2 : 5 : 3300.2186877914055 : 363 : 2 : 8 : 2 : 0 : 3 : 3 : 1.0 ：0
af_alg_async_cb : 2 : 1 : 3118.6040743025396 : 890 : 1 : 14 : 0 : 0 : 3 : 1 : 1.0 ：0
af_alg_wait_for_data : 2 : 6 : 5215.8874782391085 : 766 : 1 : 9 : 0 : 0 : 5 : 3 : 1.0 ：0
af_alg_count_tsgl : 3 : 5 : 15188.06047842315 : 890 : 1 : 2 : 0 : 0 : 7 : 4 : 1.0 ：0
af_alg_alloc_tsgl : 1 : 6 : 9539.346540734552 : 363 : 2 : 8 : 2 : 0 : 4 : 2 : 0.8 ：0
af_alg_free_areq_sgls : 1 : 4 : 9128.208631488165 : 363 : 3 : 10 : 2 : 0 : 5 : 3 : 0.8 ：0
af_alg_sendpage : 5 : 13 : 15359.736863895729 : 890 : 1 : 35 : 0 : 0 : 9 : 2 : 0.6 ：0
af_alg_get_rsgl : 6 : 8 : 17864.843322131863 : 890 : 1 : 20 : 0 : 0 : 7 : 3 : 0.8 ：0
af_alg_cmsg_send : 2 : 10 : 13549.882623926254 : 363 : 2 : 4 : 1 : 0 : 1 : 3 : 0.8 ：0
af_alg_free_sg : 1 : 2 : 1016.4192191015636 : 890 : 4 : 1 : 3 : 0 : 1 : 1 : 1.0 ：0
af_alg_make_sg : 3 : 5 : 14903.516340164655 : 890 : 2 : 6 : 1 : 0 : 5 : 2 : 1.0 ：0
alg_create : 4 : 5 : 3149.3459800452747 : 3345 : 1 : 6 : 0 : 0 : 4 : 1 : 1.0 ：0
af_alg_accept : 3 : 12 : 17655.630191802808 : 3345 : 2 : 9 : 1 : 0 : 8 : 1 : 0.3999999999999999 ：0
alg_setsockopt : 5 : 16 : 8512.372299310995 : 3345 : 1 : 8 : 0 : 0 : 11 : 2 : 0.6 ：0
af_alg_release : 1 : 2 : 544.4517538542374 : 1459 : 1 : 1 : 0 : 0 : 0 : 2 : 1.0 ：0
alg_setkey : 3 : 4 : 3963.8507314602593 : 3345 : 2 : 4 : 1 : 0 : 6 : 1 : 1.0 ：0
alg_do_release : 2 : 2 : 314.00874179654414 : 3345 : 3 : 1 : 3 : 0 : 0 : 1 : 1.0 ：0
alg_get_type : 0 : 3 : 2695.533174333222 : 3345 : 2 : 6 : 1 : 0 : 3 : 2 : 1.0 ：0
af_alg_release_parent : 1 : 4 : 3193.8803865203568 : 1459 : 1 : 4 : 0 : 0 : 2 : 1 : 1.0 ：1
alg_bind : 3 : 11 : 31293.624398336076 : 3345 : 1 : 17 : 0 : 0 : 9 : 2 : 0.3999999999999999 ：0
af_alg_register_type : 1 : 6 : 5616.458698999718 : 3345 : 1 : 6 : 0 : 0 : 5 : 2 : 0.8 ：0
af_alg_unregister_type : 1 : 2 : 2302.3501398816097 : 3345 : 1 : 6 : 0 : 0 : 3 : 2 : 1.0 ：0
