xfrm_alloc_compat : 2 : 6 : 7065.959544886542 : 38 : 1 : 32 : 0 : 0 : 4 : 3 : 0.8 ：0
xfrm_xlate32_attr : 5 : 6 : 15580.607624529674 : 38 : 3 : 9 : 2 : 0 : 3 : 3 : 0.8 ：0
xfrm_attr_cpy32 : 6 : 3 : 6605.595080515833 : 38 : 4 : 4 : 3 : 0 : 2 : 1 : 1.0 ：1
xfrm_user_rcv_msg_compat : 0 : 10 : 19572.74106322535 : 38 : 1 : 25 : 0 : 0 : 7 : 2 : 0.8 ：0
xfrm_user_policy_compat : 2 : 3 : 8840.848997884317 : 38 : 1 : 4 : 0 : 0 : 2 : 1 : 1.0 ：0
xfrm_xlate32 : 6 : 29 : 57548.377006856914 : 38 : 2 : 15 : 1 : 0 : 12 : 3 : 0.6 ：0
xfrm_nlmsg_put_compat : 0 : 27 : 57021.626641791045 : 38 : 3 : 8 : 2 : 0 : 12 : 3 : 0.8 ：0
xfrm_xlate64_attr : 2 : 32 : 17277.222222222226 : 38 : 3 : 9 : 2 : 0 : 0 : 2 : 0.8 ：0
xfrm_user_rcv_calculate_len64 : 2 : 12 : 5045.538459049357 : 38 : 2 : 1 : 1 : 0 : 2 : 2 : 0.8 ：0
xfrm_xlate64 : 2 : 3 : 6613.137959564173 : 38 : 2 : 25 : 1 : 0 : 4 : 2 : 1.0 ：0
