r871xu_drv_init : 2 : 53 : 190983.02153626474 : 4087 : 1 : 28 : 0 : 0 : 10 : 4 : 0.3999999999999999 ：0
r8712_usb_dvobj_init : 1 : 3 : 7104.853836743384 : 4087 : 2 : 2 : 1 : 0 : 6 : 2 : 1.0 ：0
r871x_resume : 1 : 2 : 2466.7640008494823 : 4087 : 1 : 5 : 0 : 0 : 2 : 1 : 1.0 ：0
r871x_suspend : 2 : 2 : 2606.086956521739 : 4087 : 1 : 7 : 0 : 0 : 2 : 1 : 1.0 ：0
disable_ht_for_spec_devid : 2 : 5 : 7630.3094857292035 : 4087 : 2 : 1 : 1 : 0 : 3 : 3 : 1.0 ：0
r871x_dev_unload : 1 : 4 : 4134.3746831311355 : 4087 : 2 : 4 : 1 : 0 : 0 : 3 : 1.0 ：0
rtl871x_intf_stop : 1 : 4 : 2608.952694249999 : 2090 : 3 : 1 : 3 : 0 : 0 : 2 : 1.0 ：0
r871xu_dev_remove : 1 : 6 : 9766.670054925866 : 4087 : 1 : 20 : 0 : 0 : 3 : 1 : 1.0 ：1
