add_extent_data_ref : 5 : 5 : 16263.333333333334 : 2169 : 5 : 31 : 7 : 0 : 7 : 2 : 0.3999999999999999 ：0
add_shared_data_ref : 5 : 4 : 7321.346612215481 : 2169 : 5 : 25 : 7 : 0 : 2 : 2 : 0.6 ：0
dump_block_entry : 2 : 3 : 17773.693945266386 : 1294 : 2 : 7 : 2 : 0 : 4 : 2 : 1.0 ：0
walk_down_tree : 6 : 5 : 7602.886393179973 : 2169 : 2 : 191 : 1 : 0 : 3 : 3 : 0.8 ：0
btrfs_ref_tree_mod : 2 : 60 : 210893.000924313 : 2169 : 1 : 54 : 0 : 2 : 24 : 4 : 0.3999999999999999 ：1
add_block_entry : 0 : 7 : 16122.559480518868 : 2169 : 6 : 13 : 25 : 0 : 5 : 3 : 0.3999999999999999 ：0
add_tree_block : 5 : 6 : 13525.27564466179 : 2169 : 5 : 27 : 7 : 0 : 3 : 2 : 0.3999999999999999 ：0
walk_up_tree : 2 : 5 : 11784.715580453125 : 2169 : 2 : 3 : 1 : 0 : 1 : 4 : 0.8 ：0
process_leaf : 5 : 9 : 26120.106542257556 : 2169 : 3 : 186 : 2 : 0 : 9 : 3 : 0.8 ：0
btrfs_build_ref_tree : 1 : 9 : 18601.43122239445 : 2169 : 1 : 219 : 0 : 0 : 6 : 3 : 0.6 ：1
free_block_entry : 1 : 4 : 9684.782608695652 : 2169 : 3 : 7 : 3 : 0 : 4 : 2 : 0.8 ：0
dump_ref_action : 2 : 1 : 3073.5430975422523 : 1294 : 3 : 1 : 4 : 0 : 0 : 1 : 1.0 ：0
process_extent_item : 5 : 10 : 41736.798361028035 : 2169 : 4 : 95 : 3 : 0 : 8 : 3 : 0.3999999999999999 ：0
btrfs_free_ref_tree_range : 3 : 20 : 44400.45351037927 : 2169 : 1 : 23 : 0 : 0 : 2 : 3 : 0.3999999999999999 ：0
__print_stack_trace : 2 : 2 : 844.7437609018651 : 2169 : 0 : 0 : 0 : 0 : 0 : 2 : 1.0 ：0
btrfs_free_ref_cache : 1 : 3 : 3476.1814948032347 : 2169 : 2 : 15 : 1 : 0 : 2 : 2 : 0.8 ：0
lookup_root_entry : 0 : 5 : 3404.2243417501836 : 2169 : 6 : 1 : 17 : 0 : 4 : 2 : 0.8 ：0
comp_refs : 2 : 9 : 7307.999999999999 : 2169 : 7 : 0 : 26 : 0 : 0 : 1 : 0.6 ：0
insert_ref_entry : 0 : 5 : 6241.304347826087 : 2169 : 6 : 4 : 25 : 0 : 6 : 2 : 0.8 ：0
lookup_block_entry : 0 : 5 : 3573.4473380316504 : 2169 : 2 : 1 : 1 : 0 : 4 : 2 : 1.0 ：0
insert_root_entry : 0 : 5 : 6488.319417092385 : 2169 : 7 : 3 : 27 : 0 : 5 : 2 : 0.8 ：0
insert_block_entry : 0 : 5 : 6488.319417092385 : 2169 : 7 : 3 : 26 : 0 : 5 : 2 : 0.8 ：0
