__ntfs_clear_inode : 1 : 6 : 12519.782608695652 : 5699 : 0 : 0 : 0 : 0 : 0 : 2 : 0.6 ：0
ntfs_read_locked_inode : 1 : 169 : 1045419.7332097336 : 5057 : 2 : 103 : 2 : 0 : 58 : 5 : 0.3999999999999999 ：1
ntfs_clear_extent_inode : 1 : 4 : 4261.236598359075 : 5699 : 2 : 13 : 1 : 0 : 0 : 2 : 1.0 ：0
ntfs_setattr : 2 : 18 : 18714.86961549289 : 5528 : 1 : 65 : 0 : 0 : 7 : 4 : 0.6 ：0
ntfs_is_extended_system_file : 1 : 13 : 45627.80969393329 : 5699 : 3 : 7 : 3 : 0 : 4 : 3 : 0.6 ：0
ntfs_destroy_extent_inode : 1 : 2 : 607.0996404629791 : 5699 : 3 : 5 : 2 : 0 : 0 : 1 : 1.0 ：0
ntfs_evict_big_inode : 1 : 11 : 19220.549493489834 : 3758 : 1 : 28 : 0 : 0 : 3 : 3 : 0.8 ：0
ntfs_truncate : 1 : 138 : 855095.00505138 : 2893 : 3 : 54 : 2 : 0 : 35 : 4 : 0.3999999999999999 ：0
__ntfs_write_inode : 2 : 34 : 144385.7803801135 : 3915 : 0 : 0 : 0 : 0 : 17 : 5 : 0.3999999999999999 ：0
ntfs_new_extent_inode : 0 : 2 : 2281.7041269579613 : 5699 : 1 : 8 : 0 : 0 : 2 : 2 : 0.8 ：0
ntfs_read_locked_attr_inode : 2 : 59 : 234648.24328799208 : 5699 : 4 : 28 : 6 : 0 : 22 : 4 : 0.19999999999999996 ：0
ntfs_alloc_extent_inode : 0 : 2 : 1738.0907474016176 : 5699 : 2 : 4 : 1 : 0 : 3 : 2 : 1.0 ：0
ntfs_read_inode_mount : 1 : 109 : 540517.5167356741 : 5699 : 1 : 139 : 0 : 0 : 43 : 4 : 0.3999999999999999 ：0
ntfs_show_options : 2 : 7 : 21662.24097290796 : 5699 : 1 : 7 : 0 : 0 : 2 : 2 : 0.8 ：0
ntfs_read_locked_index_inode : 2 : 66 : 323521.0996632681 : 5699 : 2 : 79 : 1 : 0 : 32 : 2 : 0.3999999999999999 ：0
__ntfs_init_inode : 2 : 1 : 9338.057301205774 : 5699 : 0 : 0 : 0 : 0 : 0 : 1 : 0.8 ：0
ntfs_attr_iget : 0 : 6 : 10702.642536104686 : 5699 : 3 : 49 : 5 : 0 : 4 : 2 : 0.8 ：0
ntfs_index_iget : 0 : 5 : 9259.30354426486 : 5699 : 1 : 99 : 0 : 0 : 4 : 2 : 0.8 ：0
ntfs_alloc_big_inode : 0 : 2 : 1788.5529899450316 : 5699 : 1 : 5 : 0 : 0 : 2 : 2 : 1.0 ：0
ntfs_iget : 0 : 5 : 8624.408258468162 : 5699 : 1 : 123 : 0 : 0 : 4 : 2 : 0.6 ：0
ntfs_init_locked_inode : 2 : 6 : 24191.976785789207 : 5699 : 4 : 7 : 8 : 0 : 2 : 2 : 0.6 ：0
ntfs_test_inode : 2 : 9 : 10182.227091896046 : 5699 : 4 : 5 : 8 : 0 : 2 : 2 : 0.6 ：0
