bch2_fs_initialize : 1 : 26 : 74479.82059274867 : 198 : 1 : 36 : 0 : 0 : 14 : 2 : 0.3999999999999999 ：0
replay_now_at : 2 : 2 : 1524.3681733587985 : 21 : 2 : 3 : 1 : 0 : 0 : 1 : 1.0 ：0
bch2_btree_lost_data : 2 : 2 : 2357.3358443858247 : 34 : 3 : 8 : 2 : 0 : 1 : 2 : 0.8 ：0
bch2_fs_recovery : 1 : 100 : 368494.65212384035 : 198 : 1 : 133 : 0 : 0 : 36 : 4 : 0.3999999999999999 ：0
journal_replay_early : 2 : 6 : 6400.661936224126 : 198 : 2 : 18 : 1 : 0 : 5 : 4 : 0.8 ：0
bch2_journal_replay : 1 : 21 : 59596.14659167721 : 128 : 1 : 35 : 0 : 0 : 12 : 3 : 0.3999999999999999 ：0
bch2_journal_replay_key : 2 : 12 : 19960.563988922724 : 128 : 2 : 8 : 1 : 0 : 8 : 2 : 0.3999999999999999 ：0
journal_replay_entry_early : 2 : 16 : 63253.28584494503 : 198 : 3 : 12 : 2 : 0 : 5 : 5 : 0.3999999999999999 ：0
check_version_upgrade : 1 : 11 : 34524.845914767444 : 198 : 2 : 15 : 1 : 0 : 8 : 3 : 0.6 ：0
journal_sort_seq_cmp : 2 : 1 : 2102.724119154575 : 198 : 2 : 1 : 1 : 0 : 2 : 1 : 1.0 ：0
read_btree_roots : 1 : 13 : 26441.896303339152 : 198 : 2 : 19 : 1 : 0 : 4 : 4 : 0.3999999999999999 ：0
bch2_reconstruct_alloc : 1 : 1 : 29616.232954204283 : 34 : 2 : 9 : 1 : 0 : 1 : 1 : 0.8 ：0
