erofs_put_super : 1 : 1 : 2627.700988037706 : 0 : 1 : 15 : 0 : 0 : 0 : 1 : 1.0 ：0
erofs_fc_get_tree : 1 : 3 : 1028.0705046966139 : 0 : 1 : 113 : 0 : 0 : 1 : 1 : 1.0 ：0
erofs_show_options : 2 : 12 : 14489.788637504194 : 0 : 1 : 4 : 0 : 0 : 2 : 1 : 0.8 ：0
erofs_module_init : 1 : 13 : 6214.760325356977 : 0 : 1 : 15 : 0 : 0 : 8 : 2 : 0.8 ：0
erofs_module_exit : 1 : 1 : 901.1554745961645 : 0 : 1 : 8 : 0 : 0 : 0 : 1 : 1.0 ：0
erofs_free_dev_context : 1 : 2 : 626.8888888888889 : 0 : 2 : 8 : 3 : 0 : 0 : 1 : 1.0 ：0
erofs_kill_sb : 1 : 5 : 5404.214554335726 : 0 : 1 : 17 : 0 : 0 : 1 : 2 : 0.8 ：0
erofs_statfs : 2 : 2 : 3768.278293094804 : 0 : 1 : 4 : 0 : 0 : 3 : 1 : 0.8 ：0
erofs_fc_fill_super : 2 : 15 : 40212.64016481211 : 0 : 2 : 109 : 1 : 0 : 9 : 3 : 0.3999999999999999 ：0
erofs_fc_reconfigure : 1 : 5 : 4176.340153687898 : 0 : 1 : 5 : 0 : 0 : 3 : 1 : 1.0 ：0
erofs_fc_free : 1 : 1 : 987.4382403415395 : 0 : 1 : 10 : 0 : 0 : 1 : 1 : 0.8 ：0
erofs_init_fs_context : 1 : 5 : 6430.663114655563 : 0 : 1 : 6 : 0 : 0 : 1 : 2 : 0.8 ：0
erofs_get_parent : 0 : 2 : 1461.4567971048684 : 0 : 1 : 5 : 0 : 0 : 2 : 1 : 1.0 ：0
erofs_managed_cache_invalidate_folio : 3 : 6 : 2436.3636363636365 : 0 : 1 : 9 : 0 : 0 : 1 : 1 : 1.0 ：0
erofs_managed_cache_release_folio : 2 : 2 : 1447.7904591650613 : 0 : 2 : 4 : 1 : 0 : 2 : 1 : 1.0 ：0
erofs_read_metadata : 0 : 6 : 17848.322303287823 : 0 : 5 : 11 : 4 : 0 : 3 : 3 : 0.8 ：0
erofs_load_compr_cfgs : 2 : 8 : 13401.864313780272 : 0 : 4 : 22 : 3 : 0 : 5 : 3 : 0.8 ：0
erofs_read_superblock : 1 : 26 : 67108.86378931158 : 0 : 3 : 81 : 2 : 0 : 14 : 3 : 0.3999999999999999 ：1
erofs_fc_parse_param : 2 : 21 : 51283.142594428915 : 0 : 1 : 16 : 0 : 0 : 5 : 3 : 0.3999999999999999 ：0
erofs_scan_devices : 2 : 11 : 24953.34983633221 : 0 : 4 : 26 : 3 : 0 : 5 : 4 : 0.3999999999999999 ：0
erofs_release_device_info : 3 : 2 : 2137.321932222479 : 0 : 3 : 4 : 4 : 0 : 1 : 1 : 1.0 ：0
erofs_default_options : 1 : 1 : 1853.171787731278 : 0 : 2 : 1 : 1 : 0 : 0 : 1 : 1.0 ：0
erofs_fc_set_dax_mode : 2 : 3 : 3939.6869305207956 : 0 : 2 : 5 : 1 : 0 : 5 : 2 : 1.0 ：0
erofs_alloc_inode : 0 : 2 : 1805.4288485060779 : 0 : 1 : 3 : 0 : 0 : 1 : 1 : 1.0 ：0
check_layout_compatibility : 2 : 3 : 2421.5436954889688 : 0 : 4 : 3 : 3 : 0 : 2 : 2 : 1.0 ：0
erofs_free_inode : 1 : 2 : 1595.4632320840026 : 0 : 1 : 3 : 0 : 0 : 1 : 1 : 0.8 ：0
erofs_superblock_csum_verify : 2 : 4 : 5855.462414476844 : 0 : 4 : 5 : 3 : 0 : 1 : 2 : 1.0 ：0
erofs_init_managed_cache : 1 : 2 : 2518.1954654955102 : 0 : 3 : 4 : 2 : 0 : 0 : 1 : 1.0 ：0
_erofs_info : 3 : 1 : 1375.4887502163467 : 0 : 0 : 0 : 0 : 0 : 2 : 1 : 1.0 ：0
erofs_init_device : 4 : 8 : 23901.230769230766 : 0 : 5 : 13 : 4 : 0 : 5 : 3 : 0.6 ：0
_erofs_err : 3 : 1 : 1504.6094054870107 : 0 : 0 : 0 : 0 : 0 : 2 : 1 : 1.0 ：0
