sk_stream_write_space : 1 : 7 : 3291.5363290353575 : 2598 : 1 : 7 : 0 : 0 : 2 : 2 : 0.8 ：0
sk_stream_wait_memory : 2 : 25 : 25929.03267003701 : 6781 : 1 : 14 : 0 : 0 : 10 : 3 : 0.3999999999999999 ：0
sk_stream_kill_queues : 1 : 3 : 5459.785168484125 : 6781 : 1 : 4 : 0 : 0 : 0 : 1 : 1.0 ：0
sk_stream_wait_close : 2 : 6 : 1413.0823941556937 : 6781 : 1 : 8 : 0 : 0 : 0 : 3 : 1.0 ：0
sk_stream_error : 3 : 4 : 1115.0574484809397 : 6781 : 1 : 2 : 0 : 0 : 1 : 1 : 1.0 ：0
sk_stream_wait_connect : 2 : 8 : 7767.049379094827 : 6781 : 1 : 9 : 0 : 0 : 4 : 2 : 0.8 ：1
sk_stream_wait_close : 2 : 6 : 1413.0823941556937 : 6781 : 1 : 8 : 0 : 0 : 0 : 3 : 1.0 ：0
sk_stream_write_space : 1 : 7 : 3291.5363290353575 : 2598 : 1 : 7 : 0 : 0 : 2 : 2 : 0.8 ：0
sk_stream_error : 3 : 4 : 1115.0574484809397 : 6781 : 1 : 2 : 0 : 0 : 1 : 1 : 1.0 ：0
sk_stream_wait_connect : 2 : 8 : 7767.049379094827 : 6781 : 1 : 9 : 0 : 0 : 4 : 2 : 0.8 ：1
sk_stream_kill_queues : 1 : 3 : 5459.785168484125 : 6781 : 1 : 4 : 0 : 0 : 0 : 1 : 1.0 ：0
sk_stream_wait_memory : 2 : 25 : 25929.03267003701 : 6781 : 1 : 14 : 0 : 0 : 10 : 3 : 0.3999999999999999 ：0
sk_stream_error : 3 : 4 : 1115.0574484809397 : 6781 : 1 : 2 : 0 : 0 : 1 : 1 : 1.0 ：0
sk_stream_kill_queues : 1 : 3 : 5459.785168484125 : 6781 : 1 : 4 : 0 : 0 : 0 : 1 : 1.0 ：0
sk_stream_write_space : 1 : 7 : 3291.5363290353575 : 2598 : 1 : 7 : 0 : 0 : 2 : 2 : 0.8 ：0
sk_stream_wait_memory : 2 : 25 : 25929.03267003701 : 6781 : 1 : 14 : 0 : 0 : 10 : 3 : 0.3999999999999999 ：0
sk_stream_wait_close : 2 : 6 : 1413.0823941556937 : 6781 : 1 : 8 : 0 : 0 : 0 : 3 : 1.0 ：0
sk_stream_wait_connect : 2 : 8 : 7767.049379094827 : 6781 : 1 : 9 : 0 : 0 : 4 : 2 : 0.8 ：1
