update_ind_extent_range : 4 : 5 : 7911.740058833939 : 5381 : 4 : 20 : 5 : 0 : 3 : 3 : 0.8 ：0
free_tind_blocks : 3 : 6 : 12882.646834996802 : 5381 : 4 : 17 : 3 : 0 : 4 : 4 : 0.6 ：0
free_ext_idx : 3 : 6 : 11475.480319519962 : 5381 : 0 : 11 : 3 : 0 : 5 : 4 : 0.6 ：0
free_ext_block : 2 : 5 : 6325.483066785751 : 5290 : 2 : 15 : 1 : 0 : 5 : 2 : 0.8 ：0
free_ind_block : 3 : 7 : 12596.458238090801 : 5381 : 3 : 31 : 2 : 0 : 4 : 2 : 0.6 ：0
ext4_ind_migrate : 1 : 19 : 40102.74298357594 : 3482 : 1 : 27 : 0 : 0 : 12 : 3 : 0.3999999999999999 ：0
ext4_ext_migrate : 1 : 35 : 137822.937461081 : 5381 : 1 : 200 : 0 : 0 : 17 : 3 : 0.3999999999999999 ：1
update_tind_extent_range : 4 : 5 : 9361.29310646622 : 5381 : 2 : 32 : 1 : 0 : 3 : 3 : 0.8 ：0
ext4_ext_swap_inode_data : 3 : 12 : 34718.181882877354 : 5153 : 2 : 44 : 1 : 0 : 5 : 2 : 0.3999999999999999 ：0
finish_range : 3 : 7 : 19221.67680408594 : 5381 : 6 : 13 : 9 : 0 : 6 : 2 : 0.6 ：0
update_extent_range : 4 : 6 : 7835.385106744171 : 5381 : 5 : 14 : 7 : 0 : 2 : 2 : 0.6 ：0
update_dind_extent_range : 4 : 5 : 9093.494920584726 : 5381 : 3 : 26 : 3 : 0 : 3 : 3 : 0.8 ：0
free_dind_blocks : 3 : 6 : 17472.370039227706 : 5381 : 5 : 8 : 7 : 0 : 7 : 4 : 0.3999999999999999 ：0
