i2cdev_notifier_call : 3 : 3 : 968.3337229040989 : 0 : 1 : 37 : 0 : 0 : 1 : 2 : 1.0 ：0
compat_i2cdev_ioctl : 3 : 10 : 29983.916053349814 : 0 : 1 : 55 : 0 : 0 : 7 : 5 : 0.6 ：0
i2c_dev_init : 1 : 7 : 7396.267352119162 : 0 : 1 : 32 : 0 : 0 : 5 : 2 : 1.0 ：0
i2c_dev_exit : 1 : 1 : 420.54482383091494 : 0 : 1 : 20 : 0 : 0 : 0 : 1 : 1.0 ：0
i2cdev_attach_adapter : 2 : 7 : 15263.999999999998 : 0 : 2 : 21 : 2 : 0 : 6 : 2 : 0.8 ：0
i2cdev_detach_adapter : 2 : 3 : 5146.199477040054 : 0 : 2 : 14 : 2 : 0 : 2 : 1 : 1.0 ：0
i2cdev_check_addr : 2 : 3 : 1650.5865002596163 : 0 : 3 : 13 : 2 : 0 : 3 : 1 : 1.0 ：0
i2cdev_release : 2 : 1 : 741.456438710153 : 0 : 1 : 2 : 0 : 0 : 1 : 1 : 1.0 ：0
i2cdev_open : 2 : 3 : 6410.435088215785 : 0 : 1 : 5 : 0 : 0 : 2 : 2 : 1.0 ：0
i2cdev_ioctl_rdwr : 3 : 18 : 66036.83181791898 : 0 : 3 : 7 : 3 : 0 : 3 : 4 : 0.3999999999999999 ：0
i2cdev_read : 4 : 4 : 4464.219932897855 : 0 : 1 : 7 : 0 : 0 : 4 : 1 : 1.0 ：1
i2cdev_check_mux_parents : 2 : 3 : 1439.4620367309994 : 0 : 0 : 5 : 4 : 0 : 3 : 1 : 1.0 ：0
i2cdev_check_mux_children : 2 : 2 : 985.3996056343187 : 0 : 0 : 4 : 4 : 0 : 2 : 1 : 1.0 ：0
i2cdev_write : 4 : 3 : 3465.3739647970333 : 0 : 1 : 8 : 0 : 0 : 4 : 1 : 1.0 ：0
i2cdev_ioctl_smbus : 5 : 35 : 55431.479678047726 : 0 : 3 : 4 : 3 : 0 : 2 : 2 : 0.19999999999999996 ：0
i2c_dev_get_by_minor : 0 : 3 : 1471.9572916526572 : 0 : 3 : 3 : 4 : 0 : 3 : 2 : 0.8 ：0
i2cdev_ioctl : 3 : 24 : 40503.12863678753 : 0 : 2 : 35 : 1 : 0 : 4 : 3 : 0.6 ：0
i2cdev_check : 2 : 3 : 919.9170367588939 : 0 : 0 : 1 : 10 : 0 : 1 : 1 : 0.8 ：0
get_free_i2c_dev : 0 : 3 : 3517.9210641842515 : 0 : 3 : 6 : 3 : 0 : 2 : 2 : 0.8 ：0
put_i2c_dev : 1 : 1 : 342.5549910507754 : 0 : 3 : 4 : 6 : 0 : 0 : 1 : 0.6 ：0
name_show : 3 : 2 : 1045.3714501644233 : 0 : 1 : 6 : 0 : 0 : 1 : 1 : 1.0 ：0
