end_cpu_udmabuf : 2 : 2 : 1814.093234748453 : 992 : 1 : 1 : 0 : 0 : 2 : 1 : 1.0 ：0
release_udmabuf : 1 : 3 : 4384.500000000001 : 1450 : 1 : 6 : 0 : 0 : 3 : 1 : 1.0 ：0
mmap_udmabuf : 2 : 2 : 1083.1973907953732 : 1450 : 1 : 0 : 0 : 0 : 1 : 1 : 1.0 ：0
udmabuf_dev_init : 1 : 4 : 2392.1543309549293 : 1450 : 1 : 5 : 0 : 0 : 3 : 2 : 1.0 ：0
begin_cpu_udmabuf : 2 : 3 : 3716.3554612725925 : 992 : 1 : 10 : 0 : 0 : 2 : 2 : 1.0 ：0
udmabuf_create : 3 : 39 : 105079.59437532892 : 1441 : 3 : 23 : 4 : 0 : 18 : 6 : 0.3999999999999999 ：0
udmabuf_ioctl_create : 2 : 2 : 4361.193990817843 : 1450 : 2 : 25 : 1 : 0 : 3 : 1 : 1.0 ：0
udmabuf_ioctl_create_list : 2 : 4 : 6690.170449727456 : 1450 : 2 : 29 : 1 : 0 : 5 : 1 : 1.0 ：0
udmabuf_ioctl : 3 : 3 : 1389.6382329007147 : 715 : 1 : 56 : 0 : 0 : 2 : 2 : 1.0 ：0
get_sg_table : 0 : 6 : 5632.907503492219 : 992 : 2 : 6 : 2 : 0 : 6 : 1 : 0.8 ：0
udmabuf_vm_fault : 1 : 2 : 2475.3384937733354 : 1450 : 1 : 1 : 0 : 0 : 4 : 1 : 1.0 ：0
