nilfs_find_entry : 0 : 15 : 24134.830912622383 : 5534 : 2 : 31 : 1 : 0 : 10 : 5 : 0.3999999999999999 ：0
nilfs_check_folio : 2 : 23 : 40607.681928564816 : 173 : 4 : 9 : 7 : 0 : 19 : 2 : 0.3999999999999999 ：0
nilfs_set_link : 4 : 1 : 4476.967300300298 : 5534 : 1 : 21 : 0 : 0 : 4 : 1 : 1.0 ：0
nilfs_get_folio : 0 : 5 : 3827.807041756755 : 173 : 3 : 17 : 6 : 0 : 6 : 2 : 0.8 ：0
nilfs_inode_by_name : 2 : 2 : 1822.5225940366595 : 5534 : 1 : 34 : 0 : 0 : 4 : 2 : 1.0 ：0
nilfs_delete_entry : 2 : 6 : 17567.24863922425 : 5534 : 1 : 27 : 0 : 0 : 6 : 3 : 1.0 ：0
nilfs_add_link : 2 : 19 : 59215.37260000108 : 5534 : 1 : 57 : 0 : 0 : 16 : 4 : 0.3999999999999999 ：0
nilfs_match : 3 : 3 : 1050.0237876634205 : 5534 : 3 : 1 : 3 : 0 : 0 : 1 : 1.0 ：0
nilfs_make_empty : 2 : 4 : 19177.4125430628 : 5534 : 1 : 29 : 0 : 0 : 7 : 2 : 1.0 ：0
nilfs_readdir : 2 : 9 : 29326.982869838514 : 5534 : 1 : 32 : 0 : 0 : 5 : 5 : 0.6 ：0
nilfs_rec_len_to_disk : 1 : 3 : 802.6290670091576 : 2859 : 2 : 2 : 3 : 0 : 0 : 1 : 1.0 ：0
nilfs_empty_dir : 1 : 18 : 25587.660986717234 : 5534 : 1 : 28 : 0 : 0 : 8 : 5 : 0.8 ：1
nilfs_commit_chunk : 4 : 4 : 6882.341842793027 : 5534 : 2 : 9 : 4 : 0 : 3 : 1 : 0.8 ：0
nilfs_last_byte : 2 : 2 : 600.8570376637998 : 5534 : 3 : 0 : 5 : 0 : 1 : 1 : 1.0 ：0
nilfs_dotdot : 0 : 2 : 691.508495181978 : 5534 : 1 : 22 : 0 : 0 : 2 : 1 : 1.0 ：0
nilfs_rec_len_from_disk : 1 : 3 : 533.2782847646101 : 2859 : 5 : 1 : 19 : 0 : 1 : 1 : 0.8 ：0
