ax25_exit : 1 : 1 : 1211.9584210239589 : 0 : 1 : 8 : 0 : 0 : 0 : 1 : 0.8 ：0
ax25_recvmsg : 4 : 23 : 52000.1170706635 : 0 : 1 : 12 : 0 : 0 : 15 : 3 : 0.3999999999999999 ：0
ax25_ioctl : 3 : 40 : 81412.8727953297 : 0 : 1 : 31 : 0 : 0 : 12 : 5 : 0.19999999999999996 ：0
ax25_info_show : 2 : 4 : 40572.64638655218 : 0 : 1 : 8 : 0 : 0 : 2 : 2 : 1.0 ：0
ax25_init : 1 : 3 : 2145.8076523117115 : 0 : 1 : 5 : 0 : 0 : 3 : 1 : 1.0 ：0
ax25_sendmsg : 3 : 45 : 108687.76016982095 : 0 : 1 : 20 : 0 : 0 : 21 : 4 : 0.3999999999999999 ：0
ax25_getname : 3 : 7 : 22149.488423959352 : 0 : 1 : 5 : 0 : 0 : 6 : 3 : 0.8 ：0
ax25_accept : 4 : 13 : 15131.357774156997 : 0 : 1 : 12 : 0 : 0 : 8 : 3 : 0.3999999999999999 ：0
ax25_connect : 4 : 58 : 144524.89623360173 : 0 : 1 : 35 : 0 : 0 : 19 : 4 : 0.3999999999999999 ：1
ax25_release : 1 : 15 : 36662.44687382423 : 0 : 1 : 50 : 0 : 0 : 3 : 4 : 0.3999999999999999 ：0
ax25_create : 4 : 23 : 18580.921465868665 : 0 : 1 : 19 : 0 : 0 : 2 : 3 : 0.3999999999999999 ：0
ax25_find_listener : 0 : 11 : 6214.760325356977 : 0 : 1 : 5 : 0 : 0 : 2 : 4 : 0.8 ：0
ax25_setsockopt : 5 : 40 : 71300.33063848519 : 0 : 1 : 12 : 0 : 0 : 5 : 4 : 0.3999999999999999 ：0
ax25_bind : 3 : 22 : 37325.50936401684 : 0 : 1 : 21 : 0 : 0 : 12 : 3 : 0.6 ：0
ax25_make_new : 0 : 7 : 27578.846977948284 : 0 : 1 : 22 : 0 : 0 : 6 : 3 : 0.3999999999999999 ：0
ax25_fillin_cb : 2 : 3 : 6483.167110360591 : 0 : 3 : 3 : 6 : 0 : 0 : 2 : 0.8 ：0
ax25_listen : 2 : 4 : 2114.1731378040513 : 0 : 1 : 2 : 0 : 0 : 4 : 2 : 1.0 ：0
ax25_destroy_socket : 1 : 7 : 15882.303268001324 : 0 : 0 : 30 : 3 : 0 : 3 : 4 : 0.8 ：0
ax25_getsockopt : 5 : 19 : 34922.53555391685 : 0 : 1 : 9 : 0 : 0 : 5 : 3 : 0.6 ：0
ax25_ctl_ioctl : 2 : 43 : 69898.89344436611 : 0 : 2 : 14 : 1 : 0 : 16 : 3 : 0.6 ：0
ax25_find_cb : 0 : 13 : 10064.120669474367 : 0 : 3 : 6 : 3 : 0 : 3 : 4 : 0.6 ：0
ax25_create_cb : 0 : 2 : 3518.514185246023 : 0 : 2 : 8 : 2 : 0 : 3 : 1 : 1.0 ：0
ax25_cb_add : 1 : 1 : 444.408805250469 : 0 : 2 : 4 : 2 : 0 : 0 : 1 : 0.8 ：0
ax25_get_socket : 0 : 5 : 2990.399325837991 : 0 : 1 : 5 : 0 : 0 : 3 : 3 : 0.8 ：0
ax25_send_to_raw : 3 : 9 : 5316.030976582294 : 0 : 1 : 8 : 0 : 0 : 2 : 3 : 0.8 ：0
ax25_destroy_timer : 1 : 1 : 1731.9746340384395 : 0 : 0 : 6 : 3 : 0 : 2 : 1 : 0.8 ：0
ax25_device_event : 3 : 5 : 3434.4175972339776 : 0 : 1 : 24 : 0 : 0 : 4 : 2 : 1.0 ：0
ax25_cb_del : 1 : 2 : 592.545073667292 : 0 : 0 : 5 : 6 : 0 : 0 : 2 : 0.6 ：0
ax25_kill_by_device : 1 : 7 : 14606.28934619277 : 0 : 2 : 17 : 1 : 0 : 5 : 4 : 0.6 ：0
ax25_fillin_cb_from_dev : 2 : 2 : 9463.603800497318 : 0 : 4 : 1 : 7 : 0 : 0 : 2 : 0.8 ：0
