ip_tun_encap_nlsize : 1 : 1 : 1909.990734053228 : 2526 : 1 : 6 : 0 : 0 : 0 : 1 : 1.0 ：0
ip_tunnel_core_init : 1 : 1 : 1850.993648126156 : 2525 : 1 : 2 : 0 : 0 : 0 : 1 : 1.0 ：0
ip_tun_fill_encap_opts_vxlan : 2 : 3 : 2705.2757277178894 : 957 : 3 : 5 : 3 : 0 : 2 : 2 : 1.0 ：0
ip_tun_destroy_state : 1 : 1 : 403.6487401396159 : 1212 : 1 : 2 : 0 : 0 : 1 : 1 : 1.0 ：0
ip6_tun_build_state : 6 : 11 : 27730.18924766645 : 2496 : 1 : 58 : 0 : 0 : 5 : 2 : 0.6 ：0
ip_tun_cmp_encap : 2 : 4 : 3117.380410859861 : 2496 : 1 : 3 : 0 : 0 : 2 : 1 : 1.0 ：0
ip_tun_opts_nlsize : 1 : 8 : 17715.89800381913 : 957 : 2 : 2 : 2 : 1 : 4 : 3 : 0.8 ：0
ip6_tun_encap_nlsize : 1 : 1 : 1909.990734053228 : 2496 : 1 : 6 : 0 : 0 : 0 : 1 : 1.0 ：0
ip_tun_fill_encap_opts_erspan : 2 : 11 : 7464.928155824995 : 957 : 3 : 7 : 3 : 0 : 5 : 1 : 0.8 ：0
ip_tun_fill_encap_opts : 3 : 9 : 7324.024307849303 : 957 : 2 : 25 : 2 : 0 : 3 : 2 : 0.8 ：0
ip_tunnel_parse_protocol : 1 : 7 : 3643.7453700789524 : 720 : 1 : 5 : 0 : 0 : 0 : 1 : 1.0 ：0
ip_tun_parse_opts : 3 : 14 : 19861.155461446142 : 957 : 3 : 23 : 6 : 0 : 7 : 3 : 0.3999999999999999 ：0
ip_tun_fill_encap_opts_geneve : 2 : 6 : 6521.333883173063 : 957 : 3 : 7 : 3 : 0 : 3 : 3 : 1.0 ：0
ip6_tun_fill_encap_info : 2 : 8 : 5353.1005687949155 : 2496 : 1 : 31 : 0 : 0 : 1 : 1 : 1.0 ：0
ip_tun_fill_encap_info : 2 : 8 : 5353.1005687949155 : 2526 : 1 : 31 : 0 : 0 : 1 : 1 : 1.0 ：0
ip_tun_build_state : 6 : 12 : 30803.967562200887 : 2526 : 1 : 59 : 0 : 0 : 6 : 2 : 0.3999999999999999 ：0
ip_tun_parse_opts_erspan : 4 : 11 : 20021.36940004105 : 957 : 4 : 5 : 7 : 0 : 3 : 3 : 0.6 ：0
ip_tun_parse_opts_vxlan : 4 : 4 : 5873.127790429268 : 957 : 4 : 3 : 7 : 0 : 2 : 2 : 0.8 ：0
iptunnel_pmtud_check_icmpv6 : 2 : 11 : 10585.167725347965 : 685 : 2 : 25 : 1 : 0 : 6 : 2 : 0.8 ：0
skb_tunnel_check_pmtu : 4 : 10 : 4945.0138816953295 : 685 : 1 : 58 : 0 : 0 : 1 : 1 : 0.8 ：1
iptunnel_pmtud_build_icmp : 2 : 4 : 34686.663502746276 : 685 : 3 : 16 : 2 : 0 : 6 : 2 : 0.8 ：0
ip_tun_parse_opts_geneve : 4 : 7 : 13360.800795609439 : 957 : 4 : 7 : 7 : 0 : 2 : 2 : 0.6 ：0
iptunnel_pmtud_check_icmp : 2 : 11 : 4973.167445116494 : 685 : 2 : 25 : 1 : 0 : 2 : 1 : 1.0 ：0
iptunnel_pmtud_build_icmpv6 : 2 : 4 : 29424.571361717142 : 685 : 3 : 17 : 2 : 0 : 7 : 3 : 0.8 ：0
iptunnel_xmit : 10 : 3 : 13694.69226769559 : 2369 : 1 : 16 : 0 : 0 : 5 : 2 : 1.0 ：0
__iptunnel_pull_header : 5 : 6 : 6722.23881205995 : 2266 : 0 : 0 : 0 : 0 : 1 : 2 : 0.8 ：0
iptunnel_metadata_reply : 0 : 6 : 14823.970805893612 : 2461 : 1 : 4 : 0 : 0 : 4 : 1 : 1.0 ：0
iptunnel_handle_offloads : 2 : 6 : 6286.024287032368 : 3166 : 1 : 6 : 0 : 0 : 2 : 2 : 0.8 ：0
