ntfs_get_security_by_id : 4 : 21 : 38074.93320336943 : 355 : 1 : 19 : 0 : 0 : 21 : 2 : 0.3999999999999999 ：0
ntfs_security_init : 1 : 24 : 53865.38073041201 : 355 : 1 : 18 : 0 : 0 : 26 : 2 : 0.6 ：0
ntfs_bio_pages : 7 : 20 : 53191.61073862493 : 338 : 1 : 11 : 0 : 0 : 13 : 5 : 0.3999999999999999 ：0
is_sd_valid : 2 : 19 : 36855.96715179042 : 355 : 1 : 8 : 0 : 0 : 19 : 2 : 0.6 ：0
ntfs_new_inode : 0 : 7 : 5977.010503482601 : 355 : 1 : 6 : 0 : 0 : 7 : 2 : 0.8 ：0
ntfs_insert_security : 5 : 39 : 253621.88658603452 : 355 : 1 : 52 : 0 : 0 : 26 : 4 : 0.3999999999999999 ：0
ntfs_insert_reparse : 3 : 2 : 10141.218736567838 : 355 : 1 : 8 : 0 : 0 : 5 : 1 : 0.8 ：0
ntfs_objid_init : 1 : 9 : 7617.200244609258 : 355 : 1 : 4 : 0 : 0 : 10 : 2 : 0.8 ：0
ntfs_vbo_to_lbo : 5 : 2 : 3497.727272727273 : 355 : 1 : 1 : 0 : 0 : 2 : 1 : 1.0 ：0
ntfs_remove_reparse : 3 : 14 : 25582.605765558797 : 355 : 1 : 10 : 0 : 0 : 13 : 2 : 0.3999999999999999 ：0
mark_as_free_ex : 4 : 10 : 12012.443456731407 : 355 : 2 : 17 : 1 : 0 : 2 : 4 : 0.6 ：0
ntfs_bio_fill_1 : 2 : 12 : 23396.139104809732 : 338 : 2 : 18 : 1 : 0 : 12 : 3 : 0.3999999999999999 ：0
ntfs_reparse_init : 1 : 9 : 7617.200244609258 : 355 : 1 : 4 : 0 : 0 : 10 : 2 : 0.8 ：0
is_acl_valid : 2 : 10 : 16837.001954989162 : 338 : 2 : 2 : 1 : 0 : 9 : 2 : 0.8 ：0
ntfs_objid_remove : 2 : 2 : 2877.196295829078 : 355 : 1 : 4 : 0 : 0 : 4 : 1 : 0.8 ：0
run_deallocate : 3 : 3 : 1416.102969870128 : 355 : 1 : 19 : 0 : 0 : 1 : 2 : 1.0 ：0
ntfs_write_bh : 4 : 16 : 47087.235302451605 : 355 : 4 : 10 : 4 : 0 : 16 : 4 : 0.3999999999999999 ：0
ntfs_read_bh : 6 : 2 : 1001.4483723935574 : 338 : 1 : 11 : 0 : 0 : 2 : 1 : 1.0 ：0
ntfs_get_bh : 5 : 20 : 50575.94027273735 : 355 : 4 : 9 : 4 : 0 : 17 : 5 : 0.3999999999999999 ：0
ntfs_bread_run : 0 : 2 : 3273.308276505614 : 355 : 1 : 3 : 0 : 0 : 4 : 1 : 1.0 ：0
ntfs_sb_write : 5 : 12 : 22676.19215242888 : 355 : 3 : 11 : 2 : 0 : 8 : 4 : 0.3999999999999999 ：0
ntfs_sb_write_run : 6 : 10 : 17686.434334706544 : 355 : 2 : 16 : 1 : 0 : 7 : 2 : 0.8 ：0
ntfs_read_run_nb : 6 : 29 : 70132.47824913364 : 355 : 2 : 7 : 3 : 0 : 20 : 4 : 0.3999999999999999 ：0
ntfs_sb_read : 4 : 4 : 7405.942040119568 : 355 : 1 : 3 : 0 : 0 : 6 : 2 : 0.8 ：0
ntfs_set_state : 2 : 20 : 30030.299866761015 : 355 : 3 : 9 : 3 : 0 : 9 : 2 : 0.3999999999999999 ：0
ntfs_update_mftmirr : 2 : 11 : 17720.007323043596 : 355 : 1 : 10 : 0 : 0 : 8 : 3 : 0.3999999999999999 ：1
ntfs_clear_mft_tail : 3 : 7 : 10997.828100621342 : 355 : 3 : 24 : 3 : 0 : 9 : 2 : 1.0 ：0
ntfs_look_free_mft : 5 : 55 : 135909.1205832355 : 355 : 1 : 87 : 0 : 0 : 21 : 5 : 0.3999999999999999 ：0
security_hash : 2 : 2 : 1473.1484514817073 : 355 : 2 : 2 : 1 : 0 : 2 : 1 : 1.0 ：0
ntfs_mark_rec_free : 2 : 12 : 8117.828770801414 : 355 : 1 : 16 : 0 : 0 : 2 : 2 : 0.6 ：0
ntfs_extend_mft : 1 : 8 : 27594.227835314825 : 355 : 2 : 39 : 1 : 0 : 9 : 2 : 0.3999999999999999 ：0
ntfs_refresh_zone : 1 : 9 : 18900.837734039742 : 355 : 3 : 6 : 3 : 0 : 2 : 2 : 0.8 ：0
ntfs_query_def : 0 : 6 : 5703.260869565217 : 355 : 1 : 1 : 0 : 0 : 9 : 2 : 1.0 ：0
ntfs_look_for_free_space : 6 : 21 : 42822.8595922182 : 355 : 1 : 20 : 0 : 0 : 12 : 3 : 0.3999999999999999 ：0
ntfs_loadlog_and_replay : 2 : 16 : 27739.479150362768 : 355 : 1 : 31 : 0 : 0 : 11 : 2 : 0.6 ：0
ntfs_fix_post_read : 3 : 7 : 12339.151457821908 : 355 : 2 : 2 : 1 : 0 : 2 : 3 : 1.0 ：0
ntfs_fix_pre_write : 2 : 7 : 10672.867582832312 : 355 : 1 : 2 : 0 : 0 : 5 : 2 : 1.0 ：0
ntfs_extend_init : 1 : 15 : 28612.531080364988 : 355 : 1 : 12 : 0 : 0 : 6 : 3 : 0.6 ：0
