class_interface_register : 1 : 6 : 5991.9430766716405 : 0 : 1 : 13 : 0 : 0 : 3 : 2 : 0.8 ：0
classes_init : 1 : 2 : 528.0 : 0 : 1 : 1 : 0 : 0 : 0 : 1 : 1.0 ：0
class_compat_register : 0 : 3 : 2402.0113986662736 : 0 : 1 : 3 : 0 : 0 : 4 : 2 : 1.0 ：0
class_interface_unregister : 1 : 4 : 4402.173913043479 : 0 : 1 : 13 : 0 : 0 : 3 : 2 : 0.8 ：0
class_compat_create_link : 3 : 4 : 5202.517189524954 : 0 : 1 : 3 : 0 : 0 : 3 : 2 : 1.0 ：0
class_dev_iter_init : 4 : 2 : 1221.3617281353936 : 0 : 2 : 1 : 4 : 0 : 1 : 1 : 1.0 ：0
show_class_attr_string : 3 : 1 : 905.2474846018622 : 0 : 1 : 2 : 0 : 0 : 1 : 1 : 1.0 ：0
class_find_device : 0 : 6 : 3884.770630863753 : 0 : 1 : 10 : 0 : 0 : 5 : 3 : 1.0 ：0
class_dev_iter_next : 0 : 5 : 1959.003897769757 : 0 : 2 : 3 : 4 : 0 : 4 : 2 : 1.0 ：0
class_for_each_device : 4 : 6 : 3976.588993961937 : 0 : 1 : 9 : 0 : 0 : 4 : 2 : 1.0 ：0
class_release : 1 : 2 : 3008.152173913043 : 0 : 1 : 3 : 0 : 0 : 2 : 1 : 1.0 ：1
__class_create : 0 : 5 : 3707.5063371676365 : 0 : 0 : 0 : 0 : 0 : 5 : 2 : 1.0 ：0
class_create_file_ns : 3 : 2 : 895.7086936862914 : 0 : 1 : 1 : 0 : 0 : 2 : 1 : 1.0 ：0
class_child_ns_type : 0 : 1 : 676.0 : 0 : 1 : 1 : 0 : 0 : 2 : 1 : 1.0 ：0
class_attr_store : 4 : 2 : 1668.9655132593775 : 0 : 1 : 2 : 0 : 0 : 4 : 1 : 1.0 ：0
class_destroy : 1 : 2 : 159.4525485545934 : 0 : 1 : 6 : 0 : 0 : 0 : 1 : 1.0 ：0
class_attr_show : 3 : 2 : 1617.5042559485523 : 0 : 1 : 2 : 0 : 0 : 4 : 1 : 1.0 ：0
__class_register : 2 : 10 : 19776.843197699105 : 0 : 0 : 0 : 0 : 0 : 5 : 2 : 0.6 ：0
