nr_exit : 1 : 3 : 5207.118460178248 : 6461 : 1 : 12 : 0 : 0 : 2 : 3 : 0.8 ：0
nr_release : 1 : 6 : 8736.689381771273 : 6461 : 1 : 40 : 0 : 0 : 2 : 2 : 1.0 ：0
nr_info_show : 2 : 3 : 27606.691575980338 : 6461 : 1 : 11 : 0 : 0 : 4 : 2 : 0.6 ：0
nr_rx_frame : 2 : 27 : 107764.9178677721 : 6461 : 1 : 59 : 0 : 0 : 5 : 2 : 0.3999999999999999 ：0
nr_proto_init : 1 : 24 : 42433.88570979081 : 1354 : 1 : 30 : 0 : 0 : 15 : 3 : 0.3999999999999999 ：0
nr_ioctl : 3 : 19 : 12348.872623857718 : 6461 : 1 : 7 : 0 : 0 : 4 : 3 : 0.3999999999999999 ：0
nr_recvmsg : 4 : 9 : 14500.330486529638 : 6461 : 1 : 9 : 0 : 0 : 7 : 2 : 0.3999999999999999 ：0
nr_accept : 4 : 12 : 13561.789326908 : 6461 : 1 : 12 : 0 : 0 : 8 : 3 : 0.3999999999999999 ：0
nr_bind : 3 : 12 : 41006.34973766834 : 6461 : 1 : 15 : 0 : 0 : 6 : 4 : 0.6 ：0
nr_getsockopt : 5 : 10 : 10807.083632309152 : 6461 : 1 : 5 : 0 : 0 : 4 : 2 : 0.8 ：0
nr_listen : 2 : 2 : 2661.416618056887 : 6461 : 1 : 4 : 0 : 0 : 1 : 2 : 1.0 ：1
nr_create : 4 : 5 : 8377.82492517916 : 6461 : 1 : 7 : 0 : 0 : 2 : 1 : 1.0 ：0
nr_make_new : 0 : 3 : 15071.91655392371 : 6461 : 2 : 7 : 1 : 0 : 4 : 1 : 1.0 ：0
nr_getname : 3 : 3 : 15584.730059014864 : 6461 : 1 : 4 : 0 : 0 : 5 : 3 : 1.0 ：0
nr_connect : 4 : 32 : 57760.17179131425 : 6461 : 1 : 32 : 0 : 0 : 18 : 4 : 0.3999999999999999 ：0
nr_sendmsg : 3 : 26 : 44623.03474880882 : 6461 : 1 : 16 : 0 : 0 : 18 : 3 : 0.3999999999999999 ：0
nr_find_peer : 0 : 5 : 2515.8915670300285 : 6461 : 2 : 6 : 1 : 0 : 4 : 3 : 0.8 ：0
nr_destroy_socket : 1 : 5 : 8883.119614281553 : 6461 : 0 : 25 : 3 : 0 : 1 : 3 : 1.0 ：0
nr_find_next_circuit : 1 : 5 : 3490.0758201837552 : 6461 : 2 : 7 : 2 : 0 : 2 : 3 : 1.0 ：0
nr_destroy_timer : 1 : 1 : 1076.6565370437013 : 6461 : 0 : 6 : 3 : 0 : 1 : 1 : 0.8 ：0
nr_setsockopt : 5 : 18 : 16940.034353608833 : 6461 : 1 : 2 : 0 : 0 : 2 : 2 : 0.8 ：0
nr_kill_by_device : 1 : 2 : 1099.2255553218545 : 6461 : 2 : 5 : 1 : 0 : 1 : 1 : 0.8 ：0
nr_device_event : 3 : 3 : 1359.4811531936678 : 6461 : 1 : 10 : 0 : 0 : 4 : 1 : 1.0 ：0
nr_find_socket : 0 : 4 : 2216.512580473448 : 6461 : 3 : 5 : 4 : 0 : 4 : 3 : 0.8 ：0
nr_find_listener : 0 : 4 : 1866.922096427526 : 6461 : 2 : 6 : 1 : 0 : 3 : 2 : 0.8 ：0
