v9fs_fid_xattr_set : 5 : 5 : 8120.342662674754 : 0 : 3 : 8 : 2 : 0 : 3 : 2 : 1.0 ：0
v9fs_xattr_set : 5 : 2 : 1447.7904591650613 : 0 : 2 : 13 : 1 : 0 : 3 : 1 : 1.0 ：0
v9fs_xattr_get : 4 : 2 : 2002.0113630082756 : 0 : 2 : 14 : 2 : 0 : 3 : 1 : 1.0 ：0
v9fs_fid_xattr_get : 4 : 7 : 9617.201773501814 : 0 : 3 : 8 : 3 : 0 : 8 : 2 : 0.8 ：0
