af_alg_init : 1 : 6 : 1396.3152306559173 : 4616 : 1 : 3 : 0 : 0 : 5 : 1 : 1.0 ：0
af_alg_alloc_areq : 0 : 2 : 2630.129179725726 : 2161 : 1 : 4 : 0 : 0 : 2 : 1 : 1.0 ：0
af_alg_pull_tsgl : 4 : 8 : 30285.582051365862 : 809 : 1 : 12 : 0 : 0 : 6 : 5 : 0.6 ：0
af_alg_get_rsgl : 6 : 8 : 28083.343233128995 : 2161 : 1 : 16 : 0 : 0 : 7 : 3 : 0.6 ：1
af_alg_data_wakeup : 1 : 3 : 2492.8315462352534 : 32 : 2 : 7 : 1 : 0 : 3 : 1 : 0.8 ：0
af_alg_poll : 3 : 4 : 2783.8596667321854 : 1837 : 1 : 3 : 0 : 0 : 5 : 1 : 1.0 ：0
af_alg_wait_for_wmem : 2 : 5 : 3300.2186877914055 : 32 : 2 : 8 : 1 : 0 : 3 : 3 : 1.0 ：0
af_alg_wmem_wakeup : 1 : 3 : 1705.1513292897778 : 2161 : 1 : 7 : 0 : 0 : 1 : 1 : 0.8 ：0
af_alg_async_cb : 2 : 1 : 3000.3178936010277 : 2161 : 1 : 16 : 0 : 0 : 3 : 1 : 1.0 ：0
af_alg_sendmsg : 4 : 36 : 130964.53555267144 : 2161 : 1 : 49 : 0 : 0 : 21 : 5 : 0.3999999999999999 ：0
af_alg_wait_for_data : 3 : 8 : 5668.750269918696 : 2037 : 1 : 9 : 0 : 0 : 5 : 3 : 1.0 ：0
af_alg_free_resources : 1 : 1 : 833.1428571428571 : 2054 : 2 : 14 : 1 : 0 : 1 : 1 : 1.0 ：0
af_alg_alloc_tsgl : 1 : 6 : 9539.346540734552 : 32 : 2 : 8 : 1 : 0 : 4 : 2 : 0.8 ：0
af_alg_cmsg_send : 2 : 10 : 13549.882623926254 : 1634 : 2 : 4 : 1 : 0 : 1 : 3 : 0.8 ：0
af_alg_count_tsgl : 3 : 5 : 15188.06047842315 : 809 : 1 : 2 : 0 : 0 : 7 : 4 : 1.0 ：0
af_alg_free_areq_sgls : 1 : 4 : 9128.208631488165 : 1634 : 3 : 12 : 2 : 0 : 5 : 3 : 0.8 ：0
alg_create : 4 : 5 : 3149.3459800452747 : 4616 : 1 : 6 : 0 : 0 : 4 : 1 : 1.0 ：0
af_alg_free_sg : 1 : 5 : 5773.777777693856 : 2161 : 4 : 3 : 3 : 0 : 1 : 2 : 1.0 ：0
af_alg_accept : 3 : 12 : 19006.829148734512 : 4616 : 2 : 12 : 1 : 0 : 8 : 2 : 0.3999999999999999 ：0
alg_setsockopt : 5 : 23 : 15639.355219268393 : 4616 : 1 : 38 : 0 : 0 : 13 : 2 : 0.6 ：0
key_data_ptr_user : 0 : 2 : 1052.8046991829706 : 255 : 3 : 3 : 2 : 0 : 1 : 1 : 1.0 ：0
lookup_key : 0 : 2 : 743.004818438812 : 255 : 3 : 4 : 2 : 0 : 1 : 1 : 1.0 ：0
alg_setkey_by_key_serial : 3 : 14 : 19645.477524478352 : 255 : 2 : 28 : 1 : 0 : 7 : 2 : 0.6 ：0
alg_setkey : 3 : 4 : 3963.8507314602593 : 255 : 2 : 4 : 1 : 0 : 6 : 1 : 1.0 ：0
key_data_ptr_trusted : 0 : 2 : 1052.8046991829706 : 255 : 3 : 3 : 2 : 0 : 1 : 1 : 1.0 ：0
key_data_ptr_encrypted : 0 : 2 : 992.5420659767013 : 255 : 3 : 3 : 2 : 0 : 1 : 1 : 1.0 ：0
alg_bind : 3 : 10 : 35111.81213037751 : 4616 : 1 : 20 : 0 : 0 : 9 : 2 : 0.3999999999999999 ：0
af_alg_release : 1 : 2 : 544.4517538542374 : 2730 : 1 : 1 : 0 : 0 : 0 : 2 : 1.0 ：0
af_alg_release_parent : 1 : 3 : 1957.7789878079338 : 2730 : 1 : 5 : 0 : 0 : 1 : 1 : 1.0 ：0
alg_do_release : 2 : 2 : 314.00874179654414 : 4616 : 3 : 1 : 3 : 0 : 0 : 1 : 1.0 ：0
af_alg_unregister_type : 1 : 2 : 2302.3501398816097 : 4616 : 1 : 6 : 0 : 0 : 3 : 2 : 1.0 ：0
af_alg_register_type : 1 : 6 : 5616.458698999718 : 4616 : 1 : 6 : 0 : 0 : 5 : 2 : 0.8 ：0
alg_get_type : 0 : 3 : 2695.533174333222 : 4616 : 2 : 6 : 1 : 0 : 3 : 2 : 1.0 ：0
