line6_disconnect : 1 : 6 : 6682.393756517639 : 0 : 2 : 11 : 1 : 0 : 2 : 1 : 0.8 ：0
line6_suspend : 2 : 3 : 1948.117327493817 : 0 : 1 : 4 : 0 : 0 : 2 : 1 : 1.0 ：0
line6_probe : 6 : 11 : 28620.355479818485 : 0 : 1 : 66 : 0 : 0 : 10 : 2 : 0.6 ：0
line6_resume : 1 : 2 : 940.8343051479811 : 0 : 1 : 17 : 0 : 0 : 1 : 1 : 1.0 ：0
line6_startup_work : 1 : 2 : 1067.500800369232 : 0 : 2 : 1 : 1 : 0 : 0 : 1 : 1.0 ：0
line6_init_cap_control : 1 : 8 : 9861.200486906659 : 0 : 2 : 29 : 1 : 0 : 4 : 2 : 0.6 ：0
line6_hwdep_push_message : 1 : 3 : 3138.7410056833423 : 0 : 4 : 3 : 3 : 0 : 0 : 2 : 1.0 ：0
line6_hwdep_read : 4 : 8 : 14377.323317682994 : 0 : 1 : 6 : 0 : 0 : 4 : 2 : 0.6 ：0
line6_hwdep_poll : 3 : 1 : 2371.2585067442633 : 0 : 1 : 4 : 0 : 0 : 3 : 1 : 0.8 ：0
line6_hwdep_init : 1 : 3 : 5615.621321991296 : 0 : 3 : 9 : 2 : 0 : 4 : 1 : 1.0 ：0
line6_hwdep_write : 4 : 3 : 3695.84676189541 : 0 : 1 : 11 : 0 : 0 : 4 : 2 : 1.0 ：0
line6_get_usb_properties : 1 : 6 : 15723.762245818602 : 0 : 2 : 5 : 1 : 0 : 4 : 3 : 0.8 ：0
line6_version_request_async : 1 : 2 : 1925.6842503028856 : 0 : 1 : 21 : 0 : 0 : 3 : 1 : 1.0 ：0
line6_write_data : 4 : 13 : 18433.920387697097 : 0 : 1 : 6 : 0 : 0 : 6 : 3 : 0.6 ：0
line6_hwdep_release : 2 : 1 : 316.79999999999995 : 0 : 1 : 0 : 0 : 0 : 1 : 1 : 1.0 ：0
line6_async_request_sent : 1 : 2 : 1515.3495108586724 : 0 : 0 : 3 : 4 : 0 : 1 : 2 : 1.0 ：0
line6_send_raw_message_async : 3 : 3 : 6524.447997553998 : 0 : 2 : 18 : 1 : 0 : 2 : 2 : 0.8 ：0
line6_destruct : 1 : 1 : 3597.2904884153436 : 0 : 2 : 3 : 1 : 0 : 2 : 1 : 0.8 ：0
line6_alloc_sysex_buffer : 0 : 2 : 4234.351586487662 : 0 : 1 : 2 : 0 : 0 : 3 : 1 : 1.0 ：0
line6_read_data : 4 : 16 : 27463.08734738765 : 0 : 2 : 4 : 1 : 1 : 8 : 3 : 0.6 ：0
line6_hwdep_open : 2 : 1 : 973.4893717166648 : 0 : 1 : 0 : 0 : 0 : 1 : 1 : 1.0 ：0
line6_send_raw_message_async_part : 2 : 6 : 15147.636926495994 : 0 : 0 : 14 : 4 : 0 : 7 : 2 : 1.0 ：0
line6_start_listen : 1 : 3 : 8100.400216506487 : 0 : 0 : 14 : 5 : 0 : 2 : 2 : 1.0 ：0
line6_data_received : 1 : 8 : 12203.21019015489 : 0 : 0 : 6 : 5 : 0 : 3 : 3 : 0.8 ：1
line6_send_raw_message : 3 : 4 : 10709.847802126558 : 0 : 2 : 6 : 2 : 0 : 6 : 3 : 1.0 ：0
line6_midibuf_write : 3 : 8 : 22238.66081945999 : 0 : 1 : 4 : 0 : 0 : 2 : 3 : 0.6 ：0
line6_midibuf_ignore : 2 : 2 : 1394.8649253234755 : 0 : 1 : 2 : 0 : 0 : 2 : 1 : 1.0 ：0
line6_midibuf_read : 3 : 23 : 91844.28314671268 : 0 : 1 : 5 : 0 : 0 : 5 : 4 : 0.6 ：1
line6_midibuf_bytes_free : 1 : 1 : 693.9614420449631 : 0 : 2 : 1 : 1 : 0 : 0 : 1 : 1.0 ：0
line6_midibuf_bytes_used : 1 : 1 : 693.9614420449631 : 0 : 2 : 1 : 2 : 0 : 0 : 1 : 1.0 ：0
midibuf_message_length : 1 : 4 : 10587.426688503449 : 0 : 2 : 0 : 1 : 0 : 2 : 3 : 1.0 ：0
line6_midibuf_init : 3 : 2 : 1391.6608465537308 : 0 : 1 : 2 : 0 : 0 : 0 : 1 : 1.0 ：0
