kalmia_tx_fixup : 0 : 10 : 29681.960675235237 : 0 : 1 : 11 : 0 : 0 : 8 : 3 : 0.6 ：0
kalmia_rx_fixup : 2 : 14 : 59782.43276373165 : 0 : 1 : 9 : 0 : 0 : 4 : 4 : 0.6 ：0
kalmia_bind : 2 : 3 : 7706.759797189834 : 0 : 1 : 14 : 0 : 0 : 3 : 1 : 1.0 ：0
kalmia_init_and_get_ethernet_addr : 2 : 6 : 16799.56720216924 : 0 : 2 : 10 : 1 : 0 : 6 : 2 : 1.0 ：0
kalmia_send_init_packet : 5 : 7 : 11376.510732363296 : 0 : 3 : 5 : 2 : 0 : 4 : 2 : 0.8 ：0
