nci_queue_tx_data_frags : 3 : 9 : 24749.111592508936 : 4075 : 2 : 13 : 1 : 0 : 10 : 3 : 0.6 ：0
nci_conn_max_data_pkt_payload_size : 2 : 2 : 795.6276720133552 : 2579 : 1 : 1 : 0 : 0 : 1 : 1 : 1.0 ：0
nci_send_data : 3 : 8 : 9687.019381898646 : 2579 : 1 : 24 : 0 : 0 : 6 : 3 : 0.6 ：0
nci_add_rx_data_frag : 5 : 12 : 15384.025616131252 : 4075 : 2 : 14 : 1 : 0 : 4 : 3 : 0.3999999999999999 ：0
nci_data_exchange_complete : 4 : 6 : 8633.511294541411 : 4075 : 3 : 7 : 2 : 0 : 4 : 2 : 0.8 ：0
nci_push_data_hdr : 4 : 1 : 2194.8288519178814 : 4075 : 3 : 3 : 3 : 0 : 2 : 1 : 1.0 ：0
nci_rx_data_packet : 2 : 6 : 17924.28820878746 : 4075 : 1 : 23 : 0 : 0 : 4 : 2 : 1.0 ：1
