snd_seq_event_port_attach : 7 : 2 : 6328.608305455111 : 6226 : 1 : 3 : 0 : 0 : 3 : 1 : 1.0 ：0
subscribe_port : 5 : 8 : 5209.598026767443 : 706 : 3 : 3 : 2 : 0 : 2 : 3 : 0.8 ：0
snd_seq_set_port_info : 2 : 8 : 21362.142408030795 : 6658 : 1 : 2 : 0 : 0 : 0 : 2 : 0.8 ：0
snd_seq_delete_all_ports : 1 : 2 : 8984.975419775132 : 6658 : 1 : 34 : 0 : 0 : 1 : 2 : 0.8 ：0
port_delete : 2 : 3 : 5004.744608016537 : 6658 : 2 : 22 : 2 : 0 : 0 : 1 : 0.8 ：0
__delete_and_unsubscribe_port : 5 : 3 : 3595.430114762385 : 706 : 0 : 0 : 0 : 0 : 3 : 1 : 0.8 ：0
match_subs_info : 2 : 7 : 2858.2351134188425 : 2714 : 3 : 1 : 3 : 0 : 0 : 2 : 1.0 ：0
snd_seq_port_disconnect : 6 : 5 : 6827.389263930297 : 6658 : 1 : 9 : 0 : 0 : 4 : 3 : 1.0 ：0
check_and_subscribe_port : 6 : 11 : 14762.112107721481 : 2714 : 2 : 16 : 1 : 0 : 9 : 3 : 0.6 ：0
unsubscribe_port : 5 : 6 : 3337.5777669402673 : 706 : 0 : 0 : 0 : 0 : 2 : 1 : 1.0 ：0
snd_seq_delete_port : 2 : 3 : 5186.73532103532 : 6658 : 1 : 29 : 0 : 0 : 1 : 3 : 0.8 ：0
snd_seq_port_connect : 6 : 6 : 9400.67953764232 : 6658 : 1 : 24 : 0 : 0 : 6 : 1 : 1.0 ：0
delete_and_unsubscribe_port : 5 : 1 : 1343.497900948933 : 706 : 4 : 2 : 6 : 0 : 1 : 1 : 0.8 ：0
snd_seq_port_get_subscription : 3 : 2 : 2191.3043478260865 : 6658 : 1 : 4 : 0 : 0 : 3 : 3 : 1.0 ：0
snd_seq_get_port_info : 2 : 5 : 13348.18529252219 : 6658 : 1 : 2 : 0 : 0 : 0 : 2 : 1.0 ：0
snd_seq_event_port_detach : 2 : 1 : 1538.9498515917314 : 6226 : 1 : 2 : 0 : 0 : 3 : 1 : 1.0 ：0
get_subscriber : 0 : 2 : 522.0 : 2714 : 4 : 1 : 6 : 0 : 0 : 1 : 0.8 ：0
clear_subscriber_list : 4 : 4 : 9942.706712973075 : 6658 : 3 : 18 : 3 : 0 : 3 : 3 : 0.8 ：0
get_client_port : 0 : 3 : 2185.807559535143 : 6658 : 4 : 7 : 4 : 0 : 3 : 3 : 1.0 ：0
snd_seq_port_use_ptr : 0 : 4 : 4375.218043475292 : 6658 : 5 : 4 : 5 : 0 : 4 : 3 : 0.8 ：0
port_subs_info_init : 1 : 1 : 1148.469277214492 : 6658 : 2 : 3 : 1 : 0 : 0 : 1 : 1.0 ：0
snd_seq_create_port : 3 : 9 : 25118.884012989412 : 6658 : 1 : 17 : 0 : 0 : 3 : 3 : 0.3999999999999999 ：1
snd_seq_port_query_nearest : 0 : 9 : 10649.82690998805 : 6658 : 1 : 4 : 0 : 0 : 3 : 3 : 0.6 ：0
