bsg_init : 1 : 4 : 2916.860037428882 : 5165 : 1 : 10 : 0 : 0 : 4 : 1 : 1.0 ：0
bsg_sg_io : 3 : 5 : 3148.8970145560243 : 36 : 2 : 5 : 1 : 0 : 3 : 1 : 0.8 ：0
bsg_register_queue : 0 : 10 : 16117.176936228027 : 5161 : 1 : 14 : 0 : 0 : 6 : 2 : 0.6 ：0
bsg_timeout : 2 : 4 : 1625.0449636776484 : 36 : 3 : 2 : 2 : 0 : 0 : 1 : 1.0 ：0
bsg_unregister_queue : 1 : 2 : 1311.1261607008998 : 1271 : 1 : 5 : 0 : 0 : 0 : 1 : 1.0 ：1
bsg_ioctl : 3 : 16 : 18139.81621403121 : 5165 : 1 : 23 : 0 : 0 : 3 : 2 : 0.6 ：0
bsg_set_command_q : 2 : 3 : 918.0833338429948 : 942 : 2 : 2 : 1 : 0 : 1 : 1 : 1.0 ：0
