j1939_priv_get_by_ndev : 0 : 1 : 503.99999999999994 : 0 : 2 : 8 : 1 : 0 : 2 : 1 : 0.8 ：0
j1939_send_one : 2 : 6 : 14250.0635836329 : 0 : 1 : 8 : 0 : 0 : 5 : 1 : 0.8 ：1
j1939_module_init : 1 : 5 : 1584.9256623815515 : 0 : 1 : 5 : 0 : 0 : 4 : 2 : 1.0 ：0
j1939_netdev_start : 0 : 6 : 12870.021141201936 : 0 : 1 : 55 : 0 : 0 : 5 : 2 : 0.6 ：0
j1939_priv_get_by_ndev_locked : 0 : 2 : 620.8856055859264 : 0 : 3 : 5 : 3 : 0 : 2 : 1 : 1.0 ：0
j1939_can_rx_register : 1 : 2 : 2102.848997831794 : 0 : 2 : 30 : 1 : 0 : 3 : 2 : 1.0 ：0
j1939_netdev_notify : 3 : 6 : 2695.572619271718 : 0 : 1 : 16 : 0 : 0 : 6 : 2 : 1.0 ：0
j1939_can_recv : 2 : 12 : 49992.478530896806 : 0 : 3 : 23 : 3 : 0 : 5 : 2 : 0.3999999999999999 ：0
j1939_can_rx_unregister : 1 : 1 : 2412.607403015604 : 0 : 0 : 0 : 0 : 0 : 1 : 1 : 1.0 ：0
__j1939_priv_release : 1 : 1 : 3405.9304756839406 : 0 : 0 : 0 : 0 : 0 : 2 : 1 : 1.0 ：0
j1939_priv_create : 0 : 2 : 3215.801251091014 : 0 : 2 : 6 : 1 : 0 : 3 : 1 : 0.8 ：0
