dl_seq_real_show_v1 : 3 : 1 : 2021.4307089664076 : 1244 : 2 : 10 : 1 : 0 : 1 : 0 : 0.8 ：0
hashlimit_mt_destroy_v1 : 1 : 1 : 276.90087096375373 : 1244 : 1 : 24 : 0 : 0 : 1 : 0 : 1.0 ：0
hashlimit_mt_init : 1 : 6 : 3967.43320016335 : 4407 : 1 : 7 : 0 : 0 : 5 : 1 : 1.0 ：0
dl_seq_next : 0 : 2 : 1622.4822861944415 : 900 : 1 : 3 : 0 : 0 : 3 : 1 : 1.0 ：0
hashlimit_net_init : 1 : 1 : 451.2458637927839 : 3686 : 1 : 8 : 0 : 0 : 1 : 0 : 1.0 ：0
dl_seq_show_v1 : 2 : 3 : 3278.6486071492673 : 1244 : 1 : 15 : 0 : 0 : 2 : 1 : 1.0 ：0
hashlimit_proc_net_exit : 1 : 2 : 4194.279906691243 : 3686 : 2 : 10 : 1 : 0 : 2 : 0 : 0.8 ：0
hashlimit_mt_exit : 1 : 1 : 260.18716768179553 : 4407 : 1 : 5 : 0 : 0 : 0 : 0 : 1.0 ：0
dl_seq_show_v2 : 2 : 3 : 3691.0648883454087 : 900 : 1 : 15 : 0 : 0 : 2 : 1 : 1.0 ：0
hashlimit_mt_destroy_v2 : 1 : 1 : 276.90087096375373 : 900 : 1 : 24 : 0 : 0 : 1 : 0 : 1.0 ：0
hashlimit_mt_destroy : 1 : 1 : 276.90087096375373 : 900 : 1 : 24 : 0 : 0 : 1 : 0 : 1.0 ：0
dl_seq_real_show_v2 : 3 : 1 : 2021.4307089664076 : 900 : 2 : 10 : 1 : 0 : 1 : 0 : 0.8 ：0
dl_seq_show : 2 : 3 : 3278.6486071492673 : 900 : 1 : 15 : 0 : 0 : 2 : 1 : 1.0 ：0
dl_seq_print : 3 : 4 : 12724.475195733794 : 900 : 3 : 3 : 6 : 0 : 0 : 1 : 0.8 ：0
hashlimit_proc_net_init : 1 : 4 : 3721.0348925629282 : 3686 : 2 : 4 : 1 : 0 : 1 : 1 : 1.0 ：0
dl_seq_real_show : 3 : 1 : 2021.4307089664076 : 900 : 2 : 10 : 1 : 0 : 1 : 0 : 0.8 ：0
hashlimit_mt_check : 1 : 2 : 1797.3053002826932 : 900 : 1 : 49 : 0 : 0 : 3 : 0 : 1.0 ：0
hashlimit_mt_check_v2 : 1 : 3 : 3967.9654507983355 : 900 : 1 : 51 : 0 : 0 : 5 : 1 : 1.0 ：0
hashlimit_mt_check_common : 5 : 25 : 39489.752217945344 : 900 : 2 : 47 : 3 : 0 : 3 : 2 : 0.3999999999999999 ：0
hashlimit_mt_common : 5 : 14 : 40134.00369436025 : 900 : 2 : 63 : 3 : 0 : 8 : 2 : 0.3999999999999999 ：0
hashlimit_mt_check_v1 : 1 : 3 : 3967.9654507983355 : 1244 : 1 : 51 : 0 : 0 : 5 : 1 : 1.0 ：0
hashlimit_mt : 2 : 1 : 924.4138822094376 : 900 : 1 : 64 : 0 : 0 : 2 : 0 : 1.0 ：0
hashlimit_byte_cost : 2 : 4 : 3524.6899224293884 : 2844 : 3 : 2 : 4 : 0 : 1 : 1 : 1.0 ：0
hashlimit_mt_v2 : 2 : 2 : 2632.4063478467 : 900 : 1 : 66 : 0 : 0 : 5 : 1 : 1.0 ：0
hashlimit_mt_v1 : 2 : 2 : 2632.4063478467 : 1244 : 1 : 66 : 0 : 0 : 5 : 1 : 1.0 ：0
rateinfo_init : 3 : 7 : 35361.571473061485 : 2844 : 3 : 7 : 4 : 0 : 0 : 2 : 0.8 ：0
hashlimit_init_dst : 4 : 15 : 54843.9790172764 : 3620 : 3 : 15 : 4 : 0 : 3 : 3 : 0.6 ：0
hashlimit_ipv6_mask : 2 : 6 : 13902.7745584243 : 4403 : 4 : 3 : 5 : 0 : 0 : 1 : 1.0 ：0
rateinfo_recalc : 4 : 8 : 23803.121857258615 : 900 : 3 : 0 : 10 : 0 : 2 : 2 : 0.6 ：0
user2rate_bytes : 1 : 1 : 418.8090414263364 : 900 : 4 : 0 : 5 : 0 : 1 : 0 : 1.0 ：0
user2credits_byte : 1 : 1 : 314.10678106975234 : 2844 : 4 : 0 : 9 : 0 : 1 : 0 : 0.8 ：0
htable_put : 1 : 2 : 578.6666666666666 : 900 : 2 : 23 : 3 : 0 : 0 : 1 : 0.8 ：1
htable_find_get : 0 : 3 : 2090.313192302744 : 3620 : 3 : 5 : 4 : 0 : 4 : 2 : 1.0 ：0
htable_destroy : 1 : 1 : 541.7554959243812 : 4828 : 3 : 19 : 4 : 0 : 0 : 0 : 1.0 ：1
htable_remove_proc_entry : 1 : 3 : 1702.1673283927294 : 2267 : 4 : 3 : 7 : 0 : 2 : 0 : 0.8 ：1
htable_gc : 1 : 1 : 1318.7176357970293 : 3620 : 4 : 15 : 5 : 0 : 1 : 0 : 1.0 ：0
htable_create : 6 : 14 : 49749.15765028456 : 3620 : 3 : 34 : 4 : 0 : 5 : 1 : 0.3999999999999999 ：0
cfg_copy : 3 : 6 : 20185.1105139646 : 900 : 4 : 1 : 9 : 1 : 1 : 1 : 0.8 ：0
dsthash_free_rcu : 1 : 1 : 432.4439528014179 : 3613 : 7 : 2 : 13 : 0 : 1 : 0 : 0.8 ：0
dsthash_free : 2 : 1 : 295.5459258247215 : 3613 : 6 : 5 : 12 : 0 : 0 : 0 : 0.8 ：0
dsthash_find : 0 : 3 : 3126.1946272556943 : 2613 : 4 : 8 : 9 : 0 : 4 : 2 : 0.8 ：0
htable_selective_cleanup : 2 : 4 : 4237.71804570111 : 4828 : 5 : 11 : 11 : 0 : 2 : 2 : 0.6 ：0
dsthash_alloc_init : 0 : 8 : 20761.499844075654 : 3620 : 3 : 21 : 4 : 0 : 3 : 1 : 0.6 ：0
hash_dst : 2 : 1 : 5584.553949724735 : 3620 : 5 : 2 : 15 : 0 : 0 : 0 : 0.8 ：0
