garmin_port_remove : 1 : 1 : 875.9107605638388 : 0 : 1 : 5 : 0 : 0 : 1 : 1 : 1.0 ：0
garmin_port_probe : 1 : 4 : 5517.959916492187 : 0 : 1 : 63 : 0 : 0 : 4 : 1 : 0.8 ：0
garmin_flush_queue : 1 : 3 : 4471.4474721648485 : 0 : 3 : 13 : 3 : 0 : 1 : 3 : 0.8 ：0
garmin_unthrottle : 1 : 4 : 5566.066322027418 : 0 : 1 : 19 : 0 : 0 : 3 : 2 : 0.8 ：0
garmin_read_process : 4 : 12 : 10211.385506230314 : 0 : 2 : 35 : 2 : 0 : 0 : 4 : 0.6 ：1
timeout_handler : 1 : 3 : 1594.7394435727686 : 0 : 2 : 15 : 1 : 0 : 1 : 1 : 1.0 ：0
garmin_read_int_callback : 1 : 13 : 44843.017346269546 : 0 : 1 : 44 : 0 : 0 : 4 : 4 : 0.3999999999999999 ：0
garmin_read_bulk_callback : 1 : 9 : 24665.570029340313 : 0 : 1 : 43 : 0 : 0 : 4 : 3 : 0.6 ：0
garmin_throttle : 1 : 2 : 1910.1329007306153 : 0 : 1 : 3 : 0 : 0 : 2 : 1 : 0.8 ：0
garmin_write_room : 1 : 1 : 1156.624211822008 : 0 : 1 : 1 : 0 : 0 : 2 : 1 : 1.0 ：0
garmin_open : 2 : 2 : 4161.255546133229 : 0 : 1 : 44 : 0 : 0 : 3 : 1 : 0.8 ：0
garmin_write_bulk : 4 : 6 : 20592.832310473146 : 0 : 4 : 32 : 8 : 0 : 5 : 3 : 0.19999999999999996 ：0
process_resetdev_request : 1 : 2 : 4931.88226806207 : 0 : 2 : 6 : 1 : 0 : 3 : 1 : 0.8 ：0
garmin_clear : 1 : 1 : 1909.5536354948185 : 0 : 2 : 8 : 2 : 0 : 0 : 1 : 0.8 ：0
garmin_write : 4 : 14 : 32083.454831578256 : 0 : 1 : 145 : 0 : 0 : 4 : 4 : 0.6 ：0
priv_status_resp : 1 : 1 : 5091.238846947371 : 0 : 2 : 5 : 1 : 0 : 2 : 1 : 1.0 ：0
garmin_close : 1 : 2 : 4203.419145279607 : 0 : 1 : 13 : 0 : 0 : 1 : 1 : 1.0 ：0
pkt_add : 3 : 7 : 12750.077577424776 : 0 : 3 : 26 : 3 : 0 : 4 : 2 : 0.6 ：0
garmin_write_bulk_callback : 1 : 5 : 5173.251911878004 : 0 : 5 : 10 : 9 : 0 : 1 : 4 : 0.6 ：0
garmin_init_session : 1 : 5 : 9600.769547266065 : 0 : 2 : 39 : 2 : 0 : 6 : 2 : 1.0 ：0
gsp_send : 3 : 14 : 77314.87158167844 : 0 : 5 : 10 : 7 : 0 : 8 : 2 : 0.3999999999999999 ：0
gsp_next_packet : 1 : 3 : 3423.048498106878 : 0 : 4 : 18 : 6 : 0 : 4 : 3 : 0.8 ：0
nat_receive : 3 : 12 : 24949.392854923375 : 0 : 2 : 46 : 1 : 0 : 5 : 5 : 0.3999999999999999 ：0
pkt_clear : 1 : 2 : 2364.8390936321784 : 0 : 5 : 5 : 17 : 0 : 1 : 2 : 0.6 ：0
send_to_tty : 3 : 2 : 970.6666666666665 : 0 : 7 : 3 : 28 : 0 : 0 : 2 : 0.8 ：0
gsp_send_ack : 2 : 2 : 11207.980567832785 : 0 : 6 : 5 : 10 : 0 : 3 : 1 : 0.8 ：0
pkt_pop : 0 : 2 : 2294.2468818819643 : 0 : 5 : 4 : 11 : 0 : 2 : 2 : 0.6 ：0
gsp_rec_packet : 2 : 7 : 38592.40099939004 : 0 : 3 : 45 : 2 : 0 : 8 : 2 : 0.3999999999999999 ：0
gsp_receive : 3 : 23 : 80076.29737176391 : 0 : 2 : 68 : 1 : 0 : 9 : 5 : 0.3999999999999999 ：0
