cfg80211_wext_giwessid : 4 : 3 : 4895.630567719918 : 0 : 1 : 5 : 0 : 0 : 5 : 2 : 0.8 ：0
cfg80211_set_key_mgt : 2 : 4 : 5512.433643959385 : 0 : 2 : 0 : 1 : 0 : 1 : 2 : 1.0 ：0
cfg80211_wext_siwap : 4 : 3 : 4236.163281455203 : 0 : 1 : 5 : 0 : 0 : 5 : 2 : 0.8 ：0
cfg80211_wext_siwrate : 4 : 12 : 31295.794244815857 : 0 : 1 : 5 : 0 : 0 : 8 : 4 : 0.3999999999999999 ：0
cfg80211_wext_giwap : 4 : 3 : 4236.163281455203 : 0 : 1 : 5 : 0 : 0 : 5 : 2 : 0.8 ：0
cfg80211_wext_siwpmksa : 4 : 8 : 12589.53918486446 : 0 : 1 : 7 : 0 : 0 : 6 : 3 : 0.6 ：0
cfg80211_wireless_stats : 0 : 16 : 55366.81155378728 : 0 : 1 : 8 : 0 : 0 : 10 : 3 : 0.3999999999999999 ：0
cfg80211_wext_giwpower : 4 : 1 : 486.2243184618504 : 0 : 1 : 0 : 0 : 0 : 2 : 1 : 1.0 ：0
cfg80211_wext_giwrate : 4 : 9 : 14176.241457976568 : 0 : 1 : 8 : 0 : 0 : 9 : 2 : 0.6 ：0
cfg80211_wext_siwessid : 4 : 3 : 4236.163281455203 : 0 : 1 : 5 : 0 : 0 : 5 : 2 : 0.8 ：0
cfg80211_wext_siwpower : 4 : 10 : 12876.072476376943 : 0 : 1 : 4 : 0 : 0 : 7 : 3 : 0.6 ：0
cfg80211_set_cipher_group : 2 : 12 : 7163.846926519062 : 0 : 2 : 0 : 1 : 0 : 0 : 1 : 0.8 ：0
cfg80211_wext_giwfreq : 4 : 6 : 8468.732327309051 : 0 : 1 : 6 : 0 : 0 : 6 : 3 : 0.8 ：0
cfg80211_set_auth_alg : 2 : 7 : 6183.2199007504905 : 0 : 2 : 0 : 1 : 0 : 1 : 2 : 0.8 ：0
cfg80211_set_cipher_pairwise : 2 : 6 : 8748.878267967506 : 0 : 2 : 1 : 1 : 0 : 2 : 2 : 0.8 ：0
cfg80211_wext_siwencodeext : 4 : 25 : 34797.46084866227 : 0 : 1 : 16 : 0 : 0 : 11 : 3 : 0.3999999999999999 ：0
cfg80211_wext_siwauth : 4 : 12 : 6771.340072002941 : 0 : 1 : 6 : 0 : 0 : 2 : 2 : 1.0 ：0
cfg80211_set_wpa_version : 2 : 7 : 5056.995455534695 : 0 : 2 : 0 : 1 : 0 : 0 : 1 : 0.8 ：0
cfg80211_wext_siwfreq : 4 : 11 : 22326.35439630321 : 0 : 1 : 10 : 0 : 0 : 4 : 3 : 0.3999999999999999 ：0
cfg80211_wext_giwtxpower : 4 : 5 : 9710.021808824582 : 0 : 1 : 5 : 0 : 0 : 3 : 1 : 0.6 ：0
cfg80211_wext_siwencode : 4 : 28 : 31890.604031284794 : 0 : 1 : 16 : 0 : 3 : 7 : 2 : 0.3999999999999999 ：0
cfg80211_wext_giwencode : 4 : 10 : 17425.69065053643 : 0 : 1 : 2 : 0 : 0 : 3 : 2 : 0.8 ：0
cfg80211_wext_siwfrag : 4 : 7 : 7942.612673943254 : 0 : 1 : 4 : 0 : 1 : 6 : 2 : 0.8 ：0
cfg80211_wext_siwrts : 4 : 7 : 6915.511385211008 : 0 : 1 : 4 : 0 : 1 : 6 : 2 : 0.8 ：0
cfg80211_wext_siwtxpower : 4 : 11 : 17683.67054509343 : 0 : 1 : 7 : 0 : 0 : 6 : 4 : 0.3999999999999999 ：0
cfg80211_wext_siwretry : 4 : 9 : 14060.63712712551 : 0 : 1 : 4 : 0 : 0 : 8 : 2 : 0.6 ：0
cfg80211_wext_giwretry : 4 : 6 : 8411.678100119574 : 0 : 1 : 0 : 0 : 0 : 2 : 2 : 0.8 ：0
cfg80211_wext_freq : 1 : 8 : 7288.192131081121 : 0 : 2 : 1 : 1 : 0 : 1 : 2 : 0.8 ：0
cfg80211_wext_giwrange : 4 : 16 : 68641.7389373118 : 0 : 1 : 4 : 0 : 0 : 6 : 4 : 0.6 ：0
cfg80211_set_encryption : 8 : 69 : 180762.3453006897 : 0 : 2 : 10 : 2 : 0 : 6 : 4 : 0.6 ：0
cfg80211_wext_giwfrag : 4 : 1 : 1534.1115506926383 : 0 : 1 : 0 : 0 : 0 : 2 : 1 : 1.0 ：0
cfg80211_wext_giwrts : 4 : 1 : 1534.1115506926383 : 0 : 1 : 0 : 0 : 0 : 2 : 1 : 1.0 ：0
cfg80211_wext_siwmode : 4 : 5 : 5958.295763269362 : 0 : 1 : 5 : 0 : 0 : 7 : 2 : 0.8 ：1
cfg80211_wext_giwmode : 4 : 8 : 4299.173687619897 : 0 : 1 : 0 : 0 : 0 : 2 : 2 : 1.0 ：0
