choke_zap_tail_holes : 1 : 4 : 1697.3390336284915 : 3363 : 3 : 0 : 2 : 0 : 0 : 2 : 1.0 ：0
choke_dump_stats : 2 : 1 : 5259.090909090909 : 3363 : 1 : 2 : 0 : 0 : 1 : 2 : 1.0 ：0
choke_enqueue : 3 : 17 : 49045.09379885536 : 3363 : 1 : 34 : 0 : 1 : 6 : 5 : 0.3999999999999999 ：0
choke_zap_head_holes : 1 : 4 : 1916.6476026670955 : 3363 : 3 : 0 : 3 : 0 : 0 : 2 : 1.0 ：0
choke_dequeue : 0 : 3 : 6084.04761904762 : 3363 : 1 : 6 : 0 : 0 : 4 : 2 : 1.0 ：0
choke_change : 3 : 14 : 58553.62759265344 : 3363 : 2 : 18 : 1 : 0 : 9 : 5 : 0.3999999999999999 ：0
choke_peek_random : 0 : 4 : 3467.5188791888354 : 3363 : 3 : 2 : 2 : 0 : 3 : 2 : 1.0 ：0
choke_dump : 2 : 6 : 10771.068624170057 : 1629 : 1 : 6 : 0 : 0 : 4 : 2 : 1.0 ：0
choke_reset : 1 : 3 : 8919.417674495262 : 3363 : 1 : 4 : 0 : 0 : 2 : 2 : 1.0 ：1
choke_match_flow : 2 : 4 : 7545.772560855832 : 3363 : 3 : 6 : 2 : 0 : 2 : 2 : 1.0 ：0
choke_match_random : 3 : 2 : 1055.8561940127386 : 3363 : 2 : 10 : 1 : 0 : 2 : 1 : 1.0 ：0
choke_drop_by_idx : 3 : 3 : 5074.301796074061 : 3363 : 2 : 7 : 1 : 0 : 2 : 1 : 1.0 ：0
