sch_atm_pop : 2 : 1 : 2703.719414489556 : 5551 : 2 : 3 : 1 : 0 : 1 : 1 : 1.0 ：0
atm_tc_dump_class_stats : 3 : 3 : 2015.2937870625692 : 5551 : 1 : 3 : 0 : 0 : 1 : 1 : 1.0 ：0
atm_tc_dump_class : 4 : 16 : 28434.557322113695 : 5551 : 1 : 10 : 0 : 0 : 11 : 2 : 0.8 ：0
atm_tc_destroy : 1 : 2 : 6600.504069689479 : 5551 : 1 : 17 : 0 : 0 : 1 : 2 : 0.8 ：0
atm_tc_tcf_block : 0 : 1 : 2989.486926750838 : 1138 : 1 : 2 : 0 : 0 : 2 : 1 : 1.0 ：0
atm_tc_change : 6 : 29 : 112117.88862270798 : 5551 : 1 : 28 : 0 : 0 : 14 : 3 : 0.3999999999999999 ：0
atm_tc_init : 3 : 3 : 17845.77230961584 : 5551 : 1 : 27 : 0 : 0 : 3 : 1 : 1.0 ：1
atm_tc_enqueue : 3 : 25 : 48583.84884651707 : 5551 : 1 : 20 : 0 : 0 : 10 : 4 : 0.3999999999999999 ：0
atm_tc_dequeue : 0 : 2 : 3196.199749646092 : 5551 : 1 : 4 : 0 : 0 : 3 : 1 : 1.0 ：0
sch_atm_dequeue : 1 : 7 : 27090.04688840427 : 5551 : 2 : 19 : 1 : 0 : 5 : 4 : 0.6 ：0
atm_tc_delete : 2 : 9 : 11006.633572073024 : 5551 : 1 : 15 : 0 : 0 : 2 : 2 : 0.8 ：0
atm_tc_bind_filter : 3 : 2 : 4845.5008655094625 : 5551 : 1 : 5 : 0 : 0 : 1 : 1 : 1.0 ：0
atm_tc_reset : 1 : 1 : 2599.3607286736706 : 5551 : 1 : 4 : 0 : 0 : 2 : 1 : 1.0 ：0
atm_tc_walk : 2 : 4 : 5929.350716727645 : 5551 : 1 : 3 : 0 : 0 : 2 : 3 : 1.0 ：0
atm_tc_peek : 0 : 1 : 2111.2808400650406 : 4258 : 1 : 2 : 0 : 0 : 1 : 1 : 1.0 ：0
atm_tc_put : 2 : 5 : 15031.830061319022 : 1037 : 0 : 9 : 3 : 0 : 2 : 2 : 0.6 ：0
atm_tc_find : 2 : 1 : 3405.700360794697 : 1037 : 2 : 5 : 2 : 0 : 1 : 1 : 1.0 ：0
atm_tc_leaf : 0 : 1 : 1251.8104654919468 : 5551 : 1 : 1 : 0 : 0 : 1 : 1 : 1.0 ：0
lookup_flow : 0 : 2 : 1381.8374574698414 : 1037 : 3 : 2 : 5 : 0 : 4 : 2 : 1.0 ：0
atm_tc_graft : 5 : 4 : 6576.762289517232 : 5551 : 1 : 4 : 0 : 0 : 2 : 1 : 1.0 ：0
