sg_set_reserved_size : 2 : 3 : 1630.8948705570886 : 329 : 2 : 3 : 1 : 0 : 1 : 1 : 1.0 ：0
scsi_ioctl_block_when_processing_errors : 3 : 5 : 879.6785953132278 : 2780 : 1 : 2 : 0 : 0 : 0 : 2 : 1.0 ：0
scsi_cmd_allowed : 2 : 79 : 18509.31315982667 : 329 : 5 : 1 : 8 : 0 : 3 : 2 : 0.6 ：0
scsi_get_cdrom_generic_arg : 2 : 4 : 9762.230953111299 : 329 : 3 : 4 : 2 : 0 : 1 : 3 : 1.0 ：0
scsi_send_start_stop : 2 : 1 : 914.1510636158296 : 329 : 2 : 6 : 1 : 0 : 0 : 2 : 1.0 ：0
scsi_put_cdrom_generic_arg : 2 : 4 : 8615.133503408877 : 329 : 3 : 3 : 2 : 0 : 0 : 3 : 1.0 ：0
scsi_fill_sghdr_rq : 4 : 7 : 6483.462644889431 : 329 : 4 : 5 : 5 : 0 : 1 : 1 : 0.8 ：0
sg_io : 3 : 20 : 29339.551099477485 : 329 : 3 : 28 : 4 : 0 : 13 : 2 : 0.3999999999999999 ：1
scsi_complete_sghdr_rq : 3 : 9 : 12286.300242602327 : 329 : 4 : 7 : 5 : 0 : 3 : 2 : 0.8 ：0
put_sg_io_hdr : 2 : 4 : 17708.62725228662 : 329 : 3 : 2 : 2 : 0 : 0 : 3 : 1.0 ：0
scsi_cdrom_send_packet : 3 : 10 : 20109.654008243393 : 329 : 2 : 41 : 1 : 0 : 5 : 2 : 0.6 ：0
get_sg_io_hdr : 2 : 4 : 21615.22922238252 : 329 : 3 : 3 : 2 : 0 : 1 : 3 : 1.0 ：0
scsi_ioctl_sg_io : 3 : 4 : 2488.3628431996117 : 329 : 2 : 36 : 1 : 0 : 5 : 1 : 1.0 ：0
scsi_get_idlun : 2 : 2 : 2834.634220446991 : 329 : 2 : 1 : 1 : 0 : 0 : 2 : 1.0 ：0
sg_scsi_ioctl : 3 : 34 : 44685.87866089971 : 329 : 2 : 17 : 1 : 0 : 10 : 3 : 0.19999999999999996 ：0
scsi_ioctl : 4 : 32 : 29852.055751670247 : 329 : 1 : 144 : 2 : 0 : 2 : 2 : 0.6 ：0
ioctl_probe : 2 : 7 : 6624.468209317308 : 6133 : 2 : 3 : 1 : 0 : 1 : 3 : 0.8 ：0
ioctl_internal_command : 4 : 12 : 20816.999361568556 : 329 : 3 : 5 : 4 : 0 : 4 : 4 : 0.6 ：0
sg_set_timeout : 2 : 2 : 700.5474002423084 : 329 : 2 : 2 : 1 : 0 : 1 : 1 : 1.0 ：0
sg_get_reserved_size : 2 : 1 : 540.4222801869237 : 329 : 2 : 3 : 1 : 0 : 0 : 1 : 1.0 ：0
scsi_ioctl_get_pci : 2 : 2 : 2362.028026084646 : 6276 : 2 : 5 : 1 : 0 : 2 : 1 : 1.0 ：0
scsi_set_medium_removal : 2 : 4 : 4885.386043856936 : 6276 : 2 : 6 : 1 : 0 : 2 : 1 : 1.0 ：0
