rds_atomic_free_op : 1 : 4 : 2393.3116213542135 : 4920 : 1 : 3 : 0 : 0 : 1 : 1 : 1.0 ：0
rds_get_mr : 3 : 3 : 1755.7419344234845 : 1313 : 1 : 1 : 0 : 0 : 1 : 1 : 1.0 ：0
rds_cmsg_rdma_dest : 3 : 5 : 10083.624943957535 : 5479 : 1 : 12 : 0 : 0 : 4 : 2 : 0.8 ：0
rds_cmsg_rdma_args : 4 : 43 : 176982.4456337848 : 5479 : 1 : 31 : 0 : 0 : 23 : 4 : 0.3999999999999999 ：0
rds_rdma_pages : 2 : 5 : 6652.886154514178 : 4920 : 2 : 1 : 1 : 0 : 2 : 2 : 1.0 ：0
rds_cmsg_rdma_map : 3 : 3 : 1251.2861847798602 : 5479 : 1 : 2 : 0 : 0 : 0 : 1 : 1.0 ：0
rds_pin_pages : 4 : 4 : 1829.4000377877412 : 4920 : 2 : 2 : 2 : 0 : 2 : 2 : 1.0 ：0
rds_rdma_unuse : 3 : 7 : 15923.261809930036 : 5479 : 1 : 12 : 0 : 0 : 2 : 2 : 0.6 ：0
rds_rdma_free_op : 1 : 6 : 7269.715711202884 : 5479 : 2 : 4 : 1 : 0 : 1 : 3 : 1.0 ：0
rds_rdma_extra_size : 2 : 9 : 21492.894372460007 : 4920 : 1 : 3 : 0 : 0 : 2 : 2 : 0.8 ：0
rds_cmsg_atomic : 3 : 19 : 76103.01842439541 : 4920 : 1 : 16 : 0 : 0 : 9 : 3 : 0.3999999999999999 ：0
__rds_rdma_map : 5 : 46 : 157272.7184453102 : 5233 : 0 : 0 : 0 : 2 : 19 : 3 : 0.3999999999999999 ：1
__rds_put_mr_final : 1 : 1 : 648.0 : 1420 : 0 : 0 : 0 : 0 : 1 : 1 : 1.0 ：0
rds_free_mr : 3 : 10 : 12756.747762897714 : 1313 : 1 : 12 : 0 : 0 : 2 : 2 : 0.6 ：0
rds_get_mr_for_dest : 3 : 3 : 5549.351668826618 : 1313 : 1 : 1 : 0 : 0 : 2 : 1 : 1.0 ：0
rds_rdma_drop_keys : 1 : 5 : 8642.60767273824 : 5479 : 1 : 7 : 0 : 0 : 2 : 2 : 0.8 ：0
rds_pages_in_vec : 1 : 3 : 2039.0052064529207 : 4868 : 3 : 0 : 4 : 0 : 0 : 1 : 1.0 ：0
rds_mr_tree_walk : 0 : 6 : 6628.695652173914 : 5479 : 2 : 4 : 3 : 0 : 5 : 2 : 1.0 ：0
rds_destroy_mr : 1 : 3 : 4481.101472577494 : 1420 : 0 : 0 : 0 : 0 : 2 : 1 : 0.8 ：0
__rds_send_complete : 3 : 7 : 6859.790964001258 : 3108 : 0 : 0 : 0 : 0 : 2 : 2 : 1.0 ：0
rds_atomic_send_complete : 2 : 6 : 6768.708941226324 : 4920 : 1 : 10 : 0 : 0 : 3 : 2 : 0.8 ：0
rds_send_mprds_hash : 3 : 11 : 11627.903187115822 : 2784 : 2 : 27 : 1 : 0 : 2 : 3 : 0.8 ：0
rds_cmsg_send : 5 : 18 : 19289.365612620364 : 5479 : 2 : 9 : 1 : 0 : 3 : 3 : 0.6 ：0
rds_send_ping : 2 : 2 : 3474.1301626587956 : 2784 : 3 : 24 : 2 : 0 : 1 : 2 : 0.8 ：0
rds_rdma_bytes : 2 : 5 : 4058.2887230068573 : 2612 : 2 : 4 : 1 : 0 : 2 : 3 : 0.8 ：0
rds_send_remove_from_sock : 2 : 19 : 26641.451091531122 : 4878 : 3 : 20 : 4 : 0 : 7 : 4 : 0.3999999999999999 ：0
rds_send_drop_to : 2 : 9 : 44217.06792226332 : 5479 : 1 : 23 : 0 : 0 : 2 : 3 : 0.3999999999999999 ：0
rds_send_sndbuf_remove : 2 : 2 : 1227.151728134192 : 5479 : 4 : 4 : 6 : 0 : 1 : 1 : 0.8 ：0
rds_cmsg_zcopy : 3 : 3 : 1432.8007814753614 : 2202 : 3 : 2 : 2 : 0 : 1 : 1 : 1.0 ：0
rds_rm_size : 3 : 19 : 31342.91792223498 : 4920 : 2 : 6 : 1 : 0 : 7 : 5 : 0.6 ：0
rds_send_probe : 4 : 9 : 24186.82285354776 : 2784 : 4 : 20 : 4 : 0 : 7 : 2 : 0.3999999999999999 ：0
rds_send_queue_rm : 7 : 7 : 33303.19960713166 : 5479 : 2 : 15 : 1 : 0 : 3 : 2 : 0.3999999999999999 ：0
rds_rdma_send_complete : 2 : 6 : 6768.708941226324 : 4920 : 1 : 10 : 0 : 0 : 3 : 2 : 0.8 ：0
rds_sendmsg : 3 : 97 : 274434.55228039704 : 1897 : 1 : 168 : 0 : 2 : 47 : 6 : 0.3999999999999999 ：1
rds_send_path_drop_acked : 3 : 3 : 4438.388878217762 : 2814 : 2 : 31 : 1 : 0 : 0 : 2 : 0.8 ：0
rds_send_path_reset : 1 : 2 : 11749.126421720084 : 2814 : 1 : 7 : 0 : 0 : 0 : 2 : 0.8 ：0
rds_send_xmit : 1 : 81 : 334862.7217270342 : 3054 : 2 : 58 : 1 : 0 : 15 : 5 : 0.3999999999999999 ：0
release_in_xmit : 1 : 2 : 2973.243302289963 : 2245 : 3 : 4 : 2 : 0 : 0 : 1 : 1.0 ：0
