rxrpc_clean_up_local_conns : 1 : 3 : 7302.565364413932 : 381 : 1 : 21 : 0 : 0 : 1 : 3 : 0.8 ：0
rxrpc_expose_client_call : 1 : 3 : 6430.896557849073 : 1482 : 1 : 3 : 0 : 0 : 2 : 2 : 1.0 ：0
rxrpc_disconnect_client_call : 2 : 20 : 65388.71966942402 : 1482 : 2 : 64 : 1 : 0 : 7 : 3 : 0.3999999999999999 ：0
rxrpc_kill_client_conn : 1 : 1 : 1912.8212216187096 : 6 : 2 : 8 : 1 : 0 : 2 : 1 : 1.0 ：0
rxrpc_destroy_all_client_connections : 1 : 2 : 1100.6607038495904 : 1482 : 1 : 4 : 0 : 0 : 0 : 1 : 0.8 ：0
rxrpc_put_client_conn : 1 : 2 : 2345.3811711254 : 1482 : 1 : 12 : 0 : 0 : 2 : 2 : 1.0 ：0
rxrpc_set_client_reap_timer : 1 : 3 : 1220.5152038546482 : 1025 : 3 : 1 : 2 : 0 : 0 : 2 : 1.0 ：0
rxrpc_activate_channels : 1 : 2 : 1298.0943890476171 : 1197 : 3 : 27 : 2 : 0 : 0 : 1 : 0.8 ：0
rxrpc_activate_channels_locked : 1 : 6 : 9780.929740749802 : 1197 : 4 : 23 : 5 : 0 : 1 : 2 : 0.8 ：0
rxrpc_wait_for_channel : 3 : 12 : 8871.403200027482 : 6 : 2 : 50 : 1 : 0 : 3 : 3 : 0.6 ：0
rxrpc_discard_expired_client_conns : 1 : 16 : 37754.221513482225 : 1208 : 2 : 24 : 1 : 0 : 4 : 2 : 0.3999999999999999 ：0
rxrpc_maybe_add_conn : 2 : 14 : 13244.02161181447 : 6 : 3 : 13 : 2 : 0 : 3 : 2 : 0.6 ：0
rxrpc_connect_call : 5 : 9 : 12229.104530773442 : 6 : 1 : 177 : 0 : 0 : 8 : 2 : 0.6 ：0
rxrpc_unidle_conn : 2 : 4 : 2624.815787443452 : 6 : 5 : 5 : 6 : 0 : 2 : 3 : 0.6 ：0
rxrpc_activate_one_channel : 2 : 2 : 33244.18908012285 : 6 : 5 : 13 : 8 : 0 : 3 : 1 : 0.3999999999999999 ：0
rxrpc_unbundle_conn : 1 : 10 : 23426.119690763662 : 0 : 3 : 10 : 3 : 0 : 4 : 3 : 0.6 ：1
rxrpc_prep_call : 0 : 7 : 13182.233694402037 : 6 : 2 : 23 : 1 : 0 : 4 : 1 : 0.6 ：0
rxrpc_alloc_client_connection : 0 : 8 : 18843.391663333492 : 1531 : 1 : 29 : 0 : 0 : 7 : 2 : 0.3999999999999999 ：0
rxrpc_alloc_bundle : 0 : 2 : 2229.8132767635557 : 6 : 4 : 5 : 3 : 0 : 2 : 2 : 0.8 ：0
rxrpc_may_reuse_conn : 1 : 12 : 10804.512489063238 : 6 : 4 : 5 : 5 : 0 : 7 : 1 : 0.8 ：0
rxrpc_look_up_bundle : 0 : 14 : 55873.45346632567 : 6 : 3 : 17 : 2 : 0 : 8 : 2 : 0.3999999999999999 ：0
rxrpc_destroy_client_conn_ids : 1 : 2 : 1557.5829947466639 : 1531 : 1 : 6 : 0 : 0 : 2 : 3 : 1.0 ：0
rxrpc_put_bundle : 1 : 2 : 1597.642200726925 : 6 : 4 : 3 : 5 : 0 : 0 : 2 : 1.0 ：0
rxrpc_get_client_connection_id : 2 : 3 : 6907.240109000003 : 1531 : 2 : 6 : 1 : 0 : 4 : 1 : 0.8 ：0
rxrpc_put_client_connection_id : 1 : 2 : 650.0629785712566 : 1531 : 3 : 4 : 3 : 0 : 0 : 2 : 0.8 ：0
