copy_mc_fragile_handle_tail : 3 : 3 : 826.5758190084018 : 1316 : 1 : 1 : 0 : 0 : 1 : 1 : 1.0 ：0
copy_mc_to_kernel : 3 : 3 : 985.1447815907462 : 1316 : 1 : 4 : 0 : 0 : 0 : 1 : 1.0 ：0
copy_mc_to_user : 3 : 3 : 3478.3253914244074 : 1316 : 1 : 4 : 0 : 0 : 2 : 2 : 1.0 ：1
