rfcomm_sock_debugfs_show : 2 : 1 : 2248.248054715176 : 1195 : 1 : 5 : 0 : 0 : 1 : 2 : 0.8 ：0
rfcomm_cleanup_sockets : 1 : 1 : 281.2961228838133 : 6189 : 1 : 4 : 0 : 0 : 0 : 1 : 1.0 ：0
rfcomm_sock_accept : 4 : 11 : 13630.076720489109 : 6189 : 1 : 12 : 0 : 0 : 6 : 3 : 0.6 ：0
rfcomm_sock_shutdown : 2 : 6 : 4648.695652173913 : 6189 : 2 : 5 : 1 : 0 : 3 : 2 : 1.0 ：0
rfcomm_sock_listen : 2 : 10 : 11873.262459238578 : 6189 : 1 : 6 : 0 : 0 : 8 : 3 : 0.6 ：0
rfcomm_init_sockets : 1 : 7 : 5199.763459121172 : 6189 : 1 : 10 : 0 : 0 : 5 : 2 : 0.8 ：0
rfcomm_sock_setsockopt_old : 4 : 7 : 7006.712983987458 : 4777 : 2 : 5 : 1 : 0 : 4 : 3 : 0.8 ：0
rfcomm_connect_ind : 3 : 9 : 15001.350350529454 : 6189 : 1 : 66 : 0 : 0 : 4 : 2 : 0.6 ：0
rfcomm_sock_getsockopt : 5 : 11 : 12393.940478386807 : 4777 : 1 : 22 : 0 : 0 : 3 : 3 : 0.6 ：0
rfcomm_sock_getsockopt_old : 4 : 13 : 19389.74364310126 : 4777 : 2 : 11 : 1 : 0 : 6 : 3 : 0.6 ：0
rfcomm_sock_release : 1 : 2 : 2279.8752258527347 : 6189 : 1 : 15 : 0 : 0 : 3 : 1 : 1.0 ：0
rfcomm_sock_setsockopt : 5 : 12 : 15745.649638479656 : 4777 : 1 : 15 : 0 : 0 : 6 : 3 : 0.6 ：0
rfcomm_sock_getname : 3 : 6 : 6618.089001996623 : 6189 : 1 : 4 : 0 : 0 : 2 : 1 : 1.0 ：0
rfcomm_sock_ioctl : 3 : 2 : 3595.430114762385 : 887 : 2 : 5 : 1 : 0 : 2 : 2 : 1.0 ：0
rfcomm_sock_recvmsg : 4 : 5 : 5289.641737078453 : 6189 : 1 : 9 : 0 : 0 : 4 : 2 : 0.8 ：0
rfcomm_sock_sendmsg : 3 : 7 : 8508.260757348628 : 6189 : 1 : 11 : 0 : 0 : 6 : 1 : 0.8 ：0
rfcomm_sock_bind : 3 : 10 : 13894.356350475276 : 6189 : 1 : 11 : 0 : 0 : 5 : 2 : 0.6 ：0
rfcomm_sock_connect : 4 : 9 : 12548.334818393236 : 6189 : 1 : 8 : 0 : 0 : 7 : 2 : 0.8 ：1
__rfcomm_sock_close : 1 : 6 : 2889.9880758062523 : 6189 : 0 : 0 : 0 : 0 : 1 : 2 : 1.0 ：0
rfcomm_sock_alloc : 0 : 3 : 7601.231205955901 : 6189 : 2 : 41 : 2 : 0 : 5 : 2 : 0.8 ：0
rfcomm_sock_destruct : 1 : 3 : 4247.046338030433 : 6189 : 3 : 6 : 3 : 0 : 1 : 1 : 0.8 ：0
rfcomm_sk_data_ready : 2 : 3 : 2159.9902987128357 : 6189 : 3 : 4 : 3 : 0 : 1 : 1 : 1.0 ：0
__rfcomm_get_listen_sock_by_addr : 0 : 5 : 2709.8300639598388 : 2958 : 0 : 0 : 0 : 0 : 1 : 2 : 1.0 ：0
rfcomm_get_sock_by_channel : 0 : 6 : 6174.083511337839 : 4134 : 2 : 5 : 1 : 0 : 1 : 3 : 0.6 ：0
rfcomm_sock_init : 2 : 2 : 7162.416720371134 : 6189 : 2 : 5 : 2 : 0 : 1 : 2 : 1.0 ：0
rfcomm_sock_kill : 1 : 3 : 2041.9170474742268 : 6189 : 4 : 6 : 6 : 0 : 0 : 1 : 0.8 ：0
rfcomm_sock_cleanup_listen : 1 : 2 : 2053.5337142621647 : 6189 : 0 : 0 : 0 : 0 : 1 : 2 : 1.0 ：0
rfcomm_sock_create : 4 : 4 : 2767.4807237330315 : 6189 : 1 : 49 : 0 : 0 : 1 : 1 : 1.0 ：0
rfcomm_sk_state_change : 2 : 8 : 10654.202934888272 : 6189 : 3 : 18 : 3 : 0 : 1 : 3 : 0.6 ：0
