ieee80211_runtime_change_iftype : 2 : 16 : 18961.522481110616 : 3781 : 2 : 348 : 1 : 0 : 5 : 2 : 0.6 ：1
ieee80211_do_open : 2 : 79 : 211083.74471967146 : 3781 : 3 : 139 : 3 : 4 : 13 : 4 : 0.3999999999999999 ：0
ieee80211_if_change_type : 2 : 5 : 4963.850648639694 : 4555 : 1 : 410 : 0 : 0 : 2 : 2 : 0.8 ：0
ieee80211_if_add : 6 : 24 : 139075.14070563437 : 4651 : 1 : 104 : 0 : 0 : 11 : 3 : 0.3999999999999999 ：0
ieee80211_vif_inc_num_mcast : 1 : 4 : 1476.6033564186325 : 1543 : 1 : 1 : 0 : 0 : 0 : 1 : 1.0 ：0
ieee80211_vif_dec_num_mcast : 1 : 4 : 1476.6033564186325 : 1543 : 1 : 1 : 0 : 0 : 0 : 1 : 1.0 ：0
ieee80211_assign_perm_addr : 3 : 26 : 139460.51925305216 : 3057 : 2 : 11 : 1 : 0 : 6 : 5 : 0.3999999999999999 ：0
ieee80211_iface_work : 1 : 36 : 71889.4848144374 : 1573 : 5 : 34 : 15 : 0 : 10 : 5 : 0.19999999999999996 ：0
ieee80211_recalc_smps_work : 1 : 1 : 491.1519605907852 : 2999 : 4 : 2 : 5 : 0 : 0 : 1 : 1.0 ：0
ieee80211_if_setup : 1 : 1 : 620.8856055859264 : 1668 : 3 : 3 : 3 : 0 : 0 : 1 : 1.0 ：0
ieee80211_if_remove : 1 : 3 : 2905.9559043581294 : 4651 : 1 : 15 : 0 : 0 : 0 : 2 : 0.8 ：0
ieee80211_add_virtual_monitor : 1 : 8 : 23492.834533479258 : 3095 : 4 : 58 : 9 : 0 : 5 : 2 : 0.19999999999999996 ：0
netdev_notify : 3 : 5 : 3532.5671600472233 : 4029 : 1 : 4 : 0 : 0 : 6 : 1 : 1.0 ：0
ieee80211_remove_interfaces : 1 : 5 : 14665.62964564275 : 4555 : 1 : 15 : 0 : 0 : 0 : 2 : 0.8 ：0
ieee80211_del_virtual_monitor : 1 : 3 : 5195.54347826087 : 3095 : 4 : 11 : 9 : 0 : 1 : 2 : 0.6 ：0
ieee80211_setup_sdata : 2 : 17 : 61533.16636270785 : 3781 : 3 : 52 : 4 : 0 : 0 : 2 : 0.8 ：0
ieee80211_recalc_offload : 1 : 3 : 1629.4857689555784 : 106 : 4 : 15 : 4 : 0 : 1 : 2 : 0.8 ：0
ieee80211_adjust_monitor_flags : 2 : 4 : 3472.558081914004 : 3742 : 4 : 1 : 9 : 0 : 2 : 2 : 0.8 ：0
ieee80211_set_default_queues : 1 : 5 : 6835.500000000001 : 3187 : 5 : 1 : 11 : 0 : 2 : 2 : 0.8 ：0
ieee80211_recalc_sdata_offload : 1 : 4 : 2838.9867017449283 : 106 : 5 : 9 : 5 : 0 : 2 : 2 : 1.0 ：0
ieee80211_set_vif_encap_ops : 1 : 7 : 5925.366070807656 : 106 : 6 : 3 : 12 : 0 : 3 : 2 : 0.6 ：0
ieee80211_monitor_select_queue : 3 : 5 : 10489.755279712723 : 4014 : 1 : 7 : 0 : 0 : 5 : 1 : 1.0 ：0
ieee80211_set_sdata_offload_flags : 1 : 7 : 6535.6600136406605 : 106 : 6 : 2 : 12 : 0 : 4 : 2 : 0.6 ：0
ieee80211_stop : 1 : 1 : 399.66303336669984 : 386 : 1 : 128 : 0 : 0 : 1 : 1 : 1.0 ：0
ieee80211_teardown_sdata : 1 : 3 : 3368.263791110671 : 3781 : 3 : 4 : 5 : 0 : 1 : 1 : 1.0 ：0
ieee80211_iftype_supports_encap_offload : 1 : 3 : 618.23151871761 : 106 : 7 : 0 : 26 : 0 : 2 : 2 : 0.8 ：0
ieee80211_do_stop : 2 : 50 : 221870.60622526854 : 3057 : 3 : 126 : 4 : 0 : 7 : 4 : 0.3999999999999999 ：0
ieee80211_set_multicast_list : 1 : 3 : 5626.209634879267 : 386 : 1 : 6 : 0 : 0 : 2 : 2 : 0.8 ：0
ieee80211_open : 1 : 4 : 2575.020337256844 : 386 : 1 : 151 : 0 : 0 : 3 : 1 : 1.0 ：0
ieee80211_check_queues : 2 : 12 : 14463.871330107571 : 3187 : 5 : 2 : 16 : 0 : 2 : 3 : 0.6 ：0
identical_mac_addr_allowed : 2 : 9 : 1386.0789915665634 : 4491 : 4 : 0 : 4 : 0 : 0 : 1 : 1.0 ：0
ieee80211_check_concurrent_iface : 2 : 17 : 25713.599295811528 : 3781 : 3 : 8 : 3 : 0 : 4 : 3 : 0.3999999999999999 ：0
ieee80211_verify_mac : 3 : 7 : 46866.0032442454 : 2957 : 2 : 4 : 1 : 0 : 6 : 3 : 0.6 ：0
__ieee80211_recalc_idle : 2 : 11 : 5730.736844680395 : 2826 : 0 : 0 : 0 : 0 : 0 : 1 : 1.0 ：0
ieee80211_change_mac : 2 : 6 : 5377.056842384896 : 386 : 1 : 9 : 0 : 0 : 6 : 1 : 0.8 ：0
__ieee80211_idle_on : 1 : 2 : 1181.1955161565036 : 2826 : 0 : 0 : 0 : 0 : 1 : 1 : 1.0 ：0
__ieee80211_idle_off : 1 : 2 : 842.6304647237573 : 2826 : 0 : 0 : 0 : 0 : 1 : 1 : 1.0 ：0
__ieee80211_recalc_txpower : 1 : 5 : 7158.900850726882 : 2986 : 0 : 0 : 0 : 0 : 5 : 2 : 0.6 ：0
