vlan_sync_address : 2 : 8 : 12684.925240127974 : 5872 : 2 : 6 : 1 : 0 : 2 : 1 : 0.8 ：0
vlan_check_real_dev : 4 : 3 : 2777.941007221638 : 5873 : 4 : 3 : 3 : 0 : 1 : 2 : 1.0 ：0
unregister_vlan_dev : 2 : 4 : 9597.481537544207 : 5031 : 3 : 12 : 3 : 0 : 5 : 2 : 1.0 ：0
vlan_proto_init : 1 : 11 : 4709.606315196853 : 5671 : 1 : 72 : 0 : 0 : 7 : 1 : 0.8 ：0
vlan_ioctl_handler : 2 : 32 : 82657.99120771504 : 5671 : 2 : 60 : 1 : 0 : 7 : 3 : 0.19999999999999996 ：0
vlan_init_net : 1 : 1 : 869.6788497101948 : 5593 : 1 : 2 : 0 : 0 : 3 : 1 : 1.0 ：0
vlan_group_prealloc_vid : 3 : 4 : 8347.307370461522 : 5613 : 5 : 4 : 4 : 0 : 2 : 1 : 1.0 ：0
register_vlan_dev : 2 : 15 : 26721.27294892507 : 5031 : 4 : 21 : 3 : 0 : 13 : 2 : 0.6 ：0
register_vlan_device : 2 : 12 : 37147.55172003019 : 5671 : 3 : 34 : 2 : 0 : 8 : 2 : 0.3999999999999999 ：0
vlan_device_event : 3 : 38 : 76585.02054505865 : 5607 : 1 : 53 : 0 : 0 : 13 : 4 : 0.6 ：1
vlan_transfer_features : 2 : 3 : 5263.715602808821 : 5559 : 2 : 5 : 1 : 0 : 1 : 1 : 1.0 ：0
vlan_cleanup_module : 1 : 2 : 712.4610080789796 : 6689 : 1 : 7 : 0 : 0 : 0 : 1 : 1.0 ：0
__vlan_device_event : 2 : 4 : 1252.124310918796 : 5607 : 0 : 0 : 0 : 0 : 2 : 2 : 1.0 ：0
