wake_userfault : 2 : 6 : 7915.616294899867 : 0 : 3 : 5 : 16 : 0 : 2 : 2 : 0.6 ：0
__wake_userfault : 2 : 3 : 2872.5241624189334 : 0 : 0 : 0 : 0 : 0 : 0 : 1 : 0.8 ：0
validate_range : 3 : 2 : 358.94557347153267 : 0 : 3 : 1 : 18 : 0 : 0 : 1 : 0.8 ：0
userfaultfd_ctx_read : 4 : 17 : 98330.7743899073 : 0 : 2 : 45 : 1 : 0 : 4 : 4 : 0.3999999999999999 ：0
find_userfault_in : 0 : 3 : 3035.363788579245 : 0 : 4 : 5 : 6 : 0 : 4 : 1 : 0.8 ：0
validate_unaligned_range : 3 : 7 : 4057.9293010241086 : 0 : 4 : 0 : 21 : 0 : 1 : 1 : 0.6 ：0
userfaultfd_read : 4 : 8 : 10973.618696489615 : 0 : 1 : 49 : 0 : 0 : 4 : 2 : 0.8 ：0
userfaultfd_poll : 2 : 7 : 8617.959260516287 : 0 : 1 : 5 : 0 : 0 : 5 : 1 : 0.6 ：0
userfaultfd_remove : 3 : 3 : 5513.995864828041 : 0 : 1 : 35 : 0 : 0 : 5 : 1 : 1.0 ：0
userfaultfd_release : 2 : 7 : 24237.29608485562 : 0 : 1 : 25 : 0 : 0 : 4 : 3 : 0.6 ：1
userfaultfd_get_blocking_state : 1 : 3 : 291.409627803611 : 0 : 2 : 0 : 1 : 0 : 3 : 1 : 1.0 ：0
dup_userfaultfd_complete : 1 : 1 : 1040.813280360001 : 0 : 1 : 35 : 0 : 0 : 0 : 2 : 1.0 ：0
userfaultfd_unmap_complete : 2 : 1 : 5015.543173082708 : 0 : 1 : 34 : 0 : 0 : 1 : 2 : 1.0 ：0
handle_userfault : 2 : 40 : 111383.36735519499 : 0 : 1 : 68 : 0 : 0 : 14 : 3 : 0.3999999999999999 ：0
dup_userfaultfd : 2 : 7 : 14689.024691258086 : 0 : 1 : 15 : 0 : 0 : 2 : 3 : 0.6 ：0
has_unmap_ctx : 4 : 4 : 1361.4987764901102 : 0 : 2 : 1 : 1 : 0 : 3 : 1 : 1.0 ：0
userfaultfd_unmap_prep : 4 : 5 : 4708.681809555479 : 0 : 1 : 7 : 0 : 0 : 2 : 1 : 1.0 ：0
userfaultfd_huge_must_wait : 3 : 7 : 5476.2782711886575 : 0 : 2 : 6 : 1 : 0 : 4 : 1 : 0.8 ：0
resolve_userfault_fork : 3 : 2 : 2388.4289974124467 : 0 : 3 : 1 : 2 : 0 : 2 : 1 : 1.0 ：0
mremap_userfaultfd_prep : 2 : 4 : 3403.509532210914 : 0 : 1 : 7 : 0 : 0 : 1 : 2 : 1.0 ：0
userfaultfd_must_wait : 3 : 22 : 17895.456219541473 : 0 : 2 : 19 : 1 : 0 : 15 : 2 : 0.6 ：0
msg_init : 1 : 1 : 1313.3124037352843 : 0 : 3 : 2 : 7 : 0 : 0 : 1 : 0.8 ：0
mremap_userfaultfd_complete : 4 : 3 : 5867.239183606186 : 0 : 1 : 38 : 0 : 0 : 2 : 2 : 1.0 ：0
dup_fctx : 1 : 1 : 2129.152193111302 : 0 : 2 : 31 : 1 : 0 : 2 : 1 : 1.0 ：0
userfaultfd_wp_unpopulated : 1 : 2 : 602.4333564519993 : 0 : 1 : 0 : 0 : 0 : 2 : 1 : 1.0 ：0
userfault_msg : 5 : 5 : 10993.958978297946 : 0 : 2 : 4 : 1 : 0 : 2 : 1 : 0.8 ：0
userfaultfd_event_wait_completion : 2 : 12 : 27629.85233070439 : 0 : 3 : 27 : 5 : 0 : 5 : 4 : 0.3999999999999999 ：0
userfaultfd_wake_function : 4 : 6 : 14948.253187425984 : 0 : 2 : 4 : 1 : 0 : 5 : 2 : 1.0 ：0
userfaultfd_set_vm_flags : 2 : 4 : 2755.407252229883 : 0 : 4 : 2 : 13 : 0 : 1 : 1 : 0.8 ：0
userfaultfd_ctx_put : 1 : 2 : 5427.786489824311 : 0 : 4 : 6 : 11 : 0 : 0 : 2 : 0.6 ：0
