btrfs_lookup_csums_bitmap : 5 : 23 : 91305.50199879229 : 46 : 1 : 20 : 0 : 0 : 12 : 3 : 0.6 ：0
btrfs_lookup_csum : 0 : 14 : 31367.484442828307 : 46 : 3 : 5 : 3 : 1 : 14 : 3 : 0.8 ：0
max_ordered_sum_bytes : 1 : 1 : 562.2711326885328 : 1299 : 2 : 4 : 1 : 0 : 0 : 1 : 1.0 ：0
btrfs_extent_item_to_extent_map : 4 : 9 : 43909.80650765208 : 3147 : 1 : 19 : 0 : 0 : 8 : 3 : 0.3999999999999999 ：0
btrfs_del_csums : 4 : 29 : 113010.04633390877 : 5154 : 1 : 17 : 0 : 0 : 13 : 5 : 0.3999999999999999 ：0
btrfs_lookup_csums_list : 6 : 28 : 105514.941208959 : 46 : 1 : 36 : 0 : 0 : 13 : 4 : 0.3999999999999999 ：0
btrfs_csum_file_blocks : 3 : 49 : 265696.3086188535 : 5230 : 1 : 31 : 0 : 0 : 38 : 4 : 0.3999999999999999 ：0
search_csum_tree : 5 : 10 : 41691.364158608005 : 772 : 2 : 18 : 1 : 0 : 12 : 2 : 0.6 ：0
btrfs_lookup_bio_sums : 3 : 23 : 84114.7950349388 : 772 : 1 : 39 : 0 : 0 : 20 : 4 : 0.3999999999999999 ：0
find_next_csum_offset : 3 : 8 : 11018.082812255949 : 603 : 2 : 3 : 1 : 0 : 5 : 3 : 0.8 ：0
btrfs_file_extent_end : 1 : 2 : 8179.865557296854 : 1033 : 2 : 7 : 1 : 0 : 6 : 2 : 1.0 ：0
btrfs_insert_hole_extent : 5 : 4 : 18161.96592164688 : 116 : 1 : 16 : 0 : 0 : 7 : 1 : 1.0 ：0
search_file_offset_in_bio : 4 : 6 : 7705.295951676979 : 772 : 2 : 4 : 1 : 0 : 6 : 3 : 1.0 ：0
truncate_one_csum : 5 : 7 : 21444.990297367473 : 5154 : 2 : 4 : 1 : 0 : 7 : 2 : 0.8 ：0
btrfs_csum_one_bio : 4 : 9 : 50941.43825631949 : 312 : 1 : 25 : 0 : 0 : 12 : 4 : 0.3999999999999999 ：1
btrfs_lookup_file_extent : 6 : 1 : 1849.901495578545 : 5779 : 1 : 1 : 0 : 0 : 3 : 1 : 1.0 ：0
btrfs_inode_set_file_extent_range : 3 : 3 : 2388.929362631708 : 1033 : 1 : 4 : 0 : 0 : 0 : 1 : 1.0 ：0
btrfs_inode_clear_file_extent_range : 3 : 4 : 2864.677496186115 : 1033 : 1 : 4 : 0 : 0 : 0 : 1 : 1.0 ：0
btrfs_inode_safe_disk_i_size_write : 2 : 4 : 5560.607644740938 : 1033 : 1 : 6 : 0 : 0 : 2 : 2 : 0.8 ：0
