binder_alloc_print_pages : 2 : 6 : 10966.140422878816 : 0 : 1 : 6 : 0 : 0 : 5 : 3 : 0.8 ：0
binder_alloc_clear_buf : 2 : 2 : 3923.0590311890105 : 0 : 2 : 7 : 2 : 0 : 4 : 2 : 0.8 ：0
binder_alloc_get_allocated_count : 1 : 2 : 1795.8662608894442 : 0 : 1 : 4 : 0 : 0 : 3 : 1 : 0.8 ：0
binder_alloc_do_buffer_copy : 6 : 4 : 7506.8786074094605 : 0 : 2 : 10 : 2 : 0 : 2 : 2 : 0.8 ：0
check_buffer : 4 : 6 : 1123.7767678965988 : 0 : 3 : 5 : 4 : 0 : 1 : 1 : 0.8 ：0
binder_alloc_shrinker_init : 1 : 3 : 729.6000000000001 : 0 : 1 : 3 : 0 : 0 : 2 : 2 : 1.0 ：0
binder_alloc_copy_user_to_buffer : 5 : 4 : 7177.46908153322 : 0 : 1 : 11 : 0 : 0 : 4 : 2 : 0.8 ：0
binder_alloc_get_page : 0 : 1 : 2032.614864880887 : 0 : 3 : 0 : 7 : 0 : 3 : 1 : 0.8 ：0
print_binder_buffer : 3 : 1 : 1056.4772831737498 : 0 : 2 : 1 : 1 : 0 : 0 : 1 : 1.0 ：0
binder_alloc_print_allocated : 2 : 2 : 2015.6591497205031 : 0 : 1 : 7 : 0 : 0 : 1 : 1 : 0.8 ：0
binder_alloc_mmap_handler : 2 : 7 : 24882.37132228908 : 0 : 1 : 21 : 0 : 0 : 7 : 2 : 0.6 ：0
binder_alloc_deferred_release : 1 : 8 : 33404.75126029851 : 0 : 1 : 100 : 0 : 0 : 4 : 3 : 0.3999999999999999 ：0
binder_alloc_new_buf : 0 : 1 : 1132.6676026398472 : 0 : 1 : 68 : 0 : 0 : 2 : 1 : 0.8 ：0
binder_free_buf_locked : 2 : 6 : 30470.594145871837 : 0 : 2 : 77 : 2 : 0 : 2 : 3 : 0.3999999999999999 ：0
binder_alloc_prepare_to_free : 0 : 1 : 946.2258536195586 : 0 : 1 : 6 : 0 : 0 : 2 : 1 : 0.8 ：0
binder_delete_free_buffer : 2 : 7 : 25628.767610054816 : 0 : 3 : 32 : 3 : 0 : 1 : 3 : 0.6 ：0
debug_low_async_space_locked : 2 : 11 : 19326.94316663879 : 0 : 3 : 8 : 2 : 0 : 6 : 3 : 0.6 ：0
binder_alloc_free_buf : 2 : 6 : 4541.456349270624 : 0 : 1 : 88 : 0 : 0 : 0 : 2 : 0.8 ：0
binder_alloc_prepare_to_free_locked : 0 : 6 : 7031.318095304309 : 0 : 2 : 3 : 1 : 0 : 4 : 3 : 0.8 ：0
binder_insert_free_buffer : 2 : 3 : 8269.401072749914 : 0 : 3 : 9 : 6 : 0 : 5 : 2 : 0.6 ：0
binder_alloc_set_vma : 2 : 3 : 2992.736169642212 : 0 : 2 : 1 : 2 : 0 : 0 : 1 : 0.8 ：0
binder_alloc_new_buf_locked : 0 : 26 : 168127.72542251187 : 0 : 2 : 65 : 1 : 0 : 14 : 3 : 0.3999999999999999 ：0
binder_insert_allocated_buffer_locked : 2 : 5 : 7041.521739130434 : 0 : 3 : 5 : 2 : 0 : 3 : 2 : 0.8 ：0
binder_alloc_get_vma : 0 : 2 : 1083.6418833288633 : 0 : 3 : 1 : 3 : 0 : 2 : 2 : 0.8 ：0
binder_update_page_range : 4 : 27 : 82145.80169053387 : 0 : 4 : 19 : 9 : 0 : 14 : 3 : 0.19999999999999996 ：0
