mwifiex_usb_dnld_fw : 2 : 5 : 4600.0 : 0 : 1 : 96 : 0 : 0 : 3 : 2 : 0.8 ：0
mwifiex_usb_submit_rem_rx_urbs : 1 : 3 : 3559.131312014712 : 0 : 1 : 35 : 0 : 0 : 3 : 2 : 1.0 ：0
mwifiex_pm_wakeup_card : 1 : 1 : 994.5374071959634 : 0 : 1 : 1 : 0 : 0 : 0 : 1 : 1.0 ：0
mwifiex_prog_fw_w_helper : 2 : 24 : 78641.16281463912 : 0 : 2 : 15 : 1 : 0 : 15 : 5 : 0.3999999999999999 ：0
mwifiex_usb_tx_init : 1 : 7 : 32330.61833158574 : 0 : 2 : 41 : 1 : 0 : 2 : 3 : 0.6 ：0
mwifiex_submit_rx_urb : 2 : 3 : 1773.0335113282206 : 0 : 2 : 37 : 1 : 0 : 1 : 1 : 1.0 ：0
mwifiex_register_dev : 1 : 9 : 8642.508393000828 : 0 : 1 : 2 : 0 : 0 : 1 : 2 : 1.0 ：0
mwifiex_unregister_dev : 1 : 1 : 1000.1639924757808 : 0 : 1 : 8 : 0 : 0 : 1 : 1 : 1.0 ：0
mwifiex_usb_rx_init : 1 : 7 : 22209.26012365917 : 0 : 2 : 37 : 1 : 0 : 2 : 2 : 0.6 ：0
mwifiex_usb_host_to_card : 4 : 12 : 30177.3644587902 : 0 : 1 : 62 : 0 : 0 : 4 : 5 : 0.3999999999999999 ：0
mwifiex_usb_cleanup_tx_aggr : 1 : 5 : 10172.067586329853 : 0 : 2 : 3 : 1 : 0 : 4 : 2 : 1.0 ：1
mwifiex_usb_tx_aggr_tmo : 1 : 7 : 15586.069197837529 : 0 : 3 : 37 : 2 : 0 : 7 : 2 : 0.6 ：0
mwifiex_usb_aggr_tx_data : 5 : 28 : 167554.5906970285 : 0 : 2 : 38 : 1 : 0 : 11 : 4 : 0.6 ：0
mwifiex_usb_data_sent : 1 : 3 : 1654.1064898151164 : 0 : 5 : 0 : 13 : 0 : 4 : 1 : 0.8 ：0
mwifiex_usb_is_port_ready : 1 : 3 : 2671.8895473201646 : 0 : 1 : 0 : 0 : 0 : 3 : 2 : 1.0 ：0
mwifiex_usb_suspend : 2 : 13 : 34872.917115902324 : 0 : 1 : 11 : 0 : 0 : 3 : 3 : 0.6 ：0
mwifiex_usb_construct_send_urb : 5 : 9 : 19984.03921090139 : 0 : 4 : 16 : 6 : 0 : 4 : 3 : 0.3999999999999999 ：0
mwifiex_usb_prepare_tx_aggr_skb : 3 : 10 : 57375.705636514955 : 0 : 4 : 12 : 5 : 0 : 3 : 3 : 0.6 ：0
mwifiex_usb_port_resync : 1 : 19 : 32748.400564395826 : 0 : 1 : 0 : 0 : 0 : 4 : 4 : 0.6 ：0
mwifiex_usb_submit_rx_urb : 2 : 10 : 31823.73503842226 : 0 : 0 : 34 : 8 : 0 : 2 : 3 : 0.19999999999999996 ：0
mwifiex_usb_resume : 1 : 8 : 15416.834562425325 : 0 : 1 : 45 : 0 : 0 : 3 : 2 : 0.8 ：0
mwifiex_usb_free : 1 : 9 : 31477.876599098232 : 0 : 2 : 3 : 1 : 0 : 1 : 3 : 0.8 ：0
mwifiex_usb_coredump : 1 : 1 : 840.030707106438 : 0 : 1 : 4 : 0 : 0 : 2 : 1 : 1.0 ：0
mwifiex_usb_probe : 2 : 36 : 129860.31502635809 : 0 : 1 : 19 : 0 : 0 : 5 : 3 : 0.6 ：0
mwifiex_write_data_sync : 5 : 4 : 4928.354422541609 : 0 : 3 : 3 : 2 : 0 : 3 : 2 : 1.0 ：0
mwifiex_read_data_sync : 5 : 3 : 3403.509532210914 : 0 : 3 : 3 : 2 : 0 : 3 : 2 : 1.0 ：0
mwifiex_usb_rx_complete : 1 : 26 : 52847.93323304421 : 0 : 0 : 22 : 8 : 0 : 6 : 3 : 0.19999999999999996 ：0
mwifiex_usb_disconnect : 1 : 5 : 3573.988980394653 : 0 : 1 : 9 : 0 : 0 : 2 : 2 : 1.0 ：0
mwifiex_usb_tx_complete : 1 : 5 : 16709.34393482938 : 0 : 5 : 5 : 7 : 0 : 5 : 4 : 0.8 ：0
mwifiex_usb_recv : 3 : 21 : 52219.39295386926 : 0 : 0 : 10 : 9 : 2 : 8 : 5 : 0.3999999999999999 ：0
