__kmap_local_sched_in : 1 : 5 : 10295.595263026611 : 0 : 0 : 0 : 0 : 0 : 5 : 3 : 1.0 ：0
kmap_high_unmap_local : 1 : 3 : 939.6946036715768 : 0 : 2 : 22 : 1 : 0 : 2 : 2 : 1.0 ：0
page_address : 0 : 5 : 4789.935513836302 : 0 : 4 : 8 : 7 : 0 : 5 : 4 : 0.6 ：0
page_address_init : 1 : 2 : 1444.5062400775807 : 0 : 1 : 3 : 0 : 0 : 1 : 2 : 1.0 ：0
__kmap_local_sched_out : 1 : 6 : 13919.703012492819 : 0 : 0 : 0 : 0 : 0 : 5 : 3 : 1.0 ：0
set_page_address : 2 : 4 : 13226.276174591741 : 0 : 4 : 10 : 5 : 0 : 3 : 4 : 0.8 ：0
__kmap_local_page_prot : 0 : 5 : 3335.137647404434 : 0 : 0 : 0 : 0 : 0 : 2 : 1 : 1.0 ：0
kunmap_local_indexed : 1 : 6 : 12828.4342841011 : 0 : 1 : 37 : 0 : 0 : 2 : 3 : 1.0 ：0
kmap_high_get : 0 : 2 : 2867.894953361818 : 0 : 1 : 13 : 0 : 0 : 0 : 2 : 0.8 ：0
__kmap_local_pfn_prot : 0 : 1 : 6897.1322173509125 : 0 : 0 : 0 : 0 : 0 : 1 : 1 : 1.0 ：0
zero_user_segments : 5 : 12 : 21574.494717557343 : 0 : 1 : 8 : 0 : 0 : 3 : 3 : 0.8 ：1
kmap_high : 0 : 2 : 3953.873379408146 : 0 : 1 : 67 : 0 : 0 : 0 : 1 : 0.8 ：0
flush_all_zero_pkmaps : 1 : 5 : 14839.118321747974 : 0 : 3 : 18 : 2 : 0 : 3 : 2 : 1.0 ：0
map_new_virtual : 1 : 9 : 15665.365590619218 : 0 : 2 : 53 : 1 : 0 : 3 : 3 : 0.3999999999999999 ：0
__nr_free_highpages : 1 : 2 : 1156.2775615465089 : 0 : 0 : 0 : 0 : 0 : 2 : 2 : 1.0 ：0
get_next_pkmap_nr : 1 : 1 : 361.69871759547243 : 0 : 3 : 0 : 2 : 0 : 1 : 1 : 1.0 ：0
__kmap_to_page : 0 : 3 : 1476.490622457009 : 0 : 0 : 0 : 0 : 0 : 1 : 2 : 1.0 ：0
kunmap_high : 1 : 9 : 15691.664768620813 : 0 : 3 : 18 : 2 : 0 : 2 : 2 : 0.6 ：1
kmap_local_idx_push : 1 : 2 : 1181.327012602546 : 0 : 0 : 0 : 0 : 0 : 0 : 1 : 1.0 ：0
