spawn_ksoftirqd : 1 : 1 : 306.55971309377543 : 0 : 1 : 13 : 0 : 0 : 0 : 1 : 1.0 ：0
takeover_tasklets : 1 : 4 : 19111.043788740517 : 0 : 2 : 9 : 1 : 0 : 0 : 2 : 1.0 ：0
tasklet_init : 3 : 1 : 1203.3220119900193 : 0 : 1 : 1 : 0 : 0 : 0 : 1 : 1.0 ：0
tasklet_kill : 1 : 3 : 1260.7074107182634 : 0 : 1 : 12 : 0 : 0 : 0 : 1 : 1.0 ：0
tasklet_setup : 2 : 1 : 1203.3220119900193 : 0 : 1 : 1 : 0 : 0 : 0 : 1 : 1.0 ：0
tasklet_clear_sched : 1 : 2 : 2002.0113630082758 : 0 : 4 : 3 : 6 : 0 : 2 : 2 : 0.8 ：0
tasklet_unlock : 1 : 1 : 445.46052588073974 : 0 : 4 : 4 : 5 : 0 : 0 : 1 : 1.0 ：0
run_ksoftirqd : 1 : 2 : 1263.9233905464541 : 0 : 1 : 8 : 0 : 0 : 0 : 2 : 1.0 ：1
tasklet_unlock_spin_wait : 1 : 4 : 2545.711169596868 : 0 : 1 : 5 : 0 : 0 : 0 : 3 : 1.0 ：0
irq_exit : 1 : 1 : 271.98231928337026 : 0 : 1 : 2 : 0 : 0 : 0 : 1 : 1.0 ：0
softirq_init : 1 : 1 : 2009.4852209212831 : 0 : 1 : 39 : 0 : 0 : 1 : 2 : 1.0 ：0
__irq_exit_rcu : 1 : 3 : 442.99762972595465 : 0 : 0 : 0 : 0 : 0 : 0 : 1 : 1.0 ：0
raise_softirq_irqoff : 1 : 3 : 2800.6438878616323 : 0 : 3 : 5 : 3 : 0 : 0 : 1 : 1.0 ：0
raise_softirq : 1 : 1 : 241.98496879867804 : 0 : 1 : 8 : 0 : 0 : 0 : 1 : 1.0 ：0
lockdep_softirq_start : 1 : 2 : 429.75796551693713 : 0 : 0 : 0 : 0 : 0 : 2 : 2 : 0.8 ：1
irq_enter_rcu : 1 : 4 : 501.6 : 0 : 2 : 6 : 1 : 0 : 0 : 1 : 1.0 ：0
tasklet_action_common : 3 : 6 : 12859.907736866895 : 0 : 3 : 15 : 4 : 0 : 2 : 6 : 0.6 ：0
do_softirq : 1 : 4 : 838.1487747679073 : 0 : 0 : 0 : 0 : 0 : 1 : 1 : 1.0 ：0
__tasklet_schedule_common : 3 : 1 : 1604.7368752524046 : 0 : 0 : 0 : 0 : 0 : 1 : 1 : 1.0 ：0
tick_irq_exit : 1 : 5 : 1149.9192973561787 : 0 : 0 : 0 : 0 : 0 : 1 : 2 : 1.0 ：0
__local_bh_enable_ip : 2 : 8 : 7254.1782186469145 : 0 : 0 : 0 : 0 : 0 : 6 : 2 : 1.0 ：0
ksoftirqd_running : 1 : 4 : 614.5335136115052 : 0 : 3 : 1 : 3 : 0 : 2 : 1 : 1.0 ：0
invoke_softirq : 1 : 5 : 3551.7283602687926 : 0 : 2 : 9 : 1 : 0 : 0 : 2 : 1.0 ：0
lockdep_softirq_end : 1 : 2 : 110.94737505048093 : 0 : 0 : 0 : 0 : 0 : 0 : 1 : 1.0 ：1
__local_bh_disable_ip : 2 : 5 : 9006.184147178243 : 0 : 0 : 0 : 0 : 0 : 1 : 3 : 0.8 ：0
__local_bh_enable : 2 : 5 : 2841.0027680226813 : 0 : 0 : 0 : 0 : 0 : 1 : 2 : 0.8 ：0
wakeup_softirqd : 1 : 2 : 676.7248686261291 : 0 : 4 : 1 : 6 : 0 : 1 : 1 : 0.8 ：0
