snd_seq_timer_stop : 1 : 1 : 1028.7708087103374 : 1951 : 2 : 4 : 1 : 0 : 2 : 1 : 0.8 ：0
snd_seq_timer_get_cur_tick : 1 : 1 : 1094.8884507047987 : 5893 : 1 : 2 : 0 : 0 : 2 : 1 : 0.8 ：0
snd_seq_timer_set_skew : 3 : 3 : 3043.08558287385 : 5893 : 1 : 4 : 0 : 0 : 0 : 2 : 0.8 ：0
snd_seq_timer_set_position_time : 2 : 2 : 1359.4811531936678 : 5893 : 1 : 4 : 0 : 0 : 0 : 1 : 0.8 ：0
snd_seq_timer_open : 1 : 11 : 26652.369825199836 : 5893 : 1 : 16 : 0 : 0 : 5 : 3 : 0.6 ：1
snd_seq_timer_set_tempo_ppq : 3 : 8 : 9198.074625285357 : 1237 : 1 : 6 : 0 : 0 : 1 : 2 : 0.6 ：0
initialize_timer : 1 : 10 : 7530.956944809249 : 5893 : 3 : 1 : 4 : 0 : 1 : 3 : 0.8 ：0
snd_seq_timer_set_position_tick : 2 : 2 : 1652.120131515149 : 5893 : 1 : 3 : 0 : 0 : 0 : 1 : 0.8 ：0
snd_seq_timer_get_cur_time : 2 : 3 : 3960.0 : 5893 : 1 : 5 : 0 : 0 : 3 : 2 : 0.8 ：0
snd_seq_timer_continue : 1 : 1 : 1028.7708087103374 : 5893 : 1 : 8 : 0 : 0 : 2 : 1 : 0.8 ：0
seq_timer_stop : 1 : 3 : 1138.3702472954321 : 1951 : 3 : 1 : 4 : 0 : 0 : 1 : 1.0 ：0
seq_timer_start : 1 : 4 : 2505.4501820614446 : 1951 : 2 : 7 : 1 : 0 : 0 : 1 : 1.0 ：0
snd_seq_info_timer_read : 2 : 8 : 10611.670253726841 : 5893 : 1 : 6 : 0 : 0 : 6 : 2 : 0.8 ：0
seq_timer_continue : 1 : 5 : 2883.941412953607 : 1951 : 2 : 5 : 1 : 0 : 0 : 2 : 0.8 ：0
snd_seq_timer_start : 1 : 1 : 1028.7708087103374 : 5893 : 1 : 10 : 0 : 0 : 2 : 1 : 0.8 ：0
snd_seq_timer_close : 1 : 3 : 2518.588832724902 : 5893 : 1 : 5 : 0 : 0 : 2 : 2 : 0.8 ：0
snd_seq_timer_set_tick_resolution : 1 : 3 : 10420.369234548643 : 5893 : 3 : 1 : 4 : 0 : 0 : 2 : 1.0 ：0
snd_seq_timer_delete : 1 : 2 : 2036.8502557931492 : 5893 : 1 : 11 : 0 : 0 : 1 : 2 : 1.0 ：0
snd_seq_timer_set_tempo : 2 : 4 : 2993.9948733156016 : 1237 : 1 : 5 : 0 : 0 : 0 : 2 : 0.8 ：0
snd_seq_timer_new : 0 : 2 : 2199.3648768413536 : 2279 : 1 : 11 : 0 : 0 : 3 : 1 : 0.8 ：0
snd_seq_timer_reset : 1 : 1 : 644.39276761318 : 1951 : 2 : 3 : 2 : 0 : 0 : 1 : 0.8 ：0
snd_seq_timer_interrupt : 3 : 5 : 12006.598977087975 : 5893 : 2 : 6 : 1 : 0 : 2 : 2 : 0.6 ：0
seq_timer_reset : 1 : 1 : 1168.357063176713 : 1951 : 3 : 0 : 7 : 0 : 0 : 1 : 0.8 ：0
snd_seq_timer_defaults : 1 : 1 : 5972.9704218238885 : 5893 : 2 : 4 : 1 : 0 : 0 : 1 : 0.8 ：0
