iforce_serio_xmit : 1 : 6 : 31388.093033782705 : 1105 : 2 : 9 : 1 : 0 : 2 : 2 : 0.8 ：1
iforce_serio_get_id : 4 : 3 : 7074.762752400231 : 1105 : 1 : 5 : 0 : 0 : 0 : 2 : 1.0 ：0
iforce_serio_irq : 3 : 17 : 36583.65515124969 : 6285 : 1 : 5 : 0 : 0 : 7 : 3 : 0.6 ：0
iforce_serio_disconnect : 1 : 1 : 1064.0388956681547 : 6285 : 1 : 5 : 0 : 0 : 1 : 1 : 1.0 ：0
iforce_serio_connect : 2 : 6 : 5488.066094737141 : 6285 : 1 : 6 : 0 : 0 : 5 : 1 : 1.0 ：0
iforce_usb_irq : 1 : 7 : 13503.528937131008 : 6285 : 2 : 4 : 1 : 0 : 5 : 2 : 1.0 ：0
iforce_usb_out : 1 : 2 : 2675.775932116266 : 5560 : 2 : 3 : 1 : 0 : 2 : 2 : 1.0 ：0
__iforce_usb_xmit : 1 : 5 : 40803.04492430346 : 1105 : 0 : 0 : 0 : 0 : 0 : 2 : 0.6 ：1
iforce_usb_probe : 2 : 13 : 30108.45283018868 : 6285 : 1 : 21 : 0 : 0 : 9 : 2 : 0.3999999999999999 ：0
iforce_usb_start_io : 1 : 2 : 1051.996588550992 : 1105 : 1 : 2 : 0 : 0 : 0 : 1 : 1.0 ：0
iforce_usb_disconnect : 1 : 1 : 1435.1000305590874 : 6285 : 1 : 5 : 0 : 0 : 1 : 1 : 0.8 ：0
iforce_usb_stop_io : 1 : 1 : 1116.0 : 1105 : 1 : 2 : 0 : 0 : 0 : 1 : 1.0 ：0
iforce_usb_get_id : 4 : 5 : 8431.865876846654 : 1105 : 1 : 7 : 0 : 0 : 3 : 2 : 1.0 ：0
