st21nfca_se_get_bwi : 1 : 5 : 5577.515884053528 : 2666 : 3 : 4 : 2 : 0 : 4 : 3 : 1.0 ：0
st21nfca_hci_se_io : 6 : 2 : 3875.7281476222342 : 2666 : 1 : 5 : 0 : 0 : 1 : 2 : 1.0 ：1
st21nfca_se_get_atr : 1 : 3 : 3206.5910060547494 : 2666 : 2 : 10 : 1 : 0 : 3 : 2 : 1.0 ：0
st21nfca_se_wt_work : 1 : 2 : 11094.983806527322 : 268 : 2 : 2 : 1 : 0 : 1 : 2 : 1.0 ：0
st21nfca_apdu_reader_event_received : 3 : 5 : 8746.001095611673 : 2666 : 1 : 9 : 0 : 0 : 4 : 2 : 1.0 ：0
st21nfca_se_deinit : 1 : 3 : 3255.323375512021 : 2666 : 1 : 3 : 0 : 0 : 1 : 1 : 1.0 ：0
st21nfca_hci_enable_se : 2 : 6 : 5755.466327712839 : 2666 : 1 : 22 : 0 : 1 : 2 : 2 : 1.0 ：0
st21nfca_hci_disable_se : 2 : 3 : 1846.4618040395949 : 2666 : 1 : 9 : 0 : 0 : 2 : 1 : 1.0 ：0
st21nfca_se_activation_timeout : 1 : 1 : 1095.3341573054536 : 2666 : 2 : 2 : 1 : 0 : 0 : 1 : 1.0 ：0
st21nfca_connectivity_event_received : 4 : 10 : 46425.8323742275 : 2666 : 1 : 7 : 0 : 0 : 6 : 2 : 0.6 ：0
st21nfca_hci_discover_se : 1 : 4 : 3531.8181818181824 : 2666 : 1 : 3 : 0 : 0 : 2 : 2 : 1.0 ：0
st21nfca_se_init : 1 : 1 : 6602.196392354654 : 2666 : 1 : 14 : 0 : 0 : 1 : 1 : 1.0 ：0
st21nfca_hci_control_se : 3 : 14 : 25023.395773375796 : 2666 : 2 : 8 : 2 : 0 : 6 : 2 : 0.6 ：0
