loop_rw_iter : 3 : 12 : 23744.748591286923 : 66 : 3 : 6 : 3 : 0 : 7 : 3 : 0.6 ：0
io_req_map_rw : 4 : 6 : 12092.813098423565 : 66 : 3 : 2 : 3 : 0 : 2 : 3 : 0.8 ：0
io_compat_import : 3 : 5 : 9146.842857028141 : 66 : 0 : 0 : 1 : 0 : 3 : 1 : 0.8 ：0
io_setup_async_rw : 4 : 5 : 5474.1748138616795 : 66 : 2 : 7 : 2 : 0 : 1 : 3 : 1.0 ：0
io_rw_should_retry : 1 : 9 : 10234.79225528058 : 66 : 2 : 9 : 1 : 0 : 8 : 1 : 0.8 ：0
io_rw_init_file : 2 : 14 : 16552.906012441574 : 66 : 2 : 29 : 2 : 0 : 6 : 2 : 0.8 ：0
io_import_iovec : 5 : 2 : 1320.469200207693 : 66 : 3 : 4 : 5 : 0 : 0 : 1 : 1.0 ：0
__io_iov_buffer_select : 3 : 4 : 8108.208496322417 : 66 : 0 : 0 : 0 : 0 : 2 : 1 : 1.0 ：0
io_do_iopoll : 2 : 18 : 32980.912324351855 : 66 : 1 : 16 : 0 : 0 : 7 : 2 : 0.6 ：0
io_iter_do_read : 2 : 4 : 2211.022688506013 : 66 : 2 : 9 : 1 : 0 : 1 : 1 : 1.0 ：0
io_async_buf_func : 4 : 2 : 3168.417303601716 : 66 : 3 : 5 : 2 : 0 : 4 : 1 : 1.0 ：0
io_write : 2 : 40 : 86603.71893951856 : 66 : 1 : 93 : 0 : 0 : 16 : 3 : 0.3999999999999999 ：0
io_iov_buffer_select : 3 : 4 : 5087.199635654914 : 66 : 0 : 0 : 0 : 0 : 1 : 2 : 1.0 ：0
io_rw_prep_async : 2 : 3 : 3608.0288124911613 : 66 : 2 : 6 : 2 : 0 : 4 : 1 : 1.0 ：0
io_read : 2 : 47 : 107698.52343291018 : 66 : 1 : 101 : 0 : 1 : 15 : 3 : 0.3999999999999999 ：0
__io_import_iovec : 0 : 12 : 21353.73383653628 : 66 : 0 : 0 : 0 : 0 : 10 : 3 : 0.8 ：0
io_complete_rw : 2 : 2 : 2202.487133665963 : 66 : 3 : 6 : 6 : 0 : 2 : 1 : 0.8 ：1
kiocb_done : 3 : 7 : 6794.319952701238 : 66 : 2 : 20 : 2 : 0 : 4 : 3 : 0.8 ：0
io_fixup_rw_res : 2 : 5 : 2570.9451337580417 : 20 : 4 : 1 : 10 : 0 : 2 : 2 : 0.8 ：1
io_complete_rw_iopoll : 2 : 5 : 4829.764096546537 : 66 : 3 : 15 : 3 : 0 : 2 : 3 : 1.0 ：0
kiocb_end_write : 1 : 2 : 1511.1250209730322 : 66 : 4 : 2 : 5 : 0 : 1 : 2 : 0.8 ：1
io_resubmit_prep : 1 : 2 : 1270.9516051999044 : 66 : 3 : 3 : 3 : 0 : 2 : 1 : 1.0 ：0
io_kiocb_update_pos : 0 : 3 : 4201.375183198237 : 66 : 2 : 1 : 2 : 0 : 2 : 2 : 1.0 ：0
io_rw_should_reissue : 1 : 10 : 7904.5749601899915 : 66 : 4 : 7 : 4 : 0 : 7 : 1 : 0.8 ：1
__io_complete_rw_common : 2 : 6 : 4696.880364832245 : 66 : 0 : 0 : 0 : 0 : 3 : 3 : 1.0 ：0
io_rw_done : 2 : 6 : 2554.6474046763683 : 66 : 3 : 0 : 3 : 0 : 0 : 2 : 1.0 ：0
io_prep_rw : 2 : 7 : 17973.765196491604 : 66 : 1 : 7 : 0 : 0 : 6 : 2 : 0.8 ：0
