i2cdev_check_addr : 2 : 3 : 1650.5865002596163 : 5146 : 3 : 13 : 2 : 0 : 3 : 1 : 1.0 ：0
i2cdev_open : 2 : 3 : 6410.435088215785 : 6089 : 1 : 5 : 0 : 0 : 2 : 2 : 1.0 ：0
i2cdev_release : 2 : 1 : 741.456438710153 : 6089 : 1 : 2 : 0 : 0 : 1 : 1 : 1.0 ：0
i2cdev_attach_adapter : 2 : 4 : 12452.966576328063 : 3925 : 2 : 25 : 2 : 0 : 4 : 2 : 1.0 ：0
i2c_dev_init : 1 : 7 : 7134.315906506708 : 6089 : 1 : 37 : 0 : 0 : 5 : 2 : 1.0 ：0
i2cdev_check_mux_children : 2 : 2 : 985.3996056343187 : 4146 : 0 : 4 : 4 : 0 : 2 : 1 : 1.0 ：0
i2cdev_ioctl_rdwr : 3 : 18 : 66036.83181791898 : 1549 : 3 : 7 : 3 : 0 : 3 : 4 : 0.3999999999999999 ：0
i2cdev_dev_release : 1 : 1 : 781.5328684713987 : 637 : 3 : 2 : 3 : 0 : 1 : 1 : 1.0 ：0
i2cdev_detach_adapter : 2 : 3 : 3803.3177131783837 : 3925 : 2 : 12 : 2 : 0 : 2 : 1 : 1.0 ：0
i2cdev_ioctl : 3 : 26 : 43102.0146386329 : 1549 : 2 : 35 : 1 : 0 : 4 : 3 : 0.6 ：0
i2cdev_ioctl_smbus : 5 : 35 : 55431.479678047726 : 1549 : 3 : 4 : 3 : 0 : 2 : 2 : 0.19999999999999996 ：0
i2cdev_check_mux_parents : 2 : 3 : 1439.4620367309994 : 4146 : 0 : 5 : 4 : 0 : 3 : 1 : 1.0 ：0
i2c_dev_exit : 1 : 1 : 420.54482383091494 : 6089 : 1 : 18 : 0 : 0 : 0 : 1 : 1.0 ：0
compat_i2cdev_ioctl : 3 : 10 : 30268.242092923287 : 1549 : 1 : 55 : 0 : 0 : 6 : 5 : 0.6 ：1
i2cdev_notifier_call : 3 : 3 : 968.3337229040989 : 3925 : 1 : 39 : 0 : 0 : 1 : 2 : 1.0 ：0
i2cdev_check : 2 : 3 : 919.9170367588939 : 4146 : 0 : 1 : 10 : 0 : 1 : 1 : 0.8 ：0
i2cdev_read : 4 : 5 : 4367.777112450796 : 6089 : 1 : 7 : 0 : 0 : 4 : 1 : 0.8 ：0
i2cdev_write : 4 : 3 : 3298.050997672736 : 6089 : 1 : 8 : 0 : 0 : 4 : 1 : 1.0 ：0
i2c_dev_get_by_minor : 0 : 3 : 1471.9572916526572 : 1988 : 3 : 3 : 4 : 0 : 3 : 2 : 0.8 ：0
put_i2c_dev : 2 : 2 : 863.5682640871356 : 2030 : 3 : 5 : 6 : 0 : 0 : 1 : 0.6 ：0
name_show : 3 : 2 : 1045.3714501644233 : 3000 : 1 : 6 : 0 : 0 : 1 : 1 : 1.0 ：0
get_free_i2c_dev : 0 : 3 : 3430.3066576399647 : 6089 : 3 : 6 : 3 : 0 : 2 : 2 : 0.8 ：0
