snd_info_init : 1 : 15 : 5619.956068201055 : 5569 : 1 : 67 : 0 : 0 : 4 : 1 : 0.8 ：0
snd_info_disconnect : 1 : 2 : 1416.5223688461504 : 5044 : 0 : 3 : 10 : 0 : 1 : 1 : 0.8 ：0
snd_info_create_entry : 0 : 4 : 7599.789752120199 : 1909 : 4 : 8 : 9 : 0 : 4 : 2 : 0.6 ：0
snd_card_rw_proc_new : 5 : 3 : 2100.8338813429186 : 525 : 1 : 11 : 0 : 0 : 1 : 2 : 1.0 ：0
snd_info_version_init : 1 : 2 : 1755.4401105789477 : 5569 : 2 : 16 : 1 : 0 : 1 : 1 : 1.0 ：0
__snd_info_register : 1 : 9 : 11049.231606762147 : 526 : 0 : 0 : 0 : 0 : 2 : 3 : 0.6 ：0
snd_info_card_id_change : 1 : 3 : 2497.0061997434714 : 4263 : 1 : 5 : 0 : 0 : 0 : 2 : 0.8 ：0
snd_info_get_str : 0 : 15 : 10111.543680543065 : 5137 : 1 : 0 : 0 : 0 : 2 : 1 : 1.0 ：0
snd_info_free_entry : 1 : 5 : 6813.739559709694 : 1909 : 0 : 10 : 7 : 0 : 0 : 2 : 0.3999999999999999 ：0
snd_info_get_line : 3 : 10 : 7838.8163787903995 : 5137 : 1 : 1 : 0 : 0 : 1 : 3 : 0.8 ：1
snd_info_card_free : 1 : 2 : 571.1032383086406 : 5569 : 1 : 11 : 0 : 0 : 0 : 1 : 1.0 ：0
snd_info_card_create : 1 : 3 : 3345.833333333334 : 5569 : 1 : 30 : 0 : 0 : 1 : 1 : 1.0 ：0
snd_info_register : 1 : 4 : 2839.6660179147902 : 1885 : 0 : 2 : 7 : 0 : 4 : 2 : 0.8 ：0
snd_info_card_disconnect : 1 : 3 : 1109.2000503836553 : 1909 : 1 : 7 : 0 : 0 : 0 : 1 : 0.8 ：0
snd_info_card_register : 1 : 6 : 5630.278523827978 : 5569 : 1 : 6 : 0 : 0 : 3 : 1 : 0.8 ：0
create_subdir : 0 : 3 : 1895.4234977981262 : 1910 : 2 : 24 : 2 : 0 : 4 : 2 : 1.0 ：0
snd_info_seq_show : 2 : 2 : 3361.776067762522 : 1910 : 2 : 0 : 1 : 0 : 2 : 2 : 1.0 ：0
snd_info_text_entry_release : 2 : 4 : 5468.60481652748 : 1910 : 1 : 4 : 0 : 0 : 3 : 2 : 0.8 ：0
snd_info_text_entry_open : 2 : 8 : 8325.247890095608 : 1910 : 1 : 13 : 0 : 0 : 7 : 2 : 0.6 ：0
snd_info_text_entry_write : 4 : 13 : 20856.929265248134 : 1910 : 1 : 8 : 0 : 0 : 13 : 3 : 0.6 ：0
snd_info_entry_release : 2 : 2 : 2415.6310498271846 : 5569 : 1 : 2 : 0 : 0 : 2 : 1 : 1.0 ：0
snd_info_entry_mmap : 2 : 3 : 3672.633632316445 : 5569 : 1 : 1 : 0 : 0 : 3 : 1 : 1.0 ：0
snd_info_entry_open : 2 : 13 : 10245.585310310238 : 5569 : 1 : 9 : 0 : 0 : 6 : 2 : 0.6 ：0
snd_info_entry_poll : 2 : 4 : 4161.625148470724 : 5569 : 1 : 0 : 0 : 0 : 4 : 1 : 1.0 ：0
snd_info_entry_write : 4 : 4 : 5996.659651990659 : 5569 : 1 : 2 : 0 : 0 : 6 : 2 : 1.0 ：0
snd_info_entry_read : 4 : 4 : 6631.423030696196 : 5569 : 1 : 2 : 0 : 0 : 5 : 1 : 1.0 ：0
snd_info_entry_ioctl : 3 : 2 : 2090.3131923027445 : 5288 : 1 : 0 : 0 : 0 : 2 : 1 : 1.0 ：0
snd_info_entry_llseek : 3 : 13 : 11385.323497631693 : 5569 : 1 : 2 : 0 : 0 : 8 : 2 : 0.6 ：0
valid_pos : 2 : 5 : 1645.2037936032614 : 1910 : 2 : 0 : 3 : 0 : 3 : 1 : 1.0 ：0
snd_info_check_reserved_words : 1 : 4 : 3720.197503974452 : 5569 : 1 : 2 : 0 : 0 : 0 : 2 : 1.0 ：0
alloc_info_private : 2 : 5 : 3031.240782629211 : 1910 : 2 : 3 : 2 : 0 : 1 : 2 : 1.0 ：0
