inet_diag_unregister : 1 : 2 : 864.4436676127684 : 0 : 1 : 2 : 0 : 0 : 1 : 1 : 0.8 ：0
inet_diag_handler_cmd : 2 : 4 : 4218.057202947823 : 0 : 1 : 26 : 0 : 0 : 2 : 3 : 1.0 ：0
inet_diag_register : 1 : 4 : 2186.0813961356685 : 0 : 1 : 2 : 0 : 0 : 4 : 2 : 0.8 ：0
inet_diag_exit : 1 : 1 : 225.3405000453298 : 0 : 1 : 33 : 0 : 0 : 0 : 1 : 1.0 ：0
inet_diag_rcv_msg_compat : 2 : 4 : 3465.3739647970333 : 0 : 2 : 29 : 2 : 0 : 2 : 3 : 1.0 ：0
inet_diag_handler_get_info : 2 : 7 : 14578.49371789677 : 0 : 1 : 21 : 0 : 0 : 7 : 2 : 0.6 ：0
inet_diag_get_exact_compat : 2 : 1 : 3481.438877584244 : 0 : 3 : 18 : 3 : 0 : 2 : 1 : 1.0 ：0
inet_diag_init : 1 : 8 : 3873.1488597699126 : 0 : 1 : 35 : 0 : 0 : 6 : 1 : 0.8 ：0
inet_diag_type2proto : 1 : 3 : 279.3426775860091 : 0 : 4 : 0 : 8 : 0 : 2 : 2 : 0.8 ：0
__inet_diag_dump : 3 : 7 : 7196.03315058671 : 0 : 0 : 0 : 0 : 0 : 4 : 2 : 0.8 ：0
inet_diag_dump_compat : 2 : 1 : 3675.541834087024 : 0 : 3 : 2 : 3 : 0 : 2 : 1 : 1.0 ：0
__inet_diag_dump_start : 2 : 7 : 10612.0806880286 : 0 : 0 : 0 : 0 : 0 : 8 : 3 : 0.6 ：0
valid_cc : 3 : 6 : 3225.5211192573333 : 0 : 0 : 0 : 1 : 0 : 1 : 2 : 1.0 ：0
twsk_build_assert : 1 : 2 : 6825.334329366117 : 0 : 2 : 2 : 1 : 0 : 0 : 1 : 1.0 ：0
valid_devcond : 3 : 2 : 714.8496605572433 : 0 : 0 : 0 : 1 : 0 : 2 : 1 : 1.0 ：0
inet_diag_dump_icsk : 4 : 49 : 113934.74134227524 : 0 : 1 : 167 : 0 : 0 : 27 : 5 : 0.3999999999999999 ：0
valid_port_comparison : 3 : 2 : 1125.0061251874379 : 0 : 0 : 0 : 1 : 0 : 2 : 1 : 1.0 ：0
inet_diag_bc_sk : 2 : 7 : 9944.12553915787 : 0 : 2 : 18 : 1 : 0 : 2 : 1 : 0.8 ：0
inet_diag_bc_audit : 2 : 33 : 29816.497952700047 : 0 : 0 : 0 : 0 : 0 : 4 : 3 : 0.6 ：0
inet_diag_dump_done : 1 : 1 : 607.1410802100007 : 0 : 3 : 2 : 4 : 0 : 1 : 1 : 1.0 ：0
inet_diag_bc_run : 2 : 33 : 78981.35119712247 : 0 : 3 : 8 : 2 : 0 : 10 : 6 : 0.6 ：0
bitstring_match : 3 : 5 : 4585.489261596161 : 0 : 4 : 2 : 3 : 0 : 2 : 2 : 0.8 ：0
inet_diag_dump_one_icsk : 3 : 7 : 8908.8601096576 : 0 : 1 : 102 : 0 : 0 : 9 : 2 : 0.8 ：0
valid_hostcond : 3 : 7 : 9090.071270703442 : 0 : 0 : 0 : 1 : 0 : 7 : 2 : 0.8 ：0
inet_diag_cmd_exact : 5 : 8 : 8593.468119958537 : 0 : 4 : 15 : 5 : 0 : 4 : 3 : 0.6 ：0
inet_req_diag_fill : 5 : 4 : 10210.90909090909 : 0 : 3 : 15 : 3 : 0 : 4 : 2 : 1.0 ：0
sk_diag_fill : 6 : 3 : 2663.4732797263696 : 0 : 2 : 79 : 2 : 0 : 0 : 1 : 1.0 ：0
inet_sk_diag_fill : 7 : 52 : 125337.3526633832 : 0 : 3 : 47 : 4 : 0 : 26 : 3 : 0.3999999999999999 ：0
entry_fill_addrs : 2 : 3 : 1587.7455436320852 : 0 : 3 : 0 : 2 : 0 : 0 : 2 : 1.0 ：0
inet_diag_find_one_icsk : 0 : 9 : 33234.45144753463 : 0 : 2 : 8 : 1 : 0 : 2 : 2 : 0.6 ：0
inet_sk_attr_size : 3 : 3 : 5570.876898886268 : 0 : 2 : 2 : 1 : 0 : 2 : 1 : 1.0 ：0
inet_twsk_diag_fill : 5 : 4 : 9453.642686046454 : 0 : 3 : 13 : 3 : 0 : 4 : 2 : 1.0 ：0
inet_diag_msg_common_fill : 2 : 3 : 14437.255662979269 : 0 : 4 : 3 : 14 : 0 : 0 : 2 : 0.8 ：0
inet_diag_parse_attrs : 3 : 4 : 2745.244030493127 : 0 : 5 : 3 : 6 : 0 : 3 : 2 : 0.8 ：0
inet_diag_lock_handler : 0 : 5 : 3160.622159709184 : 0 : 5 : 3 : 7 : 0 : 0 : 2 : 0.8 ：0
inet_diag_msg_attrs_fill : 6 : 28 : 36681.86805413179 : 0 : 4 : 14 : 5 : 0 : 11 : 2 : 0.6 ：0
