dccp_v4_err : 2 : 32 : 75926.25192175886 : 6384 : 1 : 38 : 0 : 0 : 18 : 3 : 0.3999999999999999 ：1
dccp_v4_send_check : 2 : 1 : 1374.031944152318 : 6460 : 1 : 5 : 0 : 0 : 2 : 1 : 1.0 ：0
dccp_v4_ctl_send_reset : 2 : 7 : 14369.235583114327 : 2901 : 2 : 30 : 2 : 0 : 8 : 2 : 0.6 ：0
dccp_req_err : 2 : 2 : 5202.599219544119 : 3094 : 2 : 6 : 1 : 0 : 2 : 2 : 1.0 ：0
dccp_v4_conn_request : 2 : 18 : 27792.193162066884 : 6460 : 1 : 40 : 0 : 0 : 13 : 2 : 0.3999999999999999 ：0
dccp_v4_init_net : 1 : 2 : 1073.415853613403 : 5629 : 1 : 2 : 0 : 0 : 1 : 1 : 1.0 ：0
dccp_v4_init : 1 : 8 : 2437.328945483205 : 5629 : 1 : 7 : 0 : 0 : 6 : 1 : 1.0 ：0
dccp_v4_do_rcv : 2 : 10 : 19390.95071180232 : 6460 : 1 : 35 : 0 : 0 : 3 : 2 : 0.8 ：0
dccp_v4_route_skb : 0 : 2 : 5860.822105474076 : 6587 : 3 : 10 : 3 : 0 : 3 : 2 : 1.0 ：0
dccp_v4_rcv : 1 : 32 : 68537.2349141877 : 6384 : 1 : 66 : 0 : 0 : 18 : 3 : 0.6 ：0
dccp_v4_send_response : 2 : 4 : 7442.78362777095 : 6587 : 2 : 13 : 1 : 0 : 8 : 2 : 0.8 ：0
dccp_v4_request_recv_sock : 0 : 12 : 16566.698754629502 : 6460 : 1 : 22 : 0 : 0 : 10 : 1 : 0.6 ：0
dccp_v4_init_sock : 1 : 3 : 1273.835046825655 : 6384 : 1 : 3 : 0 : 0 : 3 : 2 : 1.0 ：0
dccp_v4_init_sequence : 1 : 1 : 740.4444444444445 : 6587 : 2 : 3 : 1 : 0 : 0 : 1 : 1.0 ：0
dccp_v4_exit : 1 : 1 : 281.2961228838133 : 487 : 1 : 4 : 0 : 0 : 0 : 1 : 1.0 ：0
dccp_invalid_packet : 1 : 15 : 54085.79016530868 : 6127 : 2 : 7 : 1 : 0 : 2 : 2 : 0.6 ：0
dccp_do_pmtu_discovery : 3 : 13 : 11976.048821646167 : 6587 : 2 : 10 : 1 : 0 : 3 : 2 : 0.8 ：0
dccp_do_redirect : 2 : 2 : 829.6202433755321 : 4079 : 2 : 0 : 1 : 0 : 1 : 1 : 1.0 ：0
dccp_v4_connect : 3 : 21 : 48913.22629020184 : 6460 : 1 : 21 : 0 : 0 : 13 : 3 : 0.6 ：0
dccp_v6_ctl_send_reset : 2 : 6 : 19299.882107329962 : 2901 : 3 : 20 : 3 : 0 : 7 : 2 : 0.8 ：0
dccp_v6_request_recv_sock : 0 : 23 : 91407.79809712019 : 6460 : 1 : 29 : 0 : 0 : 16 : 2 : 0.6 ：0
dccp_v6_send_response : 2 : 5 : 20399.136262138756 : 6460 : 2 : 22 : 1 : 0 : 10 : 2 : 0.6 ：0
dccp_v6_init : 1 : 8 : 2437.328945483205 : 5629 : 1 : 7 : 0 : 0 : 6 : 1 : 1.0 ：0
dccp_v6_init_sock : 1 : 3 : 1475.107260281383 : 6460 : 1 : 6 : 0 : 0 : 3 : 2 : 1.0 ：0
dccp_v6_connect : 3 : 30 : 105566.54867326938 : 6460 : 1 : 70 : 0 : 0 : 21 : 3 : 0.6 ：0
dccp_v6_exit : 1 : 1 : 281.2961228838133 : 487 : 1 : 4 : 0 : 0 : 0 : 1 : 1.0 ：0
dccp_v6_init_net : 1 : 2 : 1073.415853613403 : 5629 : 1 : 2 : 0 : 0 : 1 : 1 : 1.0 ：0
dccp_v6_send_check : 2 : 1 : 1358.4114776772074 : 6127 : 1 : 5 : 0 : 0 : 2 : 1 : 1.0 ：0
dccp_v6_do_rcv : 2 : 32 : 67666.16540306744 : 6127 : 2 : 39 : 1 : 0 : 7 : 3 : 0.3999999999999999 ：0
dccp_v6_rcv : 1 : 32 : 57410.89834094513 : 6460 : 1 : 47 : 0 : 0 : 17 : 3 : 0.6 ：0
dccp_v6_init_sequence : 1 : 1 : 907.5273139502633 : 6460 : 2 : 3 : 1 : 0 : 0 : 1 : 1.0 ：0
dccp_v6_err : 6 : 34 : 60135.91367400087 : 6460 : 1 : 26 : 0 : 0 : 19 : 3 : 0.3999999999999999 ：0
dccp_v6_conn_request : 2 : 27 : 40194.72662125694 : 6460 : 1 : 56 : 0 : 0 : 14 : 2 : 0.3999999999999999 ：0
