vlan_passthru_hard_header : 6 : 2 : 1567.3014640489696 : 2838 : 1 : 2 : 0 : 0 : 2 : 1 : 1.0 ：0
vlan_dev_init : 1 : 8 : 27082.164627698094 : 3979 : 1 : 15 : 0 : 0 : 2 : 2 : 0.6 ：0
vlan_dev_get_stats64 : 2 : 3 : 13051.308120881939 : 3979 : 1 : 5 : 0 : 0 : 3 : 3 : 1.0 ：0
vlan_dev_fcoe_ddp_target : 4 : 2 : 1701.0610038989807 : 3868 : 1 : 1 : 0 : 0 : 4 : 1 : 1.0 ：0
vlan_dev_netpoll_setup : 2 : 5 : 4183.085985379474 : 3592 : 1 : 3 : 0 : 0 : 7 : 2 : 1.0 ：0
vlan_dev_fill_forward_path : 2 : 2 : 8360.0 : 198 : 1 : 2 : 0 : 0 : 1 : 1 : 1.0 ：0
vlan_dev_netpoll_cleanup : 1 : 2 : 1242.588703740103 : 3592 : 1 : 1 : 0 : 0 : 2 : 1 : 1.0 ：0
vlan_dev_fcoe_get_wwn : 3 : 2 : 1682.2044261864942 : 3979 : 1 : 1 : 0 : 0 : 4 : 1 : 1.0 ：0
vlan_dev_fcoe_disable : 1 : 2 : 1389.6382329007147 : 3979 : 1 : 1 : 0 : 0 : 4 : 1 : 1.0 ：0
vlan_ethtool_get_ts_info : 2 : 4 : 4230.0 : 2513 : 1 : 3 : 0 : 0 : 3 : 2 : 1.0 ：0
vlan_dev_change_rx_flags : 2 : 4 : 2573.5836414281503 : 3979 : 1 : 3 : 0 : 0 : 1 : 2 : 1.0 ：0
vlan_dev_uninit : 1 : 3 : 3698.8567059798506 : 3979 : 1 : 3 : 0 : 0 : 3 : 3 : 1.0 ：0
vlan_dev_free : 1 : 1 : 613.9399507384816 : 2655 : 2 : 2 : 1 : 0 : 1 : 1 : 1.0 ：1
vlan_dev_fcoe_enable : 1 : 2 : 1389.6382329007147 : 3979 : 1 : 1 : 0 : 0 : 4 : 1 : 1.0 ：0
vlan_setup : 1 : 1 : 2001.70898731052 : 5002 : 1 : 6 : 0 : 0 : 0 : 1 : 1.0 ：0
vlan_dev_fix_features : 2 : 2 : 3875.679185124085 : 3842 : 1 : 2 : 0 : 0 : 4 : 1 : 1.0 ：0
vlan_dev_fcoe_ddp_done : 2 : 2 : 1599.953577883323 : 3979 : 1 : 1 : 0 : 0 : 4 : 1 : 1.0 ：0
vlan_dev_fcoe_ddp_setup : 4 : 2 : 1701.0610038989807 : 3979 : 1 : 1 : 0 : 0 : 4 : 1 : 1.0 ：0
vlan_dev_neigh_setup : 2 : 3 : 1780.4989155864446 : 3979 : 1 : 2 : 0 : 0 : 4 : 1 : 1.0 ：0
vlan_dev_ioctl : 3 : 10 : 5847.666500299049 : 3979 : 1 : 5 : 0 : 0 : 5 : 2 : 0.8 ：0
vlan_dev_set_mac_address : 2 : 7 : 6373.5734475184245 : 3979 : 1 : 6 : 0 : 0 : 5 : 2 : 0.8 ：0
vlan_dev_stop : 1 : 5 : 5058.6848143877605 : 3979 : 1 : 8 : 0 : 0 : 2 : 1 : 0.8 ：0
vlan_dev_inherit_address : 2 : 2 : 783.7096278729084 : 1956 : 2 : 2 : 1 : 0 : 2 : 1 : 1.0 ：0
vlan_dev_change_mtu : 2 : 3 : 1549.7173252437508 : 3979 : 1 : 2 : 0 : 0 : 1 : 1 : 1.0 ：0
vlan_dev_set_ingress_priority : 3 : 6 : 3431.5326305414005 : 6019 : 1 : 1 : 0 : 0 : 1 : 1 : 1.0 ：0
vlan_dev_open : 1 : 19 : 18019.88150857681 : 3979 : 1 : 15 : 0 : 0 : 7 : 2 : 0.8 ：0
vlan_dev_change_flags : 3 : 8 : 5896.786008397874 : 4843 : 1 : 6 : 0 : 0 : 2 : 2 : 0.8 ：0
vlan_dev_set_egress_priority : 3 : 11 : 19705.591133837566 : 2889 : 1 : 3 : 0 : 0 : 4 : 3 : 0.8 ：0
vlan_netpoll_send_skb : 2 : 1 : 366.19523194484304 : 3342 : 2 : 2 : 1 : 0 : 1 : 1 : 1.0 ：0
vlan_dev_hard_start_xmit : 2 : 8 : 14332.80158575928 : 3979 : 1 : 13 : 0 : 0 : 6 : 2 : 0.8 ：0
vlan_dev_hard_header : 6 : 6 : 14330.234669377382 : 5002 : 1 : 6 : 0 : 0 : 5 : 2 : 0.8 ：0
