f2fs_recover_inline_data : 2 : 13 : 28668.80171304427 : 1908 : 1 : 25 : 0 : 0 : 6 : 2 : 0.3999999999999999 ：0
f2fs_try_convert_inline_dir : 2 : 9 : 9226.313201833853 : 1312 : 1 : 88 : 0 : 0 : 9 : 2 : 0.6 ：0
f2fs_make_empty_inline_dir : 3 : 2 : 2645.515015403793 : 1908 : 1 : 7 : 0 : 0 : 2 : 1 : 1.0 ：0
f2fs_delete_inline_entry : 4 : 3 : 6843.783653844228 : 3213 : 1 : 11 : 0 : 0 : 4 : 1 : 1.0 ：0
f2fs_add_inline_entry : 5 : 11 : 23243.47502688391 : 3213 : 1 : 96 : 0 : 0 : 11 : 3 : 0.6 ：1
f2fs_move_rehashed_dirents : 3 : 7 : 12835.926688549867 : 2685 : 3 : 37 : 3 : 0 : 4 : 2 : 0.8 ：0
do_convert_inline_dir : 3 : 2 : 686.693757330057 : 1312 : 2 : 75 : 2 : 0 : 0 : 1 : 1.0 ：0
f2fs_move_inline_dirents : 3 : 11 : 35355.57975574373 : 2685 : 3 : 35 : 3 : 0 : 7 : 2 : 0.3999999999999999 ：0
f2fs_inline_data_fiemap : 4 : 14 : 17467.190840597494 : 2862 : 1 : 18 : 0 : 0 : 8 : 2 : 0.8 ：0
f2fs_write_inline_data : 2 : 3 : 6347.074801753118 : 3526 : 1 : 14 : 0 : 0 : 3 : 2 : 1.0 ：0
f2fs_find_in_inline_dir : 0 : 4 : 6635.822485781553 : 1908 : 1 : 9 : 0 : 0 : 7 : 2 : 1.0 ：0
f2fs_convert_inline_page : 2 : 7 : 35641.44493928921 : 3212 : 2 : 40 : 1 : 0 : 4 : 2 : 0.6 ：0
f2fs_read_inline_dir : 3 : 4 : 9879.059003810638 : 3213 : 1 : 10 : 0 : 0 : 5 : 1 : 0.8 ：0
f2fs_empty_inline_dir : 1 : 3 : 4661.724757036503 : 3213 : 1 : 7 : 0 : 0 : 7 : 1 : 1.0 ：0
f2fs_add_inline_entries : 2 : 6 : 21258.33243328046 : 2685 : 4 : 12 : 4 : 0 : 8 : 3 : 1.0 ：0
f2fs_convert_inline_inode : 1 : 10 : 10203.726488817552 : 3212 : 1 : 56 : 0 : 0 : 6 : 2 : 0.6 ：0
f2fs_do_read_inline_data : 2 : 3 : 3480.731455298854 : 1908 : 3 : 8 : 3 : 0 : 1 : 1 : 1.0 ：0
f2fs_read_inline_data : 2 : 5 : 5039.349725239095 : 3526 : 1 : 19 : 0 : 0 : 1 : 2 : 0.6 ：0
f2fs_may_inline_dentry : 1 : 3 : 686.693757330057 : 3007 : 1 : 3 : 0 : 0 : 3 : 1 : 1.0 ：0
f2fs_truncate_inline_inode : 3 : 3 : 3121.4437955379003 : 1908 : 4 : 6 : 11 : 0 : 1 : 1 : 0.8 ：0
f2fs_may_inline_data : 1 : 2 : 207.5658971182378 : 3007 : 1 : 7 : 0 : 0 : 1 : 1 : 1.0 ：0
f2fs_sanity_check_inline_data : 1 : 6 : 2323.323175117554 : 460 : 1 : 11 : 0 : 0 : 2 : 1 : 1.0 ：0
support_inline_data : 1 : 5 : 1205.0583631068046 : 460 : 2 : 5 : 2 : 0 : 4 : 1 : 1.0 ：0
