p9_bind_privport : 1 : 3 : 3962.466043481027 : 0 : 2 : 4 : 1 : 0 : 2 : 2 : 1.0 ：0
p9_trans_fd_init : 1 : 1 : 230.6287745758198 : 0 : 1 : 1 : 0 : 0 : 0 : 1 : 1.0 ：0
p9_trans_fd_exit : 1 : 1 : 253.69165203340177 : 0 : 1 : 2 : 0 : 0 : 0 : 1 : 1.0 ：0
p9_poll_workfn : 1 : 2 : 3569.6739130434776 : 0 : 1 : 24 : 0 : 0 : 0 : 2 : 0.8 ：0
p9_fd_create_unix : 3 : 6 : 12553.339028485645 : 0 : 1 : 99 : 0 : 0 : 5 : 2 : 0.8 ：0
p9_fd_create : 3 : 6 : 6201.779906104058 : 0 : 1 : 97 : 0 : 0 : 4 : 2 : 1.0 ：0
p9_socket_open : 2 : 3 : 6238.876995112301 : 0 : 2 : 92 : 2 : 0 : 2 : 2 : 0.8 ：1
p9_fd_create_tcp : 3 : 8 : 20102.18287521975 : 0 : 1 : 113 : 0 : 0 : 8 : 3 : 0.8 ：0
p9_conn_destroy : 1 : 3 : 5395.795331316423 : 0 : 2 : 20 : 1 : 0 : 0 : 2 : 1.0 ：0
valid_ipaddr4 : 1 : 4 : 5423.935781059934 : 0 : 2 : 1 : 1 : 0 : 0 : 2 : 1.0 ：0
p9_fd_close : 1 : 5 : 2663.4732797263696 : 0 : 1 : 23 : 0 : 0 : 1 : 1 : 0.8 ：0
p9_fd_request : 2 : 5 : 7373.872951134897 : 0 : 1 : 10 : 0 : 0 : 3 : 2 : 0.8 ：0
p9_fd_open : 3 : 11 : 12226.11342751361 : 0 : 2 : 5 : 1 : 0 : 4 : 1 : 0.6 ：1
p9_fd_cancelled : 2 : 4 : 5718.853946493293 : 0 : 1 : 6 : 0 : 0 : 2 : 2 : 0.8 ：0
parse_opts : 2 : 12 : 16520.289810573566 : 0 : 2 : 6 : 2 : 0 : 4 : 4 : 0.6 ：0
p9_fd_cancel : 2 : 2 : 3558.6377431678657 : 0 : 1 : 6 : 0 : 0 : 4 : 2 : 0.8 ：0
p9_write_work : 1 : 17 : 46927.942435782774 : 0 : 4 : 29 : 5 : 1 : 6 : 3 : 0.3999999999999999 ：0
p9_fd_show_options : 2 : 7 : 7677.892029809222 : 0 : 1 : 1 : 0 : 0 : 0 : 2 : 0.8 ：0
p9_pollwait : 3 : 4 : 7302.672218879715 : 0 : 4 : 12 : 5 : 0 : 3 : 3 : 1.0 ：0
p9_conn_create : 1 : 3 : 9396.976022807283 : 0 : 3 : 82 : 4 : 0 : 3 : 2 : 1.0 ：0
p9_pollwake : 4 : 2 : 2328.260869565217 : 0 : 5 : 6 : 6 : 0 : 1 : 1 : 0.6 ：0
p9_fd_write : 3 : 8 : 4234.534614295858 : 0 : 5 : 2 : 6 : 0 : 3 : 1 : 0.6 ：0
p9_read_work : 1 : 31 : 163978.212602115 : 0 : 4 : 30 : 5 : 1 : 9 : 3 : 0.3999999999999999 ：0
p9_poll_mux : 1 : 9 : 10966.281331788945 : 0 : 2 : 17 : 1 : 0 : 2 : 3 : 0.8 ：0
p9_mux_poll_stop : 1 : 3 : 4716.013942836576 : 0 : 3 : 6 : 2 : 0 : 2 : 3 : 0.8 ：0
p9_conn_cancel : 2 : 3 : 12051.47838738809 : 0 : 5 : 9 : 16 : 0 : 0 : 2 : 0.6 ：0
p9_fd_poll : 3 : 6 : 3930.4193670824234 : 0 : 5 : 1 : 20 : 0 : 4 : 2 : 0.6 ：0
p9_fd_read : 3 : 8 : 4629.047391952995 : 0 : 5 : 2 : 6 : 0 : 4 : 1 : 0.6 ：0
