class_is_registered : 1 : 2 : 693.8281605291188 : 48 : 1 : 9 : 0 : 0 : 3 : 2 : 1.0 ：0
class_remove_file_ns : 3 : 2 : 994.5374071959634 : 3520 : 1 : 10 : 0 : 0 : 1 : 1 : 1.0 ：0
class_find_device : 0 : 6 : 4569.989015805 : 5592 : 1 : 27 : 0 : 0 : 6 : 3 : 1.0 ：0
class_compat_create_link : 3 : 4 : 5202.517189524954 : 4992 : 1 : 3 : 0 : 0 : 3 : 2 : 1.0 ：0
class_compat_register : 0 : 3 : 2402.0113986662736 : 4992 : 1 : 3 : 0 : 0 : 4 : 2 : 1.0 ：0
class_interface_unregister : 1 : 6 : 8068.208666874414 : 50 : 1 : 28 : 0 : 0 : 4 : 2 : 0.8 ：0
class_unregister : 1 : 2 : 1648.7152401244625 : 6540 : 2 : 12 : 1 : 0 : 1 : 1 : 1.0 ：0
class_dev_iter_next : 0 : 5 : 1959.003897769757 : 5334 : 2 : 3 : 4 : 0 : 4 : 2 : 1.0 ：0
class_create : 0 : 5 : 3285.9535985664265 : 2169 : 1 : 27 : 0 : 0 : 5 : 2 : 1.0 ：0
class_register : 1 : 7 : 14119.049235634342 : 6540 : 2 : 20 : 1 : 0 : 7 : 2 : 0.6 ：0
class_for_each_device : 4 : 6 : 4658.464388961647 : 5592 : 1 : 26 : 0 : 0 : 5 : 2 : 1.0 ：0
show_class_attr_string : 3 : 1 : 905.2474846018622 : 4819 : 1 : 2 : 0 : 0 : 1 : 1 : 1.0 ：0
class_dev_iter_init : 4 : 3 : 1797.3474758177908 : 5334 : 2 : 9 : 4 : 0 : 2 : 1 : 1.0 ：0
classes_init : 1 : 2 : 528.0 : 6605 : 1 : 1 : 0 : 0 : 0 : 1 : 1.0 ：0
class_interface_register : 1 : 6 : 7713.618604444902 : 50 : 1 : 27 : 0 : 0 : 4 : 2 : 0.8 ：0
class_destroy : 1 : 2 : 159.4525485545934 : 6540 : 1 : 14 : 0 : 0 : 0 : 1 : 1.0 ：0
class_create_file_ns : 3 : 2 : 1433.357617579025 : 3520 : 1 : 10 : 0 : 0 : 3 : 1 : 1.0 ：0
class_child_ns_type : 0 : 1 : 762.9930637000633 : 4744 : 1 : 1 : 0 : 0 : 2 : 1 : 1.0 ：0
class_release : 1 : 2 : 3315.785550280866 : 6540 : 1 : 4 : 0 : 0 : 2 : 1 : 0.8 ：0
class_attr_store : 4 : 2 : 1668.9655132593775 : 6605 : 1 : 2 : 0 : 0 : 4 : 1 : 1.0 ：0
class_to_subsys : 0 : 7 : 6145.963685173356 : 48 : 3 : 7 : 14 : 0 : 7 : 2 : 0.6 ：0
class_attr_show : 3 : 2 : 1617.5042559485523 : 6605 : 1 : 2 : 0 : 0 : 4 : 1 : 1.0 ：0
