xt_rateest_tg : 2 : 1 : 1880.9408679250641 : 4706 : 1 : 2 : 0 : 0 : 3 : 1 : 0.8 ：0
xt_rateest_hash_insert : 2 : 1 : 814.6834458862678 : 4706 : 2 : 4 : 1 : 0 : 0 : 1 : 1.0 ：0
__xt_rateest_lookup : 0 : 2 : 2693.882936989077 : 1044 : 0 : 0 : 0 : 0 : 3 : 3 : 1.0 ：0
xt_rateest_put : 2 : 2 : 2966.3580659038134 : 4706 : 2 : 6 : 2 : 0 : 1 : 2 : 0.8 ：0
xt_rateest_net_init : 1 : 2 : 2478.792381685952 : 1017 : 1 : 4 : 0 : 0 : 2 : 1 : 1.0 ：0
xt_rateest_lookup : 0 : 1 : 1374.031944152318 : 1044 : 1 : 3 : 0 : 0 : 3 : 1 : 0.8 ：0
xt_rateest_tg_init : 1 : 2 : 361.2227982302152 : 4706 : 1 : 2 : 0 : 0 : 2 : 1 : 1.0 ：0
xt_rateest_tg_checkentry : 1 : 10 : 31333.35647991958 : 4453 : 1 : 22 : 0 : 0 : 9 : 3 : 0.3999999999999999 ：1
