yurex_disconnect : 1 : 1 : 6105.114568359516 : 3704 : 1 : 19 : 0 : 0 : 2 : 1 : 0.8 ：0
yurex_interrupt : 1 : 16 : 33137.836435926554 : 3704 : 2 : 7 : 1 : 0 : 2 : 4 : 0.3999999999999999 ：0
yurex_control_callback : 1 : 2 : 2427.166474967658 : 3704 : 2 : 2 : 1 : 0 : 2 : 2 : 1.0 ：0
yurex_probe : 2 : 25 : 71755.72728865527 : 3704 : 1 : 44 : 0 : 0 : 15 : 2 : 0.3999999999999999 ：0
yurex_read : 4 : 3 : 7438.239223877125 : 3704 : 1 : 7 : 0 : 0 : 2 : 2 : 0.8 ：0
yurex_release : 2 : 2 : 1352.564182327624 : 3704 : 1 : 10 : 0 : 0 : 1 : 1 : 1.0 ：0
yurex_open : 2 : 7 : 6859.939827835851 : 3704 : 1 : 7 : 0 : 0 : 7 : 2 : 0.8 ：0
yurex_write : 4 : 19 : 54310.99472782162 : 3704 : 1 : 13 : 0 : 0 : 7 : 3 : 0.3999999999999999 ：1
yurex_fasync : 3 : 1 : 670.9601507484143 : 2784 : 1 : 1 : 0 : 0 : 1 : 1 : 1.0 ：0
yurex_delete : 1 : 3 : 7239.866620126532 : 3146 : 2 : 8 : 3 : 0 : 1 : 2 : 0.8 ：0
