nilfs_lookup_root : 0 : 5 : 5478.2151655809785 : 4394 : 2 : 4 : 1 : 1 : 3 : 3 : 0.8 ：0
nilfs_count_free_blocks : 2 : 1 : 1485.5278502336546 : 4958 : 1 : 4 : 0 : 0 : 0 : 1 : 1.0 ：0
nilfs_store_disk_layout : 2 : 9 : 18554.81417199895 : 4958 : 2 : 8 : 1 : 0 : 0 : 2 : 0.6 ：0
nilfs_fall_back_super_block : 1 : 1 : 3579.428571428571 : 4958 : 1 : 1 : 0 : 0 : 0 : 1 : 1.0 ：0
nilfs_discard_segments : 3 : 7 : 15632.968459479524 : 4646 : 1 : 3 : 0 : 1 : 4 : 3 : 0.6 ：0
nilfs_max_size : 1 : 2 : 2597.9403129749417 : 4394 : 2 : 1 : 1 : 0 : 1 : 1 : 1.0 ：0
nilfs_swap_super_block : 1 : 1 : 3843.0028813292347 : 4958 : 3 : 0 : 2 : 0 : 2 : 1 : 1.0 ：0
nilfs_load_super_block : 4 : 13 : 43935.05786908638 : 4958 : 2 : 18 : 1 : 0 : 3 : 3 : 0.3999999999999999 ：0
nilfs_put_root : 1 : 2 : 2071.450101651388 : 4394 : 1 : 6 : 0 : 0 : 1 : 2 : 0.8 ：0
nilfs_near_disk_full : 1 : 1 : 1426.6618476795195 : 4958 : 1 : 2 : 0 : 0 : 0 : 1 : 1.0 ：0
init_nilfs : 3 : 25 : 31657.80952842718 : 4958 : 1 : 49 : 0 : 0 : 16 : 3 : 0.3999999999999999 ：0
nilfs_store_log_cursor : 2 : 2 : 6031.281799639443 : 4486 : 2 : 3 : 2 : 0 : 2 : 2 : 1.0 ：0
load_nilfs : 2 : 37 : 81080.334278223 : 4958 : 1 : 45 : 0 : 0 : 22 : 3 : 0.3999999999999999 ：0
nilfs_find_or_create_root : 0 : 8 : 19150.84294716681 : 4394 : 1 : 16 : 0 : 1 : 4 : 3 : 0.3999999999999999 ：0
nilfs_release_super_block : 1 : 3 : 2827.0552139339657 : 4958 : 3 : 1 : 3 : 0 : 1 : 3 : 1.0 ：1
nilfs_valid_sb : 1 : 5 : 9860.01220894203 : 4486 : 3 : 4 : 3 : 0 : 4 : 1 : 1.0 ：1
destroy_nilfs : 1 : 2 : 1200.938400415386 : 4394 : 1 : 5 : 0 : 0 : 0 : 2 : 1.0 ：0
nilfs_load_super_root : 3 : 9 : 25567.787124886258 : 4958 : 2 : 14 : 1 : 0 : 11 : 1 : 0.3999999999999999 ：0
alloc_nilfs : 0 : 2 : 5458.986074551298 : 4394 : 1 : 6 : 0 : 0 : 3 : 1 : 0.8 ：0
nilfs_set_last_segment : 4 : 4 : 2248.2102921603355 : 4958 : 1 : 4 : 0 : 0 : 1 : 2 : 0.8 ：0
