x86_gsbase_read_task : 1 : 5 : 2274.1414003576933 : 675 : 3 : 12 : 2 : 0 : 1 : 1 : 1.0 ：0
set_personality_ia32 : 1 : 2 : 476.5664403714955 : 1231 : 1 : 1 : 0 : 0 : 0 : 1 : 1.0 ：0
prctl_map_vdso : 2 : 2 : 737.5599615767279 : 1429 : 3 : 1 : 2 : 0 : 2 : 1 : 1.0 ：0
do_arch_prctl_64 : 3 : 19 : 30275.61584064667 : 271 : 2 : 41 : 1 : 0 : 2 : 4 : 0.6 ：0
set_personality_64bit : 1 : 2 : 5799.670032683997 : 4690 : 1 : 0 : 0 : 0 : 0 : 1 : 1.0 ：0
start_thread_common : 6 : 2 : 3819.761522779689 : 3960 : 2 : 5 : 2 : 0 : 0 : 2 : 1.0 ：0
__switch_to : 0 : 16 : 52998.175017242625 : 624 : 0 : 0 : 0 : 0 : 6 : 2 : 0.6 ：0
__set_personality_x32 : 1 : 2 : 4327.052557953648 : 1231 : 0 : 0 : 0 : 0 : 0 : 1 : 1.0 ：0
compat_start_thread : 3 : 1 : 286.5053103446247 : 1865 : 1 : 7 : 0 : 0 : 0 : 1 : 1.0 ：0
x86_gsbase_write_cpu_inactive : 1 : 2 : 627.3862173701295 : 56 : 3 : 4 : 2 : 0 : 0 : 2 : 1.0 ：0
x86_gsbase_read_cpu_inactive : 1 : 2 : 1106.8639905402479 : 56 : 4 : 4 : 3 : 0 : 1 : 2 : 1.0 ：0
x86_fsgsbase_load : 2 : 7 : 7734.207802157699 : 675 : 1 : 13 : 0 : 0 : 0 : 2 : 0.8 ：0
__set_personality_ia32 : 1 : 2 : 1795.8660218476232 : 1231 : 0 : 0 : 0 : 0 : 0 : 1 : 1.0 ：0
x86_fsgsbase_read_task : 2 : 6 : 14928.177075887208 : 675 : 4 : 5 : 6 : 0 : 2 : 2 : 0.3999999999999999 ：1
x86_fsbase_read_task : 1 : 5 : 2274.1414003576933 : 675 : 3 : 8 : 2 : 0 : 1 : 1 : 1.0 ：0
load_seg_legacy : 5 : 11 : 14629.773472266168 : 1099 : 2 : 6 : 1 : 0 : 0 : 4 : 0.8 ：0
save_base_legacy : 3 : 5 : 16391.051930132882 : 604 : 3 : 1 : 2 : 0 : 0 : 2 : 0.8 ：0
save_fsgs : 1 : 2 : 5760.012354758221 : 880 : 2 : 5 : 1 : 0 : 0 : 2 : 1.0 ：0
current_save_fsgs : 1 : 2 : 562.2166301156814 : 56 : 1 : 8 : 0 : 0 : 0 : 1 : 1.0 ：0
__show_regs : 3 : 12 : 51866.65070449789 : 3936 : 0 : 0 : 0 : 0 : 0 : 2 : 0.6 ：0
__rdgsbase_inactive : 1 : 2 : 1067.5879295017692 : 56 : 0 : 0 : 0 : 0 : 1 : 2 : 1.0 ：0
__wrgsbase_inactive : 1 : 2 : 671.3579252322123 : 56 : 0 : 0 : 0 : 0 : 0 : 2 : 1.0 ：0
