tipc_msg_extract : 3 : 11 : 11308.93819587595 : 2063 : 1 : 24 : 0 : 0 : 8 : 1 : 0.8 ：0
tipc_msg_skb_clone : 2 : 2 : 1578.2344479329943 : 732 : 1 : 3 : 0 : 0 : 2 : 3 : 1.0 ：0
tipc_msg_fragment : 4 : 8 : 18278.247816939962 : 432 : 1 : 13 : 0 : 0 : 4 : 2 : 0.8 ：0
__tipc_skb_queue_sorted : 3 : 6 : 5476.666666666667 : 1811 : 0 : 0 : 0 : 0 : 4 : 2 : 0.8 ：0
tipc_msg_reassemble : 2 : 10 : 11468.891109706099 : 2267 : 1 : 36 : 0 : 0 : 9 : 2 : 0.8 ：0
tipc_msg_assemble : 1 : 6 : 3467.5925995708335 : 1034 : 0 : 0 : 2 : 0 : 3 : 3 : 1.0 ：0
tipc_msg_reverse : 3 : 12 : 22937.06265981626 : 1083 : 2 : 28 : 1 : 0 : 7 : 1 : 0.8 ：0
tipc_msg_build : 6 : 19 : 58332.241330627134 : 1034 : 0 : 0 : 1 : 0 : 18 : 3 : 0.6 ：0
tipc_msg_bundle : 3 : 3 : 7083.791468322401 : 2287 : 2 : 10 : 1 : 0 : 4 : 1 : 1.0 ：0
tipc_msg_lookup_dest : 3 : 8 : 8451.887055692992 : 2063 : 1 : 16 : 0 : 0 : 9 : 1 : 0.8 ：0
tipc_buf_append : 2 : 16 : 35072.83058926535 : 1034 : 2 : 26 : 4 : 0 : 12 : 4 : 0.3999999999999999 ：1
tipc_msg_validate : 1 : 12 : 17077.861439006392 : 2027 : 3 : 10 : 6 : 0 : 12 : 2 : 0.6 ：0
tipc_msg_try_bundle : 5 : 14 : 25527.541244233176 : 331 : 1 : 35 : 0 : 0 : 10 : 2 : 0.8 ：0
tipc_msg_create : 0 : 3 : 4438.1180092139275 : 2230 : 1 : 22 : 0 : 0 : 4 : 2 : 1.0 ：0
tipc_msg_pskb_copy : 3 : 2 : 1656.6438651048381 : 1349 : 1 : 4 : 0 : 0 : 2 : 3 : 1.0 ：0
tipc_msg_append : 5 : 7 : 16375.478411741124 : 336 : 1 : 17 : 0 : 0 : 2 : 3 : 0.8 ：0
tipc_buf_acquire : 0 : 2 : 3293.1120740072683 : 331 : 3 : 3 : 8 : 0 : 2 : 2 : 0.8 ：0
tipc_msg_init : 6 : 2 : 1650.586500259616 : 2230 : 2 : 9 : 4 : 0 : 0 : 2 : 1.0 ：0
