udmabuf_ioctl : 3 : 3 : 1389.6382329007147 : 0 : 1 : 42 : 0 : 0 : 2 : 2 : 1.0 ：0
end_cpu_udmabuf : 2 : 2 : 1814.093234748453 : 0 : 1 : 1 : 0 : 0 : 2 : 1 : 1.0 ：0
udmabuf_create : 3 : 29 : 68088.80371198339 : 0 : 3 : 16 : 4 : 0 : 15 : 4 : 0.3999999999999999 ：1
udmabuf_ioctl_create : 2 : 2 : 4361.193990817843 : 0 : 2 : 18 : 1 : 0 : 3 : 1 : 1.0 ：0
get_sg_table : 0 : 6 : 5560.728158757954 : 0 : 2 : 6 : 2 : 0 : 6 : 2 : 0.8 ：0
begin_cpu_udmabuf : 2 : 3 : 3716.3554612725925 : 0 : 1 : 10 : 0 : 0 : 2 : 2 : 1.0 ：0
mmap_udmabuf : 2 : 2 : 1083.1973907953732 : 0 : 1 : 0 : 0 : 0 : 1 : 1 : 1.0 ：0
udmabuf_ioctl_create_list : 2 : 4 : 6690.170449727456 : 0 : 2 : 22 : 1 : 0 : 5 : 1 : 1.0 ：0
release_udmabuf : 1 : 3 : 4384.500000000001 : 0 : 1 : 6 : 0 : 0 : 3 : 1 : 1.0 ：0
udmabuf_vm_fault : 1 : 1 : 1571.0678639690318 : 0 : 1 : 1 : 0 : 0 : 2 : 1 : 1.0 ：0
