io_wqe_enqueue : 2 : 4 : 4130.770076152407 : 445 : 2 : 72 : 1 : 0 : 2 : 2 : 0.8 ：0
io_wqe_insert_work : 2 : 4 : 4372.03952068719 : 436 : 3 : 4 : 2 : 0 : 2 : 2 : 1.0 ：0
io_wq_exit_workers : 1 : 3 : 11593.311000035914 : 8 : 2 : 85 : 1 : 0 : 4 : 2 : 0.8 ：0
io_wq_init : 1 : 2 : 1085.1855327353146 : 224 : 1 : 17 : 0 : 0 : 2 : 1 : 1.0 ：0
io_wq_worker_cancel : 2 : 4 : 4527.225252468473 : 567 : 3 : 3 : 2 : 0 : 1 : 2 : 0.8 ：0
io_wq_cpu_online : 2 : 1 : 1676.635725463502 : 224 : 2 : 15 : 1 : 0 : 2 : 1 : 0.8 ：0
io_wq_cancel_cb : 4 : 11 : 15930.008751762818 : 175 : 1 : 27 : 0 : 0 : 8 : 2 : 0.8 ：0
io_task_work_match : 2 : 2 : 1163.201645843232 : 52 : 3 : 58 : 2 : 0 : 2 : 1 : 1.0 ：0
io_wq_create : 0 : 11 : 41960.528835997226 : 583 : 1 : 27 : 0 : 0 : 8 : 2 : 0.3999999999999999 ：0
io_wq_put_and_exit : 1 : 2 : 613.7325456137384 : 91 : 1 : 106 : 0 : 0 : 0 : 1 : 1.0 ：0
io_wqe_remove_pending : 3 : 6 : 5937.337620686308 : 284 : 4 : 4 : 4 : 0 : 1 : 2 : 1.0 ：0
io_wq_destroy : 1 : 1 : 3631.9637659380865 : 52 : 2 : 16 : 1 : 0 : 2 : 3 : 0.8 ：0
io_wq_hash_work : 2 : 1 : 540.4222801869237 : 445 : 1 : 1 : 0 : 0 : 0 : 1 : 1.0 ：0
io_run_cancel : 2 : 3 : 1139.9892745168604 : 85 : 4 : 0 : 6 : 0 : 1 : 2 : 0.8 ：0
io_wqe_cancel_pending_work : 2 : 4 : 7105.32723101312 : 52 : 3 : 10 : 3 : 0 : 2 : 2 : 0.8 ：0
io_wqe_hash_wake : 4 : 1 : 1120.0409428085838 : 98 : 2 : 5 : 1 : 0 : 1 : 1 : 0.8 ：0
io_wq_for_each_worker : 3 : 5 : 2943.181818181818 : 98 : 3 : 7 : 6 : 0 : 3 : 3 : 0.6 ：0
create_io_worker : 3 : 7 : 18130.638435115387 : 52 : 5 : 53 : 8 : 0 : 4 : 2 : 0.3999999999999999 ：0
io_wqe_worker : 1 : 12 : 18204.898792296248 : 101 : 6 : 34 : 9 : 0 : 6 : 3 : 0.19999999999999996 ：0
io_wq_worker_sleeping : 1 : 4 : 2542.8449608981823 : 583 : 1 : 3 : 0 : 0 : 1 : 1 : 0.8 ：0
io_wq_worker_running : 1 : 4 : 1705.349809033352 : 583 : 1 : 4 : 0 : 0 : 1 : 1 : 1.0 ：0
io_flush_signals : 1 : 2 : 311.5745249997793 : 101 : 7 : 3 : 11 : 0 : 2 : 2 : 0.8 ：0
io_wait_on_hash : 2 : 3 : 4208.206687561162 : 98 : 1 : 5 : 0 : 0 : 1 : 3 : 0.8 ：0
create_worker_cb : 1 : 1 : 1976.5428402504424 : 52 : 4 : 56 : 4 : 0 : 2 : 1 : 1.0 ：0
io_assign_current_work : 2 : 2 : 728.0 : 119 : 1 : 7 : 0 : 0 : 0 : 2 : 0.8 ：0
io_queue_worker_create : 2 : 5 : 5228.24414770585 : 52 : 1 : 66 : 0 : 0 : 3 : 2 : 1.0 ：0
io_wqe_wake_worker : 2 : 3 : 3613.639337384926 : 52 : 3 : 59 : 2 : 0 : 1 : 2 : 0.8 ：1
io_worker_exit : 1 : 4 : 6706.425284673709 : 583 : 7 : 17 : 10 : 0 : 3 : 1 : 0.6 ：0
