snmp_get_cpu_field64 : 4 : 3 : 2813.499693328133 : 0 : 2 : 3 : 1 : 0 : 4 : 2 : 1.0 ：0
ipv4_proc_init : 1 : 12 : 2562.032931634893 : 0 : 2 : 9 : 1 : 0 : 8 : 1 : 0.8 ：0
inet_init_net : 1 : 5 : 23550.47787605698 : 0 : 1 : 2 : 0 : 0 : 0 : 1 : 0.8 ：0
ipv4_mib_exit_net : 1 : 1 : 4491.907848094198 : 0 : 1 : 2 : 0 : 0 : 0 : 1 : 0.8 ：0
snmp_fold_field64 : 3 : 1 : 764.6269524198453 : 0 : 1 : 5 : 0 : 0 : 3 : 2 : 1.0 ：0
ipv4_mib_init_net : 1 : 15 : 26741.433755008475 : 0 : 1 : 7 : 0 : 0 : 9 : 2 : 0.3999999999999999 ：0
inet_init : 1 : 23 : 49666.45631619703 : 0 : 1 : 42 : 0 : 0 : 9 : 1 : 0.6 ：0
inet_current_timestamp : 1 : 1 : 4213.868944642085 : 0 : 1 : 3 : 0 : 0 : 3 : 1 : 1.0 ：0
inet_ctl_sock_create : 5 : 3 : 3457.3562501117835 : 0 : 1 : 1 : 0 : 0 : 3 : 2 : 1.0 ：1
ipip_gro_receive : 0 : 2 : 1260.9853204361552 : 0 : 1 : 23 : 0 : 0 : 1 : 2 : 1.0 ：0
ipv4_offload_init : 1 : 4 : 2992.516292998584 : 0 : 1 : 6 : 0 : 0 : 0 : 1 : 1.0 ：0
inet_gso_segment : 0 : 28 : 68650.69602399312 : 0 : 2 : 19 : 1 : 0 : 13 : 4 : 0.6 ：0
snmp_fold_field : 2 : 1 : 695.1154112907684 : 0 : 1 : 3 : 0 : 0 : 2 : 1 : 1.0 ：0
inet_gro_complete : 2 : 5 : 12642.396155261808 : 0 : 2 : 10 : 1 : 0 : 7 : 2 : 0.8 ：0
inet_gro_receive : 0 : 21 : 88428.78829425323 : 0 : 2 : 21 : 1 : 0 : 14 : 3 : 0.3999999999999999 ：0
inet_recv_error : 4 : 4 : 1713.30976601571 : 0 : 1 : 1 : 0 : 0 : 0 : 1 : 1.0 ：0
inet_sk_reselect_saddr : 1 : 8 : 15728.727669103491 : 0 : 2 : 10 : 1 : 0 : 7 : 2 : 0.8 ：0
inet_register_protosw : 1 : 9 : 20045.53138863794 : 0 : 2 : 6 : 1 : 0 : 8 : 2 : 0.6 ：0
inet_unregister_protosw : 1 : 2 : 995.7510455535732 : 0 : 1 : 5 : 0 : 0 : 0 : 2 : 0.8 ：0
inet_ioctl : 3 : 24 : 19572.28860876583 : 0 : 1 : 6 : 0 : 0 : 6 : 2 : 0.3999999999999999 ：0
inet_sk_rebuild_header : 1 : 10 : 17786.36001345792 : 0 : 1 : 21 : 0 : 0 : 7 : 2 : 0.6 ：0
inet_compat_routing_ioctl : 3 : 8 : 6188.400226726448 : 0 : 2 : 5 : 1 : 0 : 2 : 1 : 1.0 ：0
ipip_gso_segment : 0 : 2 : 497.85297406429135 : 0 : 1 : 22 : 0 : 0 : 0 : 1 : 1.0 ：0
inet_accept : 4 : 3 : 3558.309794281625 : 0 : 1 : 5 : 0 : 0 : 5 : 1 : 1.0 ：0
inet_send_prepare : 1 : 4 : 1013.0412951977746 : 0 : 2 : 7 : 2 : 0 : 0 : 1 : 1.0 ：0
inet_compat_ioctl : 3 : 4 : 2601.448822890815 : 0 : 1 : 7 : 0 : 0 : 1 : 2 : 1.0 ：0
inet_sendpage : 5 : 3 : 2771.609831685939 : 0 : 1 : 10 : 0 : 0 : 1 : 1 : 1.0 ：0
inet_sendmsg : 3 : 2 : 1299.8368689544477 : 0 : 1 : 10 : 0 : 0 : 1 : 1 : 1.0 ：0
inet_shutdown : 2 : 12 : 19697.40133332714 : 0 : 1 : 2 : 0 : 0 : 3 : 2 : 0.6 ：0
inet_autobind : 1 : 3 : 3302.6112944450115 : 0 : 3 : 4 : 4 : 0 : 1 : 3 : 1.0 ：0
inet_recvmsg : 4 : 3 : 3082.636058767542 : 0 : 1 : 3 : 0 : 0 : 4 : 1 : 1.0 ：0
__inet_stream_connect : 5 : 39 : 47791.18677373188 : 0 : 0 : 0 : 0 : 0 : 15 : 3 : 0.6 ：0
inet_wait_for_connect : 3 : 5 : 6130.267499152654 : 0 : 0 : 0 : 0 : 0 : 1 : 2 : 1.0 ：0
inet_dgram_connect : 4 : 7 : 5755.108695652174 : 0 : 1 : 7 : 0 : 0 : 3 : 2 : 0.8 ：0
inet_bind : 3 : 5 : 5916.258152501052 : 0 : 1 : 1 : 0 : 0 : 3 : 2 : 0.8 ：0
__inet_bind : 4 : 36 : 42154.39693515294 : 0 : 0 : 0 : 0 : 0 : 13 : 4 : 0.3999999999999999 ：0
inet_getname : 3 : 7 : 8522.008729834746 : 0 : 1 : 4 : 0 : 0 : 3 : 2 : 0.8 ：0
inet_stream_connect : 4 : 1 : 906.1642572280505 : 0 : 1 : 2 : 0 : 0 : 2 : 1 : 1.0 ：0
inet_create : 4 : 34 : 90389.23634544156 : 0 : 1 : 26 : 0 : 0 : 15 : 4 : 0.3999999999999999 ：0
inet_release : 1 : 4 : 6837.362192750464 : 0 : 1 : 2 : 0 : 0 : 2 : 2 : 1.0 ：0
inet_listen : 2 : 13 : 14483.394940578923 : 0 : 1 : 9 : 0 : 0 : 5 : 3 : 0.8 ：0
inet_sock_destruct : 1 : 5 : 9149.920142302335 : 0 : 2 : 11 : 1 : 0 : 1 : 2 : 0.8 ：0
