v9fs_vfs_mkspecial : 4 : 3 : 3033.022667512823 : 5788 : 2 : 20 : 3 : 0 : 2 : 2 : 1.0 ：0
v9fs_vfs_create : 5 : 2 : 2494.565217391304 : 4817 : 1 : 25 : 0 : 0 : 3 : 1 : 1.0 ：0
v9fs_vfs_lookup : 0 : 16 : 23287.189256243684 : 4267 : 2 : 11 : 1 : 0 : 4 : 2 : 0.6 ：0
v9fs_vfs_setattr : 3 : 19 : 30046.101412012886 : 4817 : 1 : 31 : 0 : 0 : 7 : 3 : 0.6 ：0
v9fs_vfs_getattr : 5 : 8 : 12118.83294599033 : 4817 : 1 : 26 : 0 : 1 : 5 : 3 : 0.8 ：0
v9fs_refresh_inode : 2 : 5 : 6752.318892266451 : 4754 : 2 : 27 : 1 : 0 : 5 : 1 : 1.0 ：0
v9fs_vfs_symlink : 4 : 1 : 632.9962378973493 : 4817 : 1 : 22 : 0 : 0 : 0 : 1 : 1.0 ：0
v9fs_vfs_get_link : 0 : 7 : 12463.736582646869 : 3024 : 1 : 13 : 0 : 0 : 5 : 2 : 0.6 ：0
v9fs_vfs_atomic_open : 5 : 14 : 21847.186263107295 : 4267 : 1 : 51 : 0 : 0 : 11 : 2 : 0.6 ：0
v9fs_vfs_rename : 6 : 18 : 40028.96277299995 : 4817 : 1 : 24 : 0 : 0 : 13 : 3 : 0.3999999999999999 ：0
v9fs_vfs_mknod : 5 : 4 : 11180.614331284636 : 4817 : 1 : 35 : 0 : 0 : 4 : 1 : 1.0 ：0
v9fs_stat2inode : 4 : 7 : 20812.459393168316 : 4754 : 3 : 12 : 4 : 0 : 3 : 3 : 0.8 ：0
v9fs_remove : 3 : 7 : 15085.926699571215 : 6767 : 2 : 17 : 2 : 0 : 5 : 3 : 0.8 ：0
v9fs_vfs_mkdir : 4 : 3 : 3948.870646406423 : 4817 : 1 : 27 : 0 : 0 : 5 : 2 : 1.0 ：0
v9fs_vfs_link : 3 : 3 : 7223.090268210711 : 4817 : 1 : 57 : 0 : 0 : 3 : 2 : 1.0 ：0
v9fs_create : 0 : 12 : 29488.32455208601 : 4267 : 3 : 12 : 7 : 0 : 7 : 3 : 0.3999999999999999 ：0
v9fs_uflags2omode : 2 : 7 : 1521.56400069231 : 5788 : 2 : 0 : 1 : 0 : 2 : 2 : 0.8 ：0
v9fs_blank_wstat : 1 : 1 : 5801.666666666667 : 6570 : 2 : 0 : 2 : 0 : 0 : 1 : 1.0 ：0
v9fs_alloc_inode : 0 : 2 : 1287.782234543655 : 5292 : 1 : 2 : 0 : 0 : 2 : 1 : 1.0 ：0
v9fs_fid_iget : 0 : 8 : 11616.600023348885 : 54 : 1 : 45 : 0 : 0 : 10 : 2 : 0.6 ：0
v9fs_evict_inode : 1 : 1 : 2240.5352813724644 : 898 : 1 : 8 : 0 : 0 : 0 : 1 : 1.0 ：1
v9fs_init_inode : 5 : 22 : 23991.583152850097 : 54 : 2 : 9 : 1 : 0 : 6 : 3 : 0.6 ：0
v9fs_at_to_dotl_flags : 1 : 2 : 271.2740381966043 : 4579 : 3 : 0 : 3 : 0 : 2 : 1 : 1.0 ：0
