nilfs_dat_commit_free : 2 : 1 : 3396.2692765318957 : 4950 : 3 : 9 : 2 : 0 : 2 : 1 : 0.8 ：1
nilfs_dat_commit_alloc : 2 : 1 : 3273.1474259760557 : 4790 : 2 : 9 : 1 : 0 : 2 : 1 : 0.8 ：0
nilfs_dat_abort_end : 2 : 3 : 3868.099747459458 : 4790 : 2 : 8 : 2 : 0 : 4 : 1 : 0.8 ：0
nilfs_dat_translate : 3 : 7 : 8005.575867440863 : 4387 : 1 : 11 : 0 : 0 : 7 : 3 : 0.6 ：0
nilfs_dat_read : 4 : 15 : 13414.82430352088 : 4723 : 1 : 13 : 0 : 0 : 10 : 2 : 0.6 ：0
nilfs_dat_get_vinfo : 4 : 6 : 17500.95906701507 : 4950 : 1 : 8 : 0 : 0 : 6 : 3 : 0.8 ：0
nilfs_dat_commit_end : 3 : 3 : 5277.979269329583 : 4790 : 2 : 21 : 1 : 0 : 3 : 2 : 0.8 ：0
nilfs_dat_mark_dirty : 2 : 2 : 1038.783070487177 : 4950 : 1 : 6 : 0 : 0 : 3 : 1 : 1.0 ：0
nilfs_dat_prepare_update : 3 : 3 : 1167.5790004038474 : 4790 : 1 : 25 : 0 : 0 : 2 : 2 : 1.0 ：0
nilfs_dat_move : 3 : 5 : 19178.04625872599 : 4950 : 1 : 14 : 0 : 0 : 6 : 3 : 0.6 ：0
nilfs_dat_prepare_start : 2 : 1 : 610.3944509600506 : 4950 : 1 : 3 : 0 : 0 : 2 : 1 : 1.0 ：0
nilfs_dat_commit_start : 3 : 1 : 2623.297675362802 : 4950 : 1 : 9 : 0 : 0 : 2 : 1 : 0.8 ：0
nilfs_dat_prepare_end : 2 : 4 : 6346.944593437346 : 4790 : 2 : 10 : 1 : 0 : 6 : 3 : 0.8 ：0
nilfs_dat_prepare_alloc : 2 : 3 : 1528.4670550741273 : 4790 : 2 : 4 : 1 : 0 : 3 : 1 : 0.8 ：0
