unix_get_socket : 0 : 6 : 3912.065217391304 : 15 : 2 : 5 : 4 : 0 : 5 : 2 : 1.0 ：0
inc_inflight_move_tail : 1 : 3 : 2137.6194488220385 : 6063 : 0 : 0 : 0 : 0 : 0 : 1 : 1.0 ：0
unix_inflight : 2 : 3 : 5285.190803021556 : 15 : 1 : 12 : 0 : 0 : 1 : 3 : 0.8 ：0
wait_for_unix_gc : 1 : 7 : 3769.0682281566255 : 15 : 1 : 5 : 0 : 0 : 0 : 1 : 1.0 ：0
__unix_gc : 1 : 12 : 56773.917062482105 : 20 : 0 : 0 : 0 : 0 : 4 : 3 : 0.3999999999999999 ：0
unix_notinflight : 2 : 3 : 4302.085765132318 : 15 : 1 : 12 : 0 : 0 : 1 : 2 : 0.8 ：0
scan_children : 3 : 3 : 9767.229172530288 : 6063 : 0 : 0 : 0 : 0 : 3 : 3 : 0.8 ：0
scan_inflight : 3 : 8 : 12582.028085545453 : 6063 : 0 : 0 : 1 : 0 : 6 : 5 : 0.6 ：0
