io_connect_prep_async : 1 : 1 : 1234.9195251610977 : 0 : 1 : 13 : 0 : 0 : 2 : 1 : 1.0 ：0
io_sendmsg_zc : 2 : 21 : 36355.230159830724 : 0 : 1 : 44 : 0 : 0 : 5 : 3 : 0.3999999999999999 ：0
io_connect : 2 : 22 : 23353.844016888095 : 0 : 0 : 10 : 3 : 1 : 7 : 3 : 0.3999999999999999 ：0
io_connect_prep : 2 : 5 : 2626.624807470569 : 0 : 1 : 14 : 0 : 0 : 1 : 1 : 1.0 ：0
io_sendrecv_fail : 1 : 5 : 2510.2945115850994 : 0 : 1 : 1 : 0 : 0 : 1 : 1 : 1.0 ：0
io_socket : 2 : 10 : 10620.913928748007 : 0 : 0 : 10 : 2 : 0 : 5 : 2 : 0.8 ：0
io_socket_prep : 2 : 7 : 6361.573924399854 : 0 : 1 : 14 : 0 : 0 : 1 : 1 : 1.0 ：0
io_accept : 2 : 16 : 20447.430174200184 : 0 : 0 : 12 : 2 : 0 : 11 : 3 : 0.3999999999999999 ：0
io_send_zc : 2 : 24 : 63316.99421823039 : 0 : 1 : 39 : 0 : 0 : 11 : 3 : 0.6 ：0
io_sg_from_iter : 4 : 10 : 24382.330670699303 : 0 : 2 : 11 : 1 : 0 : 7 : 2 : 0.8 ：0
io_send_zc_prep : 2 : 17 : 43895.73034539553 : 0 : 1 : 9 : 0 : 0 : 4 : 3 : 0.6 ：0
io_recvmsg_prep_async : 1 : 3 : 1709.9064193895508 : 0 : 1 : 23 : 0 : 0 : 3 : 1 : 1.0 ：0
io_recv : 2 : 25 : 43115.44470271607 : 0 : 1 : 18 : 0 : 0 : 10 : 4 : 0.3999999999999999 ：0
io_recvmsg_multishot : 5 : 7 : 26102.642532264847 : 0 : 2 : 4 : 1 : 0 : 4 : 2 : 0.8 ：0
io_recv_prep_retry : 1 : 1 : 1748.1204052071575 : 0 : 3 : 1 : 3 : 0 : 1 : 1 : 1.0 ：0
io_recv_finish : 5 : 12 : 12316.290746675324 : 0 : 2 : 6 : 2 : 0 : 5 : 3 : 0.8 ：0
io_accept_prep : 2 : 12 : 13813.69443815708 : 0 : 1 : 17 : 0 : 0 : 2 : 2 : 0.8 ：0
io_send_zc_cleanup : 1 : 5 : 4066.58558111056 : 0 : 1 : 4 : 0 : 0 : 2 : 2 : 0.6 ：1
io_req_msg_cleanup : 3 : 3 : 1237.5067377061814 : 0 : 2 : 4 : 2 : 0 : 0 : 1 : 0.8 ：0
io_recvmsg_prep_multishot : 4 : 4 : 7581.818355333433 : 0 : 2 : 0 : 1 : 0 : 0 : 2 : 1.0 ：0
io_send : 2 : 19 : 41168.67581411994 : 0 : 1 : 19 : 0 : 0 : 11 : 3 : 0.6 ：0
io_sendmsg : 2 : 17 : 28599.592750949887 : 0 : 1 : 39 : 0 : 0 : 7 : 3 : 0.6 ：0
io_sendmsg_prep : 2 : 9 : 13363.18357112563 : 0 : 1 : 3 : 0 : 0 : 1 : 2 : 0.8 ：0
io_setup_async_addr : 3 : 4 : 2869.5746075556535 : 0 : 2 : 7 : 2 : 0 : 2 : 1 : 1.0 ：1
io_recvmsg_mshot_prep : 4 : 5 : 3811.534340332632 : 0 : 3 : 2 : 3 : 0 : 1 : 2 : 0.8 ：0
io_send_prep_async : 1 : 4 : 3038.3731138824564 : 0 : 1 : 8 : 0 : 0 : 4 : 1 : 1.0 ：1
io_recvmsg : 2 : 34 : 64880.75016781089 : 0 : 1 : 57 : 0 : 0 : 12 : 4 : 0.3999999999999999 ：0
io_recvmsg_copy_hdr : 2 : 6 : 11186.027614441375 : 0 : 2 : 17 : 2 : 0 : 7 : 2 : 0.8 ：0
io_recvmsg_prep : 2 : 14 : 17620.629372632357 : 0 : 1 : 4 : 0 : 0 : 1 : 2 : 0.8 ：0
io_setup_async_msg : 3 : 9 : 12824.91735778663 : 0 : 2 : 9 : 3 : 0 : 2 : 2 : 0.6 ：0
io_sendmsg_copy_hdr : 2 : 4 : 9553.644750140647 : 0 : 2 : 15 : 3 : 0 : 7 : 2 : 1.0 ：0
io_sendmsg_prep_async : 1 : 3 : 1173.972694624409 : 0 : 1 : 21 : 0 : 0 : 2 : 1 : 1.0 ：0
io_msg_copy_hdr : 4 : 11 : 41227.34798896573 : 0 : 3 : 6 : 7 : 2 : 4 : 3 : 0.3999999999999999 ：0
io_shutdown_prep : 2 : 6 : 1955.7463945353954 : 0 : 1 : 10 : 0 : 0 : 1 : 1 : 1.0 ：0
io_shutdown : 2 : 2 : 2465.217391304348 : 0 : 0 : 6 : 2 : 0 : 4 : 1 : 1.0 ：0
io_compat_msg_copy_hdr : 4 : 10 : 12731.409740354522 : 0 : 3 : 5 : 7 : 0 : 4 : 3 : 0.3999999999999999 ：0
io_netmsg_recycle : 2 : 5 : 2357.8188613971533 : 0 : 3 : 2 : 4 : 0 : 1 : 2 : 1.0 ：0
io_msg_alloc_async : 0 : 4 : 5320.131265131361 : 0 : 3 : 3 : 11 : 0 : 6 : 3 : 0.6 ：0
