nilfs_sync_file : 4 : 6 : 5969.385402846238 : 5409 : 1 : 4 : 0 : 0 : 4 : 2 : 1.0 ：0
nilfs_page_mkwrite : 1 : 19 : 23910.306435419236 : 5409 : 1 : 23 : 0 : 0 : 12 : 4 : 0.3999999999999999 ：1
