tcindex_filter_result_init : 3 : 1 : 928.2322840155812 : 791 : 3 : 2 : 2 : 0 : 0 : 1 : 1.0 ：1
tcindex_destroy_fexts_work : 1 : 1 : 715.5591302475009 : 1262 : 3 : 4 : 2 : 0 : 0 : 1 : 0.8 ：0
tcindex_walk : 3 : 11 : 25281.945396956995 : 782 : 1 : 2 : 0 : 0 : 2 : 5 : 0.8 ：0
tcindex_alloc_perfect_hash : 2 : 5 : 6191.034597868035 : 1694 : 3 : 5 : 2 : 0 : 2 : 2 : 1.0 ：0
tcindex_change : 10 : 3 : 11177.37161810994 : 5840 : 1 : 42 : 0 : 0 : 5 : 1 : 1.0 ：0
tcindex_get : 0 : 4 : 2684.4196479832603 : 5840 : 1 : 8 : 0 : 0 : 3 : 1 : 1.0 ：0
tcindex_destroy_work : 1 : 1 : 550.0 : 374 : 2 : 5 : 1 : 0 : 0 : 1 : 1.0 ：0
tcindex_delete : 5 : 10 : 20056.54453089316 : 2404 : 2 : 18 : 1 : 0 : 5 : 4 : 0.8 ：0
tcindex_init : 1 : 2 : 3480.6866191091212 : 5840 : 1 : 4 : 0 : 0 : 1 : 1 : 1.0 ：0
tcindex_partial_destroy_work : 1 : 1 : 1131.5593557523277 : 782 : 3 : 5 : 2 : 0 : 0 : 1 : 0.8 ：1
tcindex_bind_class : 5 : 4 : 1605.21827126366 : 1321 : 1 : 0 : 0 : 0 : 1 : 2 : 1.0 ：0
tcindex_dump : 6 : 22 : 48397.33908020736 : 5840 : 1 : 9 : 0 : 0 : 10 : 5 : 0.6 ：0
tcindex_destroy_rexts_work : 1 : 1 : 817.3053002826931 : 782 : 3 : 4 : 3 : 0 : 1 : 1 : 0.8 ：0
tcindex_set_parms : 10 : 62 : 183554.54862651462 : 5840 : 2 : 38 : 1 : 1 : 20 : 3 : 0.3999999999999999 ：0
tcindex_destroy : 3 : 7 : 19012.37260285967 : 374 : 1 : 37 : 0 : 0 : 4 : 3 : 1.0 ：0
tcindex_free_perfect_hash : 1 : 2 : 1401.5485594503136 : 1694 : 4 : 2 : 5 : 0 : 1 : 1 : 1.0 ：1
tcindex_lookup : 0 : 6 : 8032.499999999999 : 5840 : 3 : 3 : 4 : 1 : 2 : 2 : 1.0 ：0
tcindex_classify : 3 : 3 : 9020.031364571083 : 5840 : 1 : 10 : 0 : 0 : 4 : 2 : 1.0 ：0
tcindex_data_put : 1 : 2 : 608.986650756934 : 377 : 3 : 2 : 2 : 0 : 0 : 2 : 0.8 ：0
