udl_init : 1 : 9 : 7250.015068367199 : 0 : 1 : 68 : 0 : 0 : 6 : 2 : 0.6 ：1
udl_submit_urb : 3 : 2 : 2901.7408131328207 : 0 : 1 : 11 : 0 : 0 : 3 : 2 : 1.0 ：0
udl_release_urb_work : 1 : 1 : 848.6695168142458 : 0 : 3 : 2 : 2 : 0 : 0 : 1 : 1.0 ：0
udl_free_urb_list : 1 : 3 : 10414.284490052842 : 0 : 3 : 10 : 4 : 0 : 5 : 2 : 0.8 ：0
udl_alloc_urb_list : 3 : 7 : 28689.34878330126 : 0 : 2 : 36 : 1 : 0 : 6 : 4 : 0.3999999999999999 ：1
udl_urb_completion : 1 : 9 : 12048.941588909396 : 0 : 3 : 6 : 3 : 0 : 2 : 3 : 0.6 ：1
udl_get_urb : 0 : 5 : 9833.333333333334 : 0 : 1 : 9 : 0 : 0 : 7 : 2 : 0.8 ：0
udl_parse_vendor_descriptor : 2 : 14 : 26870.366581100214 : 0 : 2 : 9 : 1 : 0 : 12 : 5 : 0.6 ：0
udl_select_std_channel : 1 : 2 : 5473.748644368943 : 0 : 2 : 4 : 1 : 0 : 2 : 2 : 1.0 ：0
