ath9k_wmi_cmd_issue : 6 : 1 : 5110.02799504451 : 0 : 2 : 5 : 1 : 0 : 1 : 1 : 0.8 ：0
ath9k_wmi_ctrl_rx : 3 : 9 : 11778.813244682035 : 0 : 2 : 10 : 1 : 0 : 6 : 2 : 0.6 ：1
ath9k_fatal_work : 1 : 1 : 1456.184297537562 : 0 : 1 : 4 : 0 : 0 : 1 : 1 : 1.0 ：0
ath9k_wmi_connect : 3 : 2 : 4114.333953601738 : 0 : 1 : 15 : 0 : 0 : 3 : 1 : 1.0 ：0
ath9k_wmi_cmd : 7 : 13 : 20826.080343192418 : 0 : 1 : 19 : 0 : 0 : 7 : 2 : 0.3999999999999999 ：0
ath9k_wmi_event_tasklet : 1 : 10 : 17103.354079081466 : 0 : 2 : 12 : 1 : 0 : 7 : 4 : 0.3999999999999999 ：0
ath9k_stop_wmi : 1 : 1 : 868.0 : 0 : 1 : 2 : 0 : 0 : 1 : 1 : 0.8 ：0
ath9k_wmi_event_drain : 1 : 1 : 1196.8535769127302 : 0 : 1 : 3 : 0 : 0 : 0 : 1 : 0.8 ：0
ath9k_wmi_rsp_callback : 2 : 3 : 1273.835046825655 : 0 : 3 : 3 : 2 : 0 : 0 : 1 : 1.0 ：0
wmi_cmd_to_name : 0 : 33 : 8224.012761281228 : 0 : 2 : 0 : 1 : 0 : 0 : 2 : 0.8 ：0
ath9k_init_wmi : 0 : 2 : 4389.615642213093 : 0 : 1 : 20 : 0 : 0 : 3 : 1 : 0.8 ：0
