update_tty_status : 1 : 1 : 533.9248336383255 : 3944 : 4 : 0 : 8 : 0 : 0 : 1 : 0.8 ：0
register_ldisc : 1 : 2 : 1068.6915121184693 : 3944 : 2 : 2 : 1 : 0 : 3 : 2 : 1.0 ：0
ldisc_tx_wakeup : 1 : 1 : 953.7413296250792 : 3944 : 1 : 24 : 0 : 0 : 1 : 1 : 1.0 ：0
debugfs_rx : 3 : 2 : 2270.8126895835217 : 3944 : 4 : 1 : 4 : 0 : 0 : 1 : 1.0 ：0
ldisc_open : 1 : 7 : 16066.792896513372 : 3944 : 1 : 35 : 0 : 0 : 3 : 2 : 0.6 ：1
caif_ser_exit : 1 : 1 : 541.7845576090943 : 3944 : 1 : 18 : 0 : 0 : 0 : 1 : 0.8 ：0
caifdev_setup : 1 : 1 : 3708.5354428334667 : 3944 : 2 : 2 : 1 : 0 : 1 : 1 : 1.0 ：0
caif_xmit : 2 : 5 : 3733.00397741131 : 3944 : 1 : 26 : 0 : 0 : 1 : 1 : 1.0 ：0
ldisc_receive : 4 : 7 : 14364.23912482213 : 3944 : 3 : 10 : 3 : 0 : 3 : 2 : 0.8 ：0
ser_release : 1 : 2 : 2339.233515368095 : 2748 : 2 : 11 : 2 : 0 : 1 : 3 : 0.8 ：0
debugfs_tx : 3 : 2 : 2270.8126895835217 : 3944 : 1 : 1 : 0 : 0 : 0 : 1 : 1.0 ：0
handle_tx : 1 : 15 : 26743.46078192291 : 3944 : 2 : 21 : 2 : 0 : 5 : 3 : 0.6 ：0
ldisc_close : 1 : 1 : 1099.2255553218545 : 3944 : 1 : 5 : 0 : 0 : 1 : 1 : 0.8 ：0
caif_ser_init : 1 : 1 : 393.1308661831072 : 3944 : 1 : 4 : 0 : 0 : 2 : 1 : 1.0 ：0
debugfs_init : 2 : 1 : 5355.701611367795 : 3944 : 2 : 4 : 1 : 0 : 0 : 1 : 1.0 ：0
