exit_nfsd : 1 : 1 : 1187.435013464966 : 0 : 1 : 10 : 0 : 0 : 0 : 1 : 0.8 ：0
create_proc_exports_entry : 1 : 3 : 2643.9021240450766 : 0 : 2 : 3 : 1 : 0 : 1 : 2 : 1.0 ：0
nfsd_client_mkdir : 0 : 3 : 3978.257288609859 : 0 : 1 : 62 : 0 : 0 : 5 : 2 : 1.0 ：0
nfsd_init_fs_context : 1 : 1 : 675.1111111111111 : 0 : 1 : 2 : 0 : 0 : 0 : 1 : 1.0 ：0
init_nfsd : 1 : 14 : 11769.809368748725 : 0 : 1 : 23 : 0 : 0 : 9 : 1 : 0.6 ：0
nfsd_client_rmdir : 1 : 1 : 3551.9009641161106 : 0 : 2 : 25 : 1 : 0 : 3 : 1 : 0.8 ：0
nfsd_fill_super : 2 : 5 : 23798.433176275317 : 0 : 2 : 11 : 1 : 0 : 3 : 3 : 0.8 ：0
get_nfsdfs : 1 : 2 : 1598.5720209242077 : 0 : 1 : 4 : 0 : 0 : 2 : 1 : 1.0 ：0
nfsd_exit_net : 1 : 1 : 1040.813280360001 : 0 : 1 : 5 : 0 : 0 : 1 : 1 : 1.0 ：0
nfsd_umount : 1 : 1 : 479.72672017925817 : 0 : 1 : 2 : 0 : 0 : 1 : 1 : 1.0 ：0
nfsd_init_net : 1 : 7 : 11186.931045670217 : 0 : 1 : 10 : 0 : 0 : 6 : 1 : 1.0 ：1
nfsdfs_remove_files : 1 : 2 : 1705.1513292897778 : 0 : 3 : 13 : 4 : 0 : 0 : 3 : 1.0 ：0
nfsdfs_create_files : 2 : 8 : 12839.952539218779 : 0 : 2 : 26 : 1 : 0 : 6 : 3 : 0.8 ：0
nfsdfs_remove_file : 2 : 1 : 947.3311435094853 : 0 : 4 : 8 : 5 : 0 : 1 : 1 : 1.0 ：0
__get_nfsdfs_client : 0 : 2 : 544.9950455000452 : 0 : 0 : 0 : 0 : 0 : 2 : 1 : 1.0 ：0
__write_recoverydir : 4 : 7 : 7370.138534972798 : 0 : 0 : 0 : 0 : 0 : 3 : 2 : 0.8 ：0
get_nfsdfs_client : 0 : 1 : 553.8017419275075 : 0 : 1 : 2 : 0 : 0 : 2 : 1 : 0.8 ：0
nfsd_get_inode : 0 : 3 : 3722.3841209119632 : 0 : 3 : 4 : 2 : 0 : 3 : 2 : 1.0 ：0
nfsd_mkdir : 0 : 6 : 4002.726733710933 : 0 : 3 : 6 : 3 : 0 : 7 : 1 : 0.8 ：0
clear_ncl : 1 : 1 : 758.9263502625008 : 0 : 5 : 1 : 8 : 0 : 1 : 1 : 0.8 ：0
__nfsd4_write_time : 5 : 8 : 7522.79010938133 : 0 : 0 : 0 : 0 : 0 : 2 : 2 : 0.8 ：0
__write_ports : 4 : 4 : 3086.6622549497783 : 0 : 0 : 0 : 0 : 0 : 0 : 1 : 1.0 ：0
nfsd4_write_time : 5 : 1 : 613.2945347534176 : 0 : 2 : 2 : 2 : 0 : 2 : 1 : 0.8 ：0
write_maxconn : 3 : 3 : 2589.6658310256457 : 0 : 1 : 5 : 0 : 0 : 4 : 2 : 1.0 ：0
write_v4_end_grace : 3 : 6 : 3149.113314078177 : 0 : 1 : 5 : 0 : 0 : 1 : 3 : 1.0 ：0
__nfsd_mkdir : 4 : 3 : 2389.330969837143 : 0 : 0 : 0 : 0 : 0 : 1 : 2 : 1.0 ：0
__write_ports_addxprt : 3 : 11 : 15948.78925470331 : 0 : 0 : 0 : 0 : 0 : 6 : 2 : 0.8 ：0
write_maxblksize : 3 : 4 : 6300.542684716632 : 0 : 1 : 9 : 0 : 0 : 5 : 3 : 0.8 ：0
__write_ports_addfd : 3 : 6 : 7811.259346273318 : 0 : 0 : 0 : 0 : 0 : 5 : 2 : 0.8 ：0
nfsd_print_version_support : 6 : 8 : 6816.748621995076 : 0 : 0 : 0 : 0 : 0 : 2 : 1 : 1.0 ：0
write_ports : 3 : 1 : 676.6651025067752 : 0 : 1 : 4 : 0 : 0 : 2 : 1 : 0.8 ：0
write_recoverydir : 3 : 1 : 1107.268443924159 : 0 : 1 : 5 : 0 : 0 : 3 : 1 : 0.8 ：0
__write_ports_names : 2 : 2 : 994.5374071959634 : 0 : 0 : 0 : 0 : 0 : 1 : 1 : 1.0 ：0
write_threads : 3 : 5 : 4634.537097160579 : 0 : 1 : 6 : 0 : 0 : 6 : 2 : 0.8 ：0
write_unlock_fs : 3 : 5 : 10715.637902337705 : 0 : 1 : 4 : 0 : 0 : 5 : 1 : 0.6 ：0
write_versions : 3 : 1 : 539.3407219029823 : 0 : 1 : 2 : 0 : 0 : 2 : 1 : 0.8 ：0
nfsctl_transaction_read : 4 : 3 : 2860.496131898034 : 0 : 1 : 8 : 0 : 0 : 2 : 2 : 1.0 ：0
write_unlock_ip : 3 : 5 : 8283.6517366048 : 0 : 1 : 5 : 0 : 0 : 5 : 1 : 0.8 ：0
write_pool_threads : 3 : 19 : 36542.01580192603 : 0 : 1 : 13 : 0 : 0 : 13 : 3 : 0.3999999999999999 ：0
__write_versions : 3 : 30 : 68355.03747975137 : 0 : 0 : 0 : 0 : 0 : 8 : 5 : 0.6 ：0
nfsctl_transaction_write : 4 : 5 : 5531.428571428572 : 0 : 2 : 6 : 1 : 0 : 4 : 2 : 1.0 ：0
write_filehandle : 3 : 10 : 31408.124241045032 : 0 : 1 : 9 : 0 : 0 : 7 : 1 : 0.6 ：0
exports_net_open : 2 : 2 : 1753.4194531504838 : 0 : 2 : 2 : 2 : 0 : 4 : 1 : 1.0 ：0
