disk_release : 1 : 1 : 2412.087219926988 : 66 : 1 : 9 : 0 : 0 : 1 : 1 : 1.0 ：0
diskstats_show : 2 : 5 : 41818.01182661017 : 5837 : 1 : 19 : 0 : 0 : 3 : 2 : 0.6 ：0
disk_hidden_show : 3 : 1 : 654.300925786818 : 1455 : 1 : 2 : 0 : 0 : 1 : 1 : 1.0 ：0
set_disk_ro_uevent : 2 : 2 : 1571.8270417463812 : 4430 : 2 : 2 : 1 : 0 : 0 : 2 : 1.0 ：0
set_disk_ro : 2 : 4 : 1133.0446995945938 : 276 : 1 : 5 : 0 : 0 : 0 : 2 : 1.0 ：0
part_inflight_show : 3 : 2 : 3029.98964484531 : 583 : 1 : 7 : 0 : 0 : 2 : 1 : 1.0 ：0
part_stat_show : 3 : 2 : 37348.2766497831 : 583 : 1 : 13 : 0 : 0 : 3 : 1 : 1.0 ：0
__blk_alloc_disk : 0 : 3 : 1897.4811266404247 : 149 : 0 : 0 : 0 : 0 : 5 : 2 : 1.0 ：0
disk_visible : 3 : 3 : 1485.9023444260838 : 1644 : 1 : 3 : 0 : 0 : 2 : 1 : 1.0 ：0
__alloc_disk_node : 0 : 10 : 14314.00027349666 : 149 : 0 : 0 : 0 : 0 : 8 : 1 : 0.6 ：0
part_devt : 2 : 2 : 1210.4301001903852 : 149 : 2 : 3 : 1 : 0 : 3 : 1 : 0.8 ：0
genhd_device_init : 1 : 3 : 2135.6745052332153 : 5837 : 1 : 5 : 0 : 0 : 2 : 1 : 0.8 ：0
blk_lookup_devt : 2 : 6 : 7512.394327173716 : 583 : 1 : 13 : 0 : 0 : 5 : 3 : 0.8 ：0
block_devnode : 0 : 2 : 1051.996588550992 : 4422 : 1 : 1 : 0 : 0 : 2 : 1 : 1.0 ：0
disk_removable_show : 3 : 1 : 654.300925786818 : 5025 : 1 : 2 : 0 : 0 : 1 : 1 : 1.0 ：0
part_fail_store : 4 : 3 : 714.5587783547105 : 583 : 1 : 2 : 0 : 0 : 2 : 1 : 1.0 ：0
show_partition : 2 : 6 : 5714.599709320029 : 4767 : 1 : 9 : 0 : 0 : 2 : 2 : 0.8 ：0
show_partition_start : 0 : 3 : 993.8161892963119 : 4767 : 1 : 8 : 0 : 0 : 2 : 1 : 1.0 ：0
disk_seqf_stop : 2 : 2 : 1261.6776785594204 : 4767 : 1 : 2 : 0 : 0 : 1 : 2 : 1.0 ：0
disk_seqf_next : 0 : 2 : 954.7532064160264 : 4767 : 1 : 2 : 0 : 0 : 2 : 1 : 1.0 ：0
disk_seqf_start : 0 : 5 : 3260.0461886732173 : 4767 : 2 : 5 : 1 : 0 : 4 : 2 : 1.0 ：0
printk_all_partitions : 1 : 9 : 15667.338388019018 : 5286 : 1 : 15 : 0 : 0 : 4 : 3 : 0.6 ：0
blk_request_module : 1 : 5 : 8588.901902700725 : 331 : 1 : 6 : 0 : 0 : 1 : 3 : 0.8 ：0
disk_badblocks_store : 4 : 2 : 944.7134367482398 : 2119 : 1 : 2 : 0 : 0 : 1 : 1 : 1.0 ：0
disk_badblocks_show : 3 : 2 : 1055.8561940127386 : 2119 : 1 : 3 : 0 : 0 : 1 : 1 : 1.0 ：0
del_gendisk : 1 : 5 : 17145.578207078637 : 331 : 1 : 30 : 0 : 0 : 1 : 2 : 0.6 ：0
device_add_disk : 3 : 38 : 64810.69977565195 : 80 : 1 : 52 : 0 : 0 : 13 : 3 : 0.3999999999999999 ：0
disk_uevent : 2 : 4 : 2472.790158401797 : 126 : 2 : 9 : 1 : 0 : 1 : 2 : 0.8 ：0
disk_scan_partitions : 1 : 4 : 1773.0335113282206 : 400 : 2 : 7 : 1 : 0 : 1 : 1 : 1.0 ：1
bdevt_str : 0 : 3 : 4283.27569315607 : 4767 : 2 : 3 : 1 : 0 : 1 : 2 : 1.0 ：0
unregister_blkdev : 2 : 5 : 6400.414550448123 : 5837 : 1 : 8 : 0 : 0 : 3 : 2 : 0.8 ：0
blk_alloc_ext_minor : 1 : 2 : 764.6269524198453 : 149 : 2 : 1 : 1 : 0 : 2 : 1 : 1.0 ：0
__register_blkdev : 3 : 17 : 32517.487222861808 : 346 : 0 : 0 : 0 : 0 : 4 : 3 : 0.3999999999999999 ：0
blkdev_show : 2 : 3 : 2595.0994815774843 : 5690 : 1 : 4 : 0 : 0 : 1 : 1 : 0.8 ：0
part_in_flight_rw : 2 : 3 : 8384.540504081484 : 583 : 2 : 2 : 1 : 0 : 1 : 2 : 1.0 ：0
part_in_flight : 1 : 2 : 2959.9477368705057 : 583 : 2 : 2 : 2 : 0 : 2 : 2 : 1.0 ：0
part_stat_read_all : 2 : 2 : 9548.317440214214 : 519 : 2 : 3 : 2 : 0 : 3 : 3 : 1.0 ：0
set_capacity_and_notify : 2 : 8 : 8884.552924116779 : 346 : 1 : 9 : 0 : 0 : 4 : 2 : 1.0 ：0
set_capacity : 2 : 1 : 997.1975165675865 : 589 : 2 : 3 : 2 : 0 : 1 : 1 : 0.8 ：0
