ubi_read_volume_table : 2 : 13 : 29578.798083632955 : 6166 : 1 : 89 : 0 : 0 : 4 : 2 : 0.3999999999999999 ：1
create_vtbl : 4 : 11 : 24193.665286205432 : 6166 : 3 : 14 : 4 : 0 : 9 : 1 : 0.3999999999999999 ：0
ubi_change_vtbl_record : 3 : 3 : 4300.9246986632625 : 6166 : 1 : 21 : 0 : 0 : 1 : 1 : 1.0 ：0
init_volumes : 3 : 18 : 146165.90518493572 : 6166 : 2 : 12 : 1 : 0 : 4 : 3 : 0.3999999999999999 ：0
check_av : 2 : 11 : 7756.783394302667 : 4316 : 3 : 3 : 2 : 0 : 5 : 1 : 0.8 ：0
check_attaching_info : 2 : 14 : 24376.91666479922 : 4316 : 2 : 10 : 1 : 1 : 2 : 2 : 0.6 ：0
vtbl_check : 2 : 38 : 102536.38148024956 : 4316 : 3 : 9 : 4 : 0 : 15 : 3 : 0.6 ：0
self_vtbl_check : 1 : 2 : 650.1292161339604 : 4316 : 2 : 13 : 1 : 0 : 0 : 1 : 1.0 ：0
ubi_vtbl_rename_volumes : 2 : 2 : 9423.104323770902 : 5712 : 1 : 9 : 0 : 0 : 4 : 2 : 1.0 ：0
create_empty_lvol : 0 : 5 : 7381.795419096223 : 6166 : 2 : 19 : 1 : 0 : 2 : 2 : 1.0 ：0
process_lvol : 0 : 29 : 116906.85896118458 : 6166 : 2 : 36 : 1 : 0 : 9 : 2 : 0.3999999999999999 ：0
ubi_update_layout_vol : 1 : 3 : 4309.737940344049 : 3208 : 2 : 2 : 2 : 0 : 2 : 1 : 1.0 ：0
