evict_linked_inode : 1 : 3 : 7859.457835129492 : 944 : 2 : 11 : 1 : 0 : 6 : 2 : 0.8 ：0
gfs2_evict_inode : 1 : 21 : 23269.04173647943 : 7 : 1 : 84 : 0 : 0 : 9 : 2 : 0.3999999999999999 ：0
find_local_statfs_inode : 0 : 2 : 2098.5784220157648 : 936 : 1 : 1 : 0 : 0 : 2 : 2 : 1.0 ：0
gfs2_final_release_pages : 1 : 3 : 4417.487538692038 : 4325 : 4 : 7 : 3 : 0 : 2 : 2 : 1.0 ：0
gfs2_drop_inode : 1 : 9 : 10213.926720057956 : 5108 : 1 : 10 : 0 : 0 : 4 : 2 : 0.6 ：0
gfs2_upgrade_iopen_glock : 1 : 9 : 26995.926333338375 : 1075 : 3 : 9 : 2 : 0 : 7 : 2 : 0.3999999999999999 ：0
evict_should_delete : 2 : 13 : 16858.75656550132 : 944 : 2 : 22 : 1 : 0 : 14 : 3 : 0.3999999999999999 ：0
gfs2_alloc_inode : 0 : 2 : 3416.3159173355125 : 5108 : 1 : 4 : 0 : 0 : 2 : 1 : 1.0 ：0
gfs2_statfs_i : 2 : 4 : 7732.914577477117 : 5108 : 2 : 2 : 1 : 0 : 2 : 1 : 0.8 ：0
evict_unlinked_inode : 1 : 14 : 13535.225978714321 : 944 : 2 : 28 : 1 : 0 : 6 : 2 : 0.6 ：0
is_ancestor : 2 : 4 : 640.9141735080531 : 5108 : 2 : 1 : 1 : 0 : 0 : 2 : 1.0 ：0
gfs2_show_options : 2 : 31 : 56536.769365938584 : 5108 : 1 : 6 : 0 : 0 : 6 : 3 : 0.3999999999999999 ：0
gfs2_glock_put_eventually : 1 : 2 : 256.9964572388883 : 2106 : 2 : 2 : 1 : 0 : 0 : 1 : 1.0 ：0
free_local_statfs_inodes : 1 : 3 : 3538.5766869211375 : 936 : 2 : 4 : 1 : 0 : 0 : 2 : 1.0 ：0
gfs2_dinode_dealloc : 1 : 10 : 11987.210378719554 : 4410 : 3 : 20 : 2 : 0 : 10 : 2 : 0.6 ：0
gfs2_statfs : 2 : 4 : 8630.971654074998 : 4913 : 1 : 23 : 0 : 0 : 6 : 1 : 0.8 ：0
gfs2_freeze : 1 : 12 : 9361.209012870811 : 875 : 1 : 29 : 0 : 1 : 5 : 3 : 0.6 ：0
statfs_slow_fill : 2 : 1 : 914.4629410758555 : 767 : 3 : 1 : 2 : 0 : 0 : 1 : 1.0 ：0
gfs2_unfreeze : 1 : 3 : 2567.7057502448574 : 3760 : 1 : 6 : 0 : 0 : 1 : 2 : 0.8 ：0
gfs2_statfs_slow : 2 : 15 : 20142.49693102505 : 5108 : 2 : 17 : 1 : 0 : 4 : 6 : 0.3999999999999999 ：0
gfs2_put_super : 1 : 7 : 20191.339295705046 : 5108 : 1 : 77 : 0 : 0 : 3 : 2 : 0.3999999999999999 ：0
gfs2_freeze_func : 1 : 3 : 6087.823932036087 : 3103 : 1 : 11 : 0 : 0 : 4 : 3 : 0.8 ：0
gfs2_dirty_inode : 2 : 13 : 18258.997407494116 : 4226 : 1 : 26 : 0 : 0 : 8 : 3 : 0.6 ：0
gfs2_write_inode : 2 : 7 : 7167.971728844519 : 5108 : 1 : 13 : 0 : 0 : 7 : 2 : 0.6 ：0
gfs2_sync_fs : 2 : 2 : 940.8343051479811 : 5108 : 1 : 2 : 0 : 0 : 1 : 1 : 1.0 ：0
gfs2_make_fs_ro : 1 : 13 : 20638.464319979546 : 1336 : 2 : 38 : 1 : 0 : 1 : 2 : 0.8 ：0
gfs2_statfs_change : 4 : 5 : 8582.894300599912 : 4913 : 5 : 7 : 5 : 0 : 4 : 2 : 0.8 ：0
gfs2_lock_fs_check_clean : 1 : 12 : 15828.225532826487 : 6330 : 2 : 21 : 1 : 0 : 9 : 3 : 0.3999999999999999 ：0
gfs2_statfs_sync : 2 : 11 : 11695.643379304867 : 5108 : 3 : 27 : 2 : 0 : 12 : 2 : 0.6 ：0
gfs2_dinode_out : 2 : 2 : 20616.460191109945 : 4391 : 2 : 8 : 1 : 0 : 2 : 1 : 1.0 ：0
gfs2_statfs_init : 1 : 5 : 11455.53215403024 : 6330 : 1 : 17 : 0 : 0 : 8 : 2 : 0.8 ：0
update_statfs : 2 : 1 : 10101.019524096213 : 5039 : 4 : 7 : 3 : 0 : 4 : 1 : 0.8 ：0
gfs2_statfs_change_out : 2 : 1 : 1449.6868210301204 : 5791 : 6 : 1 : 10 : 0 : 1 : 1 : 0.8 ：0
gfs2_statfs_change_in : 2 : 1 : 1434.4542004961554 : 5791 : 4 : 9 : 4 : 0 : 1 : 1 : 1.0 ：0
gfs2_make_fs_rw : 1 : 7 : 10396.925709853638 : 1336 : 1 : 7 : 0 : 0 : 6 : 2 : 0.8 ：1
gfs2_jdesc_check : 1 : 3 : 3606.022688506013 : 6330 : 3 : 7 : 2 : 0 : 3 : 2 : 1.0 ：0
gfs2_jdesc_find : 0 : 1 : 990.1144362832868 : 5245 : 1 : 4 : 0 : 0 : 2 : 1 : 0.8 ：0
gfs2_jindex_free : 1 : 2 : 4476.153306245698 : 5108 : 2 : 10 : 1 : 0 : 2 : 2 : 0.8 ：0
jdesc_find_i : 0 : 2 : 848.6695168142456 : 5245 : 2 : 1 : 1 : 0 : 3 : 2 : 1.0 ：0
