batadv_dat_get_vid : 2 : 2 : 3013.9474509372285 : 1491 : 2 : 1 : 6 : 0 : 1 : 1 : 0.8 ：0
batadv_dat_snoop_incoming_arp_request : 3 : 12 : 18530.368899430323 : 3735 : 1 : 84 : 0 : 0 : 11 : 2 : 0.6 ：0
batadv_dat_snoop_outgoing_arp_reply : 2 : 4 : 11242.441859815664 : 3735 : 1 : 91 : 0 : 0 : 2 : 1 : 1.0 ：0
batadv_dat_check_dhcp_ack : 5 : 5 : 2182.4421503432704 : 1491 : 2 : 26 : 2 : 0 : 6 : 1 : 0.8 ：0
batadv_dat_drop_broadcast_packet : 2 : 12 : 11631.691400318019 : 3735 : 1 : 38 : 0 : 0 : 10 : 2 : 0.8 ：0
batadv_dat_get_dhcp_message_type : 1 : 9 : 14837.383106656142 : 1491 : 3 : 2 : 3 : 0 : 3 : 2 : 0.8 ：0
batadv_dat_put_dhcp : 6 : 2 : 7990.875034473374 : 1491 : 2 : 62 : 1 : 0 : 1 : 1 : 1.0 ：0
batadv_dat_snoop_incoming_dhcp_ack : 3 : 4 : 16341.42466368394 : 1491 : 1 : 62 : 0 : 0 : 3 : 1 : 1.0 ：0
batadv_dat_check_dhcp : 3 : 9 : 11269.282553668494 : 1491 : 3 : 12 : 3 : 0 : 4 : 2 : 0.8 ：0
batadv_dat_check_dhcp_ipudp : 2 : 7 : 8226.12637732282 : 1491 : 4 : 5 : 4 : 0 : 4 : 1 : 1.0 ：0
batadv_dat_arp_create_reply : 0 : 3 : 2107.785339328234 : 1491 : 3 : 4 : 4 : 0 : 3 : 1 : 1.0 ：0
batadv_dat_dhcp_get_yiaddr : 2 : 3 : 2488.865113328733 : 722 : 3 : 4 : 3 : 0 : 3 : 1 : 1.0 ：0
batadv_dat_snoop_outgoing_dhcp_ack : 4 : 3 : 2030.3369634238009 : 1491 : 1 : 92 : 0 : 0 : 0 : 1 : 1.0 ：0
batadv_dat_snoop_incoming_arp_reply : 3 : 19 : 54875.873696453804 : 3735 : 1 : 82 : 0 : 0 : 8 : 2 : 0.6 ：0
batadv_dat_get_dhcp_chaddr : 2 : 3 : 2601.448822890815 : 1491 : 3 : 4 : 3 : 0 : 3 : 1 : 1.0 ：0
batadv_dat_snoop_outgoing_arp_request : 2 : 17 : 38756.75026590267 : 3735 : 1 : 113 : 0 : 0 : 13 : 3 : 0.6 ：0
batadv_dat_cache_dump : 2 : 10 : 19663.844529509195 : 1782 : 1 : 24 : 0 : 0 : 13 : 2 : 0.6 ：0
batadv_arp_get_type : 3 : 32 : 28616.29922170926 : 3735 : 2 : 18 : 5 : 0 : 14 : 2 : 0.6 ：0
batadv_dat_cache_dump_entry : 4 : 6 : 4671.589845699787 : 1782 : 3 : 9 : 2 : 0 : 2 : 2 : 1.0 ：0
batadv_dat_tvlv_ogm_handler_v1 : 5 : 2 : 485.33333333333326 : 2462 : 2 : 2 : 1 : 0 : 0 : 1 : 1.0 ：0
batadv_dat_free : 1 : 1 : 729.6121171631855 : 3735 : 1 : 5 : 0 : 0 : 0 : 1 : 1.0 ：0
batadv_dat_hash_free : 1 : 2 : 1242.5887037401033 : 3735 : 2 : 1 : 1 : 0 : 0 : 1 : 1.0 ：0
batadv_dat_cache_dump_bucket : 6 : 4 : 6329.293055705328 : 1782 : 2 : 14 : 1 : 0 : 3 : 3 : 0.8 ：0
batadv_dat_init : 1 : 3 : 2206.073041047552 : 3735 : 1 : 19 : 0 : 0 : 0 : 1 : 1.0 ：1
batadv_dat_tvlv_container_update : 1 : 3 : 1528.9479835327877 : 3399 : 2 : 3 : 2 : 0 : 1 : 2 : 1.0 ：0
batadv_dat_select_candidates : 0 : 4 : 6638.484297869869 : 3735 : 4 : 14 : 5 : 0 : 7 : 1 : 1.0 ：0
batadv_dat_forward_data : 5 : 13 : 17148.862853863073 : 1406 : 3 : 25 : 4 : 0 : 10 : 4 : 0.3999999999999999 ：0
batadv_is_orig_node_eligible : 7 : 18 : 16039.056802591012 : 3735 : 6 : 2 : 7 : 0 : 8 : 1 : 0.6 ：0
batadv_choose_next_candidate : 5 : 6 : 19867.525255385066 : 3735 : 5 : 9 : 6 : 0 : 5 : 3 : 0.3999999999999999 ：0
batadv_dat_entry_add : 4 : 10 : 16596.179282009925 : 1491 : 3 : 26 : 7 : 0 : 5 : 2 : 0.6 ：0
batadv_dbg_arp : 4 : 10 : 31571.02612759746 : 3735 : 2 : 8 : 4 : 0 : 3 : 3 : 0.6 ：0
batadv_dat_entry_hash_find : 0 : 4 : 7071.96864609587 : 2139 : 4 : 6 : 12 : 0 : 5 : 2 : 0.6 ：0
batadv_dat_purge : 1 : 1 : 2351.579174041552 : 3735 : 0 : 5 : 3 : 0 : 3 : 1 : 1.0 ：1
__batadv_dat_purge : 2 : 7 : 11025.529411764706 : 3735 : 0 : 0 : 0 : 0 : 5 : 3 : 0.6 ：0
batadv_arp_hw_src : 0 : 1 : 909.9060733796159 : 3654 : 4 : 0 : 62 : 0 : 2 : 1 : 0.8 ：0
batadv_dat_entry_put : 1 : 2 : 256.87219043429417 : 2139 : 4 : 4 : 12 : 0 : 0 : 1 : 0.8 ：0
batadv_compare_dat : 2 : 1 : 630.6910432072749 : 3735 : 4 : 2 : 8 : 0 : 0 : 1 : 0.8 ：0
batadv_hash_dat : 2 : 3 : 15061.03058901076 : 3735 : 5 : 1 : 27 : 0 : 4 : 2 : 0.8 ：0
batadv_dat_entry_release : 1 : 1 : 624.0 : 2545 : 5 : 2 : 13 : 0 : 1 : 1 : 0.8 ：0
