tipc_group_update_rcv_win : 5 : 18 : 51634.720416408745 : 1064 : 2 : 18 : 1 : 0 : 4 : 3 : 0.6 ：0
tipc_group_bc_cong : 2 : 4 : 4433.166103041173 : 1064 : 1 : 18 : 0 : 0 : 4 : 2 : 1.0 ：0
tipc_group_create_member : 0 : 2 : 5879.929308057121 : 1064 : 2 : 7 : 3 : 0 : 3 : 1 : 1.0 ：0
tipc_group_self : 3 : 1 : 785.0218544913604 : 1064 : 1 : 0 : 0 : 0 : 0 : 1 : 1.0 ：0
tipc_group_member_evt : 6 : 15 : 24841.090097553428 : 1064 : 1 : 47 : 0 : 0 : 8 : 3 : 0.6 ：0
tipc_group_create_event : 5 : 2 : 14701.858588914456 : 976 : 2 : 11 : 2 : 0 : 3 : 1 : 1.0 ：0
tipc_group_proto_xmit : 4 : 15 : 15230.419517326724 : 976 : 3 : 8 : 9 : 0 : 3 : 2 : 0.6 ：0
tipc_group_proto_rcv : 5 : 25 : 57633.56127229906 : 1064 : 1 : 54 : 0 : 0 : 2 : 3 : 0.6 ：0
tipc_group_update_member : 2 : 4 : 4725.095515209702 : 976 : 2 : 4 : 4 : 0 : 1 : 2 : 1.0 ：0
tipc_group_sort_msg : 2 : 4 : 6612.263403291434 : 1064 : 2 : 5 : 1 : 0 : 2 : 3 : 1.0 ：0
tipc_group_cong : 5 : 10 : 9121.380305260816 : 1064 : 2 : 15 : 1 : 0 : 8 : 2 : 0.8 ：0
tipc_group_fill_sock_diag : 2 : 15 : 7407.093857484198 : 804 : 1 : 5 : 0 : 0 : 5 : 1 : 0.8 ：0
tipc_group_add_to_tree : 2 : 5 : 8806.10558579007 : 1064 : 3 : 3 : 4 : 0 : 1 : 2 : 1.0 ：1
tipc_group_filter_msg : 3 : 22 : 32363.466114290622 : 1064 : 1 : 62 : 0 : 0 : 7 : 4 : 0.3999999999999999 ：0
tipc_group_delete_member : 2 : 6 : 4999.420712064684 : 1064 : 2 : 10 : 1 : 0 : 0 : 1 : 1.0 ：0
tipc_group_update_bc_members : 3 : 5 : 5791.689771776568 : 1064 : 1 : 9 : 0 : 0 : 4 : 3 : 1.0 ：0
tipc_group_find_node : 0 : 3 : 2310.463574918856 : 1064 : 3 : 3 : 2 : 0 : 4 : 2 : 1.0 ：0
tipc_group_delete : 2 : 1 : 3828.0233715692357 : 1064 : 1 : 15 : 0 : 0 : 2 : 2 : 1.0 ：0
tipc_group_find_member : 0 : 5 : 4451.086956521739 : 1064 : 4 : 1 : 8 : 0 : 4 : 2 : 0.8 ：0
tipc_group_find_dest : 0 : 3 : 790.8868679574966 : 1064 : 3 : 3 : 2 : 0 : 3 : 1 : 1.0 ：0
tipc_group_open : 2 : 2 : 963.893370323199 : 976 : 2 : 2 : 2 : 0 : 0 : 1 : 1.0 ：0
tipc_group_create : 0 : 3 : 10442.243372675612 : 976 : 1 : 6 : 0 : 0 : 7 : 1 : 1.0 ：0
tipc_group_join : 3 : 1 : 2533.0070238901976 : 976 : 1 : 19 : 0 : 0 : 2 : 2 : 1.0 ：0
tipc_group_rcvbuf_limit : 1 : 3 : 4727.814915895904 : 976 : 2 : 2 : 2 : 0 : 1 : 1 : 1.0 ：0
