erofs_iget_set_actor : 2 : 1 : 499.5787917083748 : 1106 : 3 : 1 : 2 : 0 : 1 : 1 : 1.0 ：0
erofs_iget : 0 : 4 : 3836.83795358046 : 1106 : 1 : 60 : 0 : 0 : 4 : 3 : 0.8 ：0
erofs_iget_locked : 0 : 1 : 448.45647970056865 : 1106 : 2 : 6 : 1 : 0 : 0 : 1 : 1.0 ：0
erofs_fill_inode : 2 : 18 : 17668.696612834425 : 1093 : 2 : 48 : 1 : 0 : 9 : 2 : 0.3999999999999999 ：0
erofs_getattr : 5 : 2 : 1912.8212216187096 : 1106 : 1 : 4 : 0 : 0 : 0 : 1 : 1.0 ：0
erofs_read_inode : 0 : 45 : 179735.98514246583 : 1093 : 3 : 30 : 2 : 0 : 17 : 4 : 0.3999999999999999 ：0
erofs_fill_symlink : 3 : 6 : 12576.869866469297 : 1093 : 3 : 6 : 2 : 0 : 2 : 2 : 0.6 ：1
