ethnl_cable_test_step : 4 : 8 : 5164.1984796932165 : 588 : 1 : 4 : 0 : 0 : 6 : 1 : 0.8 ：0
ethnl_cable_test_finished : 1 : 1 : 897.3639336788317 : 605 : 1 : 3 : 0 : 0 : 0 : 1 : 1.0 ：0
ethnl_act_cable_test_tdr_cfg : 3 : 13 : 49076.50950934927 : 588 : 2 : 6 : 1 : 0 : 2 : 3 : 0.6 ：0
ethnl_cable_test_pulse : 2 : 4 : 2872.5241624189334 : 588 : 1 : 4 : 0 : 0 : 4 : 1 : 1.0 ：0
ethnl_cable_test_result : 3 : 6 : 3968.3112446198866 : 605 : 1 : 4 : 0 : 0 : 5 : 1 : 1.0 ：0
ethnl_act_cable_test_tdr : 2 : 12 : 15287.186296613181 : 588 : 1 : 24 : 0 : 0 : 12 : 2 : 0.3999999999999999 ：1
ethnl_act_cable_test : 2 : 10 : 12332.11301553297 : 588 : 1 : 17 : 0 : 0 : 10 : 2 : 0.6 ：1
ethnl_cable_test_started : 2 : 9 : 6442.987220674939 : 588 : 2 : 9 : 2 : 0 : 8 : 2 : 0.8 ：0
ethnl_cable_test_alloc : 2 : 11 : 9881.784412295056 : 605 : 1 : 6 : 0 : 0 : 7 : 2 : 0.8 ：0
ethnl_cable_test_amplitude : 3 : 6 : 3830.869565217392 : 588 : 1 : 5 : 0 : 0 : 5 : 1 : 1.0 ：0
ethnl_cable_test_fault_length : 3 : 6 : 3830.869565217392 : 605 : 1 : 5 : 0 : 0 : 5 : 1 : 1.0 ：0
ethnl_bitmap_to_features : 1 : 2 : 4609.9705846695915 : 664 : 2 : 1 : 1 : 0 : 2 : 1 : 1.0 ：0
ethnl_features_to_bitmap32 : 2 : 2 : 1024.2225226858423 : 664 : 2 : 0 : 1 : 0 : 0 : 1 : 1.0 ：0
features_send_reply : 7 : 11 : 15080.291690588547 : 664 : 2 : 9 : 1 : 0 : 11 : 1 : 0.8 ：0
features_prepare_data : 3 : 1 : 3535.489728405356 : 664 : 1 : 3 : 0 : 0 : 3 : 1 : 1.0 ：0
features_fill_reply : 3 : 4 : 7275.620424374829 : 664 : 1 : 2 : 0 : 0 : 6 : 1 : 1.0 ：0
ethnl_set_features : 2 : 10 : 49998.15034077547 : 664 : 1 : 28 : 0 : 0 : 10 : 2 : 0.3999999999999999 ：1
ethnl_features_to_bitmap : 2 : 2 : 1798.9857932934428 : 505 : 2 : 1 : 1 : 0 : 0 : 1 : 1.0 ：0
features_reply_size : 2 : 5 : 11962.448469222032 : 664 : 1 : 2 : 0 : 0 : 8 : 1 : 0.8 ：0
ethnl_udp_table_reply_size : 2 : 2 : 1824.3581656035112 : 520 : 3 : 2 : 2 : 0 : 2 : 1 : 1.0 ：0
ethnl_tunnel_info_doit : 2 : 8 : 14601.69551105647 : 544 : 1 : 27 : 0 : 0 : 11 : 2 : 0.6 ：1
ethnl_tunnel_info_fill_reply : 2 : 23 : 34882.199525846765 : 544 : 2 : 9 : 2 : 0 : 11 : 2 : 0.6 ：0
ethnl_tunnel_info_start : 1 : 2 : 6880.597031465697 : 544 : 1 : 6 : 0 : 0 : 5 : 2 : 1.0 ：1
ethnl_tunnel_info_dumpit : 2 : 14 : 28346.371025444896 : 544 : 1 : 20 : 0 : 0 : 13 : 4 : 0.3999999999999999 ：0
ethnl_tunnel_info_reply_size : 2 : 7 : 17064.44137735811 : 544 : 2 : 6 : 1 : 0 : 7 : 2 : 0.8 ：0
