page_pool_nl_fill : 3 : 16 : 12040.964345304787 : 0 : 4 : 6 : 8 : 0 : 6 : 1 : 0.6 ：0
page_pool_nl_stats_fill : 3 : 19 : 20707.49022021912 : 0 : 2 : 10 : 2 : 0 : 5 : 2 : 0.3999999999999999 ：0
page_pool_list : 1 : 4 : 5105.1838850779195 : 0 : 1 : 20 : 0 : 0 : 4 : 2 : 0.8 ：1
page_pool_unlist : 1 : 1 : 816.8444099337114 : 0 : 1 : 20 : 0 : 0 : 0 : 1 : 0.8 ：1
page_pool_unreg_netdev_wipe : 1 : 1 : 1916.1204262775152 : 0 : 2 : 4 : 1 : 0 : 2 : 2 : 0.8 ：0
page_pool_detached : 1 : 1 : 580.4535602007699 : 0 : 1 : 19 : 0 : 0 : 0 : 1 : 0.8 ：0
page_pool_unreg_netdev : 1 : 2 : 4050.0 : 0 : 2 : 21 : 1 : 0 : 1 : 2 : 0.8 ：0
page_pool_netdevice_event : 3 : 4 : 1551.1451069865602 : 0 : 1 : 29 : 0 : 0 : 4 : 1 : 1.0 ：0
netdev_nl_page_pool_get_doit : 2 : 2 : 1337.829485591189 : 0 : 1 : 20 : 0 : 0 : 1 : 1 : 1.0 ：0
netdev_nl_page_pool_get_do : 3 : 9 : 6161.859174081896 : 0 : 2 : 10 : 2 : 0 : 7 : 2 : 0.8 ：0
netdev_nl_page_pool_stats_get_doit : 2 : 5 : 9331.055743417803 : 0 : 1 : 28 : 0 : 0 : 4 : 2 : 0.8 ：0
netdev_nl_page_pool_get_dump : 3 : 6 : 8222.990879665105 : 0 : 2 : 8 : 2 : 0 : 7 : 3 : 0.8 ：0
netdev_nl_page_pool_event : 2 : 5 : 6040.628728054572 : 0 : 3 : 15 : 5 : 0 : 3 : 2 : 0.6 ：0
