br_setport : 3 : 28 : 76717.5219584908 : 0 : 2 : 24 : 2 : 0 : 15 : 3 : 0.6 ：0
br_changelink : 4 : 61 : 206638.2814088629 : 0 : 2 : 35 : 1 : 0 : 45 : 3 : 0.3999999999999999 ：0
br_validate : 3 : 9 : 4903.151084016417 : 0 : 1 : 6 : 0 : 0 : 1 : 2 : 0.8 ：0
br_set_port_state : 2 : 9 : 4843.089809526101 : 0 : 3 : 4 : 4 : 0 : 0 : 1 : 0.8 ：0
br_port_slave_changelink : 5 : 2 : 1575.0564850916487 : 0 : 1 : 29 : 0 : 0 : 3 : 1 : 0.8 ：0
br_fill_info : 2 : 48 : 101618.58418892995 : 0 : 1 : 13 : 0 : 0 : 10 : 1 : 0.3999999999999999 ：0
br_dellink : 3 : 6 : 6607.451779257183 : 0 : 1 : 115 : 0 : 0 : 6 : 1 : 1.0 ：0
br_get_linkxstats_size : 2 : 5 : 8625.066022614603 : 0 : 1 : 7 : 0 : 0 : 5 : 2 : 1.0 ：0
br_dev_newlink : 5 : 4 : 4756.863654555022 : 0 : 1 : 43 : 0 : 0 : 4 : 2 : 0.8 ：0
br_fill_linkxstats : 4 : 16 : 36299.19658812738 : 0 : 1 : 18 : 0 : 0 : 12 : 3 : 0.3999999999999999 ：0
br_get_size : 1 : 2 : 42696.59980704328 : 0 : 1 : 3 : 0 : 0 : 0 : 1 : 0.8 ：0
br_netlink_init : 1 : 3 : 745.0211331270287 : 0 : 1 : 4 : 0 : 0 : 3 : 1 : 1.0 ：0
br_setlink : 4 : 16 : 28198.09761953666 : 0 : 1 : 149 : 0 : 0 : 9 : 3 : 0.3999999999999999 ：0
br_vlan_info : 6 : 12 : 10374.196395380975 : 0 : 4 : 4 : 4 : 0 : 3 : 3 : 0.8 ：0
br_afspec : 6 : 17 : 23468.683427101198 : 0 : 2 : 22 : 2 : 0 : 13 : 4 : 0.6 ：0
br_fill_ifvlaninfo_range : 4 : 8 : 9719.173802972002 : 0 : 6 : 1 : 7 : 0 : 4 : 2 : 0.6 ：0
br_set_port_flag : 4 : 3 : 1063.3308753677895 : 0 : 3 : 1 : 3 : 0 : 0 : 1 : 1.0 ：0
br_getlink : 6 : 7 : 1693.353375444468 : 0 : 1 : 57 : 0 : 0 : 1 : 1 : 1.0 ：0
br_nlmsg_size : 2 : 1 : 3625.4347826086955 : 0 : 4 : 22 : 4 : 0 : 0 : 1 : 1.0 ：0
br_process_vlan_info : 7 : 15 : 28877.888398727373 : 0 : 3 : 11 : 3 : 0 : 4 : 4 : 0.6 ：0
br_get_num_vlan_infos : 2 : 3 : 1297.5487677427677 : 0 : 6 : 2 : 6 : 0 : 2 : 1 : 0.6 ：0
br_port_info_size : 1 : 1 : 28007.571428571428 : 0 : 5 : 2 : 6 : 0 : 0 : 1 : 0.8 ：0
br_fill_ifvlaninfo : 2 : 6 : 5333.070613273765 : 0 : 5 : 4 : 6 : 0 : 4 : 2 : 0.6 ：0
br_fill_ifinfo : 9 : 63 : 81560.59945574874 : 0 : 4 : 55 : 5 : 0 : 28 : 3 : 0.3999999999999999 ：0
br_get_link_af_size_filtered : 2 : 12 : 37347.878382844174 : 0 : 5 : 16 : 5 : 0 : 10 : 2 : 0.3999999999999999 ：1
br_fill_ifvlaninfo_compressed : 2 : 14 : 15860.058426759486 : 0 : 5 : 5 : 6 : 0 : 6 : 3 : 0.3999999999999999 ：0
__get_num_vlan_infos : 2 : 13 : 18641.107982200603 : 0 : 0 : 0 : 0 : 0 : 5 : 3 : 0.8 ：0
br_port_fill_attrs : 2 : 41 : 49623.996286301954 : 0 : 5 : 11 : 7 : 0 : 3 : 1 : 0.19999999999999996 ：0
br_info_notify : 4 : 8 : 13986.782505328743 : 0 : 3 : 86 : 3 : 0 : 7 : 2 : 0.8 ：0
