xskq_get_ring_size : 2 : 2 : 1152.51415863663 : 1219 : 2 : 1 : 1 : 0 : 2 : 1 : 1.0 ：0
xskq_destroy : 1 : 2 : 286.79700005769246 : 1815 : 1 : 2 : 0 : 0 : 0 : 1 : 1.0 ：0
xskq_create : 0 : 3 : 4348.90703645075 : 1815 : 1 : 6 : 0 : 0 : 5 : 2 : 0.8 ：0
