gre_init : 1 : 2 : 761.9660174670821 : 0 : 1 : 3 : 0 : 0 : 0 : 2 : 1.0 ：0
gre_rcv : 1 : 8 : 5185.827037867836 : 0 : 1 : 5 : 0 : 0 : 8 : 1 : 0.8 ：0
gre_err : 2 : 4 : 5431.4492736472985 : 0 : 1 : 3 : 0 : 0 : 5 : 1 : 0.8 ：0
gre_del_protocol : 2 : 3 : 2345.4236307968094 : 0 : 1 : 2 : 0 : 0 : 2 : 1 : 1.0 ：1
gre_add_protocol : 2 : 2 : 1240.573010696962 : 0 : 1 : 1 : 0 : 0 : 0 : 1 : 1.0 ：0
gre_parse_header : 5 : 18 : 46875.60108115171 : 0 : 1 : 10 : 0 : 0 : 5 : 3 : 0.6 ：1
