rtl28xxu_get_rc_config : 2 : 2 : 900.087201098663 : 2299 : 1 : 98 : 0 : 0 : 1 : 0 : 1.0 ：0
rtl2832u_rc_query : 1 : 18 : 57978.06855233301 : 3203 : 3 : 52 : 2 : 0 : 10 : 4 : 0.6 ：0
rtl2831u_get_rc_config : 2 : 1 : 397.74669244526666 : 2299 : 2 : 30 : 1 : 0 : 0 : 1 : 1.0 ：0
rtl2832u_get_rc_config : 2 : 3 : 3434.3823618144697 : 2299 : 2 : 65 : 1 : 0 : 0 : 0 : 1.0 ：0
rtl28xxu_pid_filter_ctrl : 2 : 2 : 3860.3060024122556 : 2299 : 1 : 1 : 0 : 0 : 3 : 1 : 1.0 ：0
rtl28xxu_init : 1 : 9 : 9438.015503548088 : 2299 : 1 : 36 : 0 : 0 : 8 : 1 : 0.8 ：0
rtl28xxu_tuner_attach : 1 : 2 : 783.7096278729084 : 2299 : 1 : 49 : 0 : 0 : 1 : 1 : 1.0 ：0
rtl2831u_rc_query : 1 : 14 : 40015.85987202312 : 3203 : 3 : 29 : 2 : 0 : 9 : 4 : 0.6 ：0
rtl28xxu_pid_filter : 4 : 2 : 4372.03952068719 : 2299 : 1 : 1 : 0 : 0 : 3 : 1 : 1.0 ：0
rtl2832u_power_ctrl : 2 : 20 : 26090.59306340308 : 3203 : 2 : 39 : 1 : 0 : 12 : 2 : 0.6 ：0
rtl2831u_power_ctrl : 2 : 13 : 43510.37482601056 : 3203 : 2 : 38 : 1 : 0 : 8 : 2 : 0.6 ：0
rtl28xxu_power_ctrl : 2 : 2 : 1055.8561940127386 : 2299 : 1 : 80 : 0 : 0 : 1 : 1 : 1.0 ：0
rtl2831u_tuner_attach : 1 : 6 : 12974.967241111623 : 3203 : 2 : 5 : 1 : 0 : 6 : 2 : 1.0 ：0
rtl28xxu_frontend_ctrl : 2 : 10 : 12878.440773893393 : 2299 : 1 : 28 : 0 : 1 : 7 : 2 : 0.8 ：0
rtl28xxu_tuner_detach : 1 : 3 : 4361.2201560173335 : 2299 : 1 : 6 : 0 : 0 : 4 : 2 : 1.0 ：0
rtl2832u_tuner_attach : 1 : 36 : 219676.84028167784 : 3203 : 2 : 41 : 1 : 0 : 15 : 4 : 0.6 ：0
rtl2832u_fc0012_tuner_callback : 3 : 8 : 7964.756090562693 : 3203 : 4 : 25 : 3 : 0 : 6 : 2 : 0.8 ：0
rtl2832u_frontend_attach : 1 : 35 : 118459.55116325019 : 3203 : 2 : 69 : 1 : 9 : 14 : 4 : 0.3999999999999999 ：0
rtl2831u_frontend_attach : 1 : 9 : 21921.197338584665 : 3203 : 2 : 11 : 1 : 0 : 10 : 2 : 0.8 ：0
rtl2832u_frontend_callback : 4 : 7 : 10447.35845545776 : 3203 : 3 : 56 : 2 : 0 : 5 : 3 : 1.0 ：0
rtl28xxu_frontend_detach : 1 : 3 : 5726.539847846934 : 2299 : 1 : 5 : 0 : 0 : 3 : 2 : 1.0 ：0
rtl2832u_tua9001_tuner_callback : 3 : 9 : 9735.043068181292 : 3162 : 4 : 26 : 3 : 0 : 5 : 2 : 0.8 ：0
rtl28xxu_frontend_attach : 1 : 2 : 783.7096278729084 : 2299 : 1 : 83 : 0 : 0 : 1 : 1 : 1.0 ：0
rtl28xxu_rd_regs : 4 : 4 : 1937.3640335892142 : 2299 : 7 : 10 : 32 : 0 : 1 : 1 : 0.8 ：0
rtl28xxu_identify_state : 2 : 5 : 10991.992221583385 : 2299 : 1 : 14 : 0 : 1 : 5 : 2 : 1.0 ：0
rtl28xxu_wr_reg_mask : 4 : 5 : 2715.1255781767995 : 899 : 5 : 24 : 14 : 0 : 3 : 2 : 0.8 ：0
rtl28xxu_read_config : 1 : 2 : 783.7096278729084 : 2299 : 1 : 66 : 0 : 0 : 1 : 1 : 1.0 ：0
rtl2832u_read_config : 1 : 84 : 345697.7024462483 : 3158 : 2 : 38 : 1 : 0 : 52 : 3 : 0.6 ：0
rtl28xxu_i2c_xfer : 3 : 32 : 221186.20918912193 : 3203 : 1 : 13 : 0 : 1 : 6 : 4 : 0.3999999999999999 ：0
rtl2831u_read_config : 1 : 16 : 49883.19409025097 : 3158 : 2 : 25 : 1 : 0 : 13 : 2 : 0.6 ：0
rtl28xxu_ctrl_msg : 2 : 7 : 21850.0 : 899 : 8 : 9 : 75 : 0 : 6 : 2 : 0.3999999999999999 ：1
rtl28xxu_wr_regs : 4 : 4 : 1937.3640335892142 : 2299 : 7 : 10 : 35 : 0 : 1 : 1 : 0.8 ：0
