crypto_shoot_alg : 1 : 1 : 213.30526879290878 : 139 : 3 : 2 : 2 : 0 : 0 : 0 : 1.0 ：1
crypto_ctxsize : 3 : 4 : 3505.803004962938 : 5409 : 0 : 0 : 0 : 0 : 2 : 1 : 1.0 ：1
crypto_alloc_tfm : 0 : 7 : 5104.623002440423 : 4142 : 1 : 100 : 0 : 0 : 5 : 2 : 0.8 ：0
crypto_exit_ops : 1 : 3 : 588.0 : 4142 : 3 : 0 : 3 : 0 : 1 : 0 : 1.0 ：0
crypto_larval_lookup : 0 : 9 : 7434.175833404521 : 858 : 4 : 56 : 5 : 0 : 2 : 1 : 0.8 ：0
crypto_find_alg : 0 : 2 : 1415.1704681484507 : 3947 : 2 : 84 : 1 : 0 : 0 : 1 : 1.0 ：0
crypto_probing_notify : 2 : 2 : 1083.9909583294811 : 4260 : 4 : 2 : 5 : 0 : 2 : 1 : 1.0 ：0
crypto_has_alg : 3 : 2 : 939.6946036715768 : 4968 : 1 : 88 : 0 : 0 : 3 : 1 : 1.0 ：0
crypto_destroy_tfm : 2 : 4 : 1370.4030359069734 : 4100 : 1 : 6 : 0 : 0 : 1 : 0 : 1.0 ：0
crypto_create_tfm : 0 : 11 : 9598.50376499032 : 4142 : 2 : 7 : 1 : 0 : 8 : 0 : 0.6 ：0
crypto_alg_mod_lookup : 0 : 7 : 9453.978398271433 : 4142 : 3 : 83 : 4 : 0 : 5 : 1 : 0.8 ：0
__crypto_alloc_tfm : 0 : 11 : 7277.899551273378 : 4829 : 0 : 0 : 0 : 0 : 7 : 0 : 0.6 ：0
crypto_init_ops : 3 : 2 : 735.206362458968 : 5490 : 0 : 0 : 0 : 0 : 1 : 0 : 1.0 ：0
crypto_alg_lookup : 0 : 6 : 4900.0 : 759 : 5 : 7 : 6 : 0 : 3 : 2 : 0.8 ：0
crypto_req_done : 2 : 2 : 656.7631877271642 : 907 : 1 : 1 : 0 : 0 : 1 : 0 : 1.0 ：0
crypto_alloc_base : 0 : 7 : 5417.537430390661 : 4968 : 1 : 91 : 0 : 0 : 5 : 2 : 0.8 ：0
crypto_larval_wait : 0 : 13 : 5927.171486247516 : 2424 : 6 : 10 : 18 : 0 : 3 : 0 : 0.6 ：0
crypto_larval_kill : 1 : 1 : 811.0264298059785 : 4491 : 4 : 5 : 5 : 0 : 1 : 0 : 1.0 ：0
crypto_larval_add : 0 : 5 : 5686.917501586544 : 4260 : 5 : 32 : 6 : 0 : 3 : 1 : 0.6 ：0
crypto_larval_destroy : 1 : 2 : 863.5682640871356 : 4968 : 7 : 7 : 8 : 0 : 1 : 0 : 0.8 ：0
crypto_larval_alloc : 0 : 2 : 2927.2478501963487 : 4260 : 6 : 12 : 7 : 0 : 2 : 0 : 0.8 ：0
__crypto_alg_lookup : 0 : 12 : 8808.820036592995 : 759 : 0 : 0 : 0 : 0 : 2 : 1 : 0.8 ：0
crypto_mod_put : 1 : 1 : 388.5461704048147 : 738 : 8 : 2 : 44 : 0 : 1 : 0 : 0.8 ：0
