__page_table_check_pmd_clear : 3 : 3 : 650.1292161339604 : 449 : 0 : 0 : 0 : 0 : 0 : 2 : 1.0 ：0
__page_table_check_zero : 2 : 2 : 3266.0206230242666 : 469 : 0 : 0 : 0 : 0 : 2 : 2 : 1.0 ：1
__page_table_check_pud_set : 4 : 3 : 1274.1233196106564 : 469 : 0 : 0 : 0 : 0 : 0 : 2 : 1.0 ：0
__page_table_check_pmd_set : 4 : 3 : 1274.1233196106564 : 469 : 0 : 0 : 0 : 0 : 0 : 2 : 1.0 ：0
__page_table_check_pud_clear : 3 : 3 : 650.1292161339604 : 449 : 0 : 0 : 0 : 0 : 0 : 2 : 1.0 ：0
page_table_check_set : 5 : 5 : 6609.834693850104 : 469 : 0 : 0 : 0 : 0 : 4 : 3 : 1.0 ：1
page_table_check_clear : 4 : 4 : 6805.385725321246 : 449 : 0 : 0 : 0 : 0 : 4 : 3 : 1.0 ：1
__page_table_check_pte_clear_range : 3 : 5 : 3238.5477931016226 : 449 : 0 : 0 : 0 : 0 : 1 : 3 : 1.0 ：0
__page_table_check_pte_clear : 3 : 3 : 650.1292161339604 : 449 : 0 : 0 : 0 : 0 : 0 : 2 : 1.0 ：0
__page_table_check_pte_set : 4 : 3 : 1274.1233196106564 : 469 : 0 : 0 : 0 : 0 : 0 : 2 : 1.0 ：0
