exfat_write_failed : 2 : 2 : 1545.2857451992725 : 1408 : 2 : 5 : 3 : 0 : 1 : 2 : 1.0 ：0
exfat_get_block : 4 : 36 : 88932.85775970615 : 4 : 2 : 37 : 7 : 2 : 17 : 3 : 0.19999999999999996 ：0
exfat_iget : 0 : 3 : 4637.8559400057675 : 1408 : 2 : 8 : 1 : 0 : 5 : 2 : 0.8 ：0
exfat_readahead : 1 : 4 : 4215.149045362271 : 1319 : 1 : 43 : 0 : 0 : 4 : 1 : 1.0 ：0
exfat_evict_inode : 1 : 2 : 2123.916452539947 : 1408 : 1 : 14 : 0 : 0 : 0 : 2 : 0.8 ：0
exfat_build_inode : 0 : 7 : 5606.844063666921 : 1408 : 1 : 37 : 0 : 0 : 6 : 2 : 1.0 ：0
exfat_map_new_buffer : 3 : 5 : 2090.3131923027445 : 1408 : 3 : 2 : 8 : 0 : 0 : 1 : 0.8 ：0
exfat_fill_inode : 2 : 3 : 34442.33585550678 : 1408 : 2 : 13 : 1 : 0 : 3 : 2 : 0.6 ：0
exfat_hash_inode : 2 : 1 : 2466.9475158283403 : 1408 : 2 : 7 : 1 : 0 : 2 : 1 : 0.8 ：0
exfat_unhash_inode : 1 : 1 : 1197.675920434017 : 1408 : 2 : 5 : 1 : 0 : 1 : 1 : 0.8 ：0
exfat_write_end : 7 : 7 : 10242.37162157183 : 4 : 1 : 13 : 0 : 0 : 4 : 2 : 0.8 ：0
exfat_write_begin : 6 : 2 : 1296.6655014191526 : 1408 : 1 : 45 : 0 : 0 : 2 : 1 : 1.0 ：0
exfat_map_cluster : 4 : 32 : 104065.71893328935 : 1408 : 3 : 13 : 8 : 0 : 6 : 4 : 0.19999999999999996 ：0
exfat_aop_bmap : 2 : 1 : 1992.1975818170586 : 1408 : 1 : 42 : 0 : 0 : 2 : 1 : 0.8 ：0
exfat_write_inode : 2 : 1 : 1243.3637012173722 : 530 : 1 : 3 : 0 : 0 : 2 : 1 : 0.8 ：0
exfat_direct_IO : 2 : 11 : 18646.29589796331 : 4 : 1 : 50 : 0 : 0 : 9 : 2 : 0.6 ：1
__exfat_write_inode : 2 : 12 : 51046.60736852923 : 530 : 0 : 0 : 0 : 0 : 6 : 2 : 0.3999999999999999 ：0
