ovl_prep_cu_creds : 2 : 3 : 2100.457054115258 : 1548 : 6 : 2 : 14 : 0 : 2 : 1 : 0.8 ：0
ovl_copy_up_metadata : 2 : 10 : 20117.415583097067 : 119 : 6 : 59 : 14 : 0 : 9 : 2 : 0.3999999999999999 ：0
ovl_link_up : 1 : 6 : 15017.6786502751 : 2027 : 4 : 16 : 5 : 0 : 9 : 3 : 0.6 ：0
ovl_copy_up_one : 3 : 16 : 27668.369873567033 : 3012 : 3 : 314 : 4 : 0 : 5 : 2 : 0.6 ：0
ovl_do_copy_up : 1 : 19 : 34628.63099004146 : 2027 : 4 : 243 : 5 : 0 : 8 : 2 : 0.3999999999999999 ：0
ovl_maybe_copy_up : 2 : 3 : 1273.7225458951061 : 1356 : 1 : 332 : 0 : 0 : 2 : 3 : 1.0 ：0
ovl_copy_up_meta_inode_data : 1 : 13 : 12735.322538269711 : 1646 : 4 : 32 : 5 : 0 : 10 : 2 : 0.6 ：0
ovl_revert_cu_creds : 1 : 2 : 387.17595007788486 : 1548 : 6 : 2 : 14 : 0 : 0 : 2 : 0.8 ：0
ovl_create_index : 3 : 15 : 22559.55160382484 : 1823 : 6 : 28 : 7 : 0 : 11 : 2 : 0.19999999999999996 ：0
ovl_need_meta_copy_up : 3 : 6 : 1654.700850752887 : 1646 : 4 : 2 : 5 : 0 : 5 : 1 : 1.0 ：0
ovl_copy_up_flags : 2 : 9 : 10381.429845660901 : 1646 : 2 : 324 : 3 : 0 : 6 : 3 : 1.0 ：0
ovl_copy_up_tmpfile : 1 : 12 : 20605.72207330466 : 1548 : 5 : 93 : 6 : 0 : 10 : 2 : 0.19999999999999996 ：1
ovl_copy_up_workdir : 1 : 22 : 40572.514053729166 : 1548 : 5 : 131 : 6 : 0 : 16 : 2 : 0.19999999999999996 ：0
ovl_copy_up_data : 2 : 5 : 4099.095591126323 : 1646 : 6 : 19 : 13 : 0 : 4 : 1 : 0.8 ：0
ovl_getxattr_value : 3 : 6 : 4759.281372837028 : 268 : 5 : 3 : 6 : 0 : 3 : 2 : 0.6 ：0
ovl_open_need_copy_up : 2 : 4 : 1836.3168161582223 : 1646 : 2 : 4 : 1 : 0 : 4 : 1 : 1.0 ：0
ovl_set_origin : 3 : 3 : 7237.4081784569435 : 2087 : 7 : 12 : 15 : 0 : 3 : 2 : 0.8 ：0
ovl_set_upper_fh : 3 : 2 : 2075.3578725693383 : 1823 : 7 : 11 : 8 : 0 : 3 : 1 : 0.8 ：0
ovl_encode_real_fh : 0 : 11 : 24409.74950110477 : 1745 : 8 : 6 : 25 : 0 : 6 : 1 : 0.3999999999999999 ：0
ovl_set_size : 3 : 1 : 628.4392620283456 : 1646 : 7 : 1 : 15 : 0 : 0 : 2 : 0.8 ：0
ovl_set_timestamps : 3 : 1 : 942.1770279473923 : 2027 : 8 : 1 : 28 : 0 : 0 : 2 : 0.8 ：0
ovl_copy_up_file : 4 : 25 : 35629.926708420135 : 119 : 7 : 12 : 21 : 0 : 13 : 4 : 0.3999999999999999 ：0
ovl_set_attr : 3 : 4 : 4677.906111453809 : 3012 : 7 : 6 : 15 : 0 : 2 : 3 : 0.8 ：0
ovl_copy_fileattr : 3 : 15 : 31591.863780800726 : 522 : 7 : 6 : 15 : 0 : 6 : 3 : 0.3999999999999999 ：0
ovl_copy_xattr : 3 : 24 : 45951.002342555876 : 3012 : 7 : 22 : 15 : 0 : 8 : 4 : 0.19999999999999996 ：0
ovl_copy_acl : 4 : 6 : 6492.8432429988825 : 93 : 8 : 6 : 16 : 0 : 3 : 2 : 0.6 ：0
