tcf_pedit_stats_update : 6 : 1 : 1471.9572916526572 : 1127 : 1 : 3 : 0 : 0 : 2 : 1 : 1.0 ：0
tcf_pedit_keys_ex_parse : 0 : 15 : 28137.907362788606 : 2267 : 2 : 11 : 1 : 0 : 13 : 3 : 0.6 ：0
offset_valid : 2 : 5 : 726.6816507831845 : 2340 : 2 : 1 : 1 : 0 : 3 : 1 : 1.0 ：0
tcf_pedit_dump : 4 : 11 : 19184.54118797689 : 6317 : 1 : 22 : 0 : 0 : 9 : 2 : 0.3999999999999999 ：0
tcf_pedit_offload_act_setup : 5 : 9 : 21236.341408196247 : 495 : 1 : 8 : 0 : 0 : 5 : 4 : 0.6 ：0
tcf_pedit_cleanup : 1 : 2 : 1202.5028876256188 : 85 : 1 : 6 : 0 : 0 : 2 : 1 : 1.0 ：0
tcf_pedit_act : 3 : 22 : 48446.03451003309 : 1719 : 1 : 21 : 0 : 0 : 19 : 4 : 0.6 ：0
pedit_skb_hdr_offset : 3 : 9 : 2581.115582993333 : 2267 : 2 : 5 : 1 : 0 : 0 : 2 : 1.0 ：0
tcf_pedit_init : 7 : 32 : 104592.80027386484 : 6317 : 1 : 42 : 0 : 2 : 21 : 3 : 0.3999999999999999 ：1
tcf_pedit_cleanup_rcu : 1 : 1 : 1200.9384004153858 : 85 : 2 : 2 : 2 : 0 : 0 : 1 : 0.8 ：0
tcf_pedit_key_ex_dump : 3 : 9 : 6347.669782551726 : 2267 : 2 : 4 : 1 : 0 : 4 : 2 : 1.0 ：0
