raw_ioctl_ep_set_clear_halt_wedge : 4 : 28 : 53947.649566914355 : 1150 : 2 : 8 : 1 : 0 : 9 : 2 : 0.3999999999999999 ：0
fill_ep_caps : 2 : 1 : 1387.6648943029095 : 1150 : 3 : 0 : 2 : 0 : 0 : 1 : 1.0 ：0
raw_ioctl_ep_disable : 2 : 15 : 34900.0 : 1210 : 2 : 6 : 1 : 0 : 8 : 2 : 0.3999999999999999 ：0
raw_ioctl_ep0_stall : 2 : 13 : 13525.588785771135 : 1150 : 2 : 5 : 1 : 0 : 6 : 2 : 0.6 ：0
raw_ioctl_vbus_draw : 2 : 5 : 4709.293377006264 : 1210 : 2 : 4 : 1 : 0 : 4 : 2 : 0.8 ：0
raw_ioctl_ep_write : 2 : 2 : 1937.3640335892142 : 1210 : 2 : 25 : 1 : 0 : 4 : 1 : 1.0 ：0
raw_ioctl_ep_read : 2 : 5 : 6929.150379543346 : 1210 : 2 : 27 : 1 : 0 : 5 : 1 : 0.8 ：0
gadget_ep_complete : 2 : 2 : 3448.8431043419873 : 1210 : 4 : 3 : 5 : 0 : 2 : 1 : 0.8 ：0
raw_process_ep_io : 4 : 19 : 56688.73759065915 : 1210 : 3 : 15 : 4 : 0 : 12 : 2 : 0.3999999999999999 ：0
raw_ioctl : 3 : 18 : 18786.044098845563 : 1150 : 1 : 251 : 0 : 0 : 3 : 2 : 0.8 ：0
raw_ioctl_ep0_write : 2 : 2 : 2017.0733298651344 : 1210 : 2 : 20 : 1 : 0 : 4 : 1 : 1.0 ：0
raw_ioctl_configure : 2 : 6 : 4626.572895851865 : 1210 : 2 : 4 : 1 : 0 : 4 : 2 : 0.8 ：0
raw_ioctl_ep_enable : 2 : 18 : 49449.98146345645 : 1210 : 2 : 14 : 1 : 0 : 10 : 3 : 0.3999999999999999 ：0
raw_process_ep0_io : 4 : 22 : 32106.37075559972 : 1210 : 3 : 10 : 4 : 0 : 10 : 2 : 0.3999999999999999 ：0
raw_ioctl_eps_info : 2 : 9 : 25832.148566845815 : 1150 : 2 : 9 : 1 : 0 : 7 : 2 : 0.6 ：0
raw_ioctl_ep0_read : 2 : 5 : 7118.890023060669 : 1210 : 2 : 22 : 1 : 0 : 5 : 1 : 0.8 ：0
raw_alloc_io_data : 0 : 7 : 7283.6664653867065 : 1210 : 3 : 5 : 8 : 0 : 2 : 2 : 0.6 ：0
raw_ioctl_run : 2 : 6 : 9575.381478925096 : 1210 : 2 : 6 : 1 : 0 : 4 : 2 : 0.8 ：0
raw_ioctl_event_fetch : 2 : 7 : 21244.457931685167 : 1210 : 2 : 17 : 1 : 0 : 3 : 2 : 0.3999999999999999 ：0
raw_ioctl_init : 2 : 20 : 44841.33793884308 : 1210 : 2 : 70 : 1 : 0 : 15 : 2 : 0.3999999999999999 ：0
raw_release : 2 : 6 : 9225.282118157544 : 1210 : 1 : 14 : 0 : 0 : 5 : 2 : 0.6 ：0
raw_open : 2 : 3 : 2241.739626368549 : 1210 : 1 : 8 : 0 : 0 : 1 : 1 : 1.0 ：0
get_ep_addr : 1 : 2 : 4912.710416567579 : 1150 : 4 : 2 : 3 : 0 : 1 : 1 : 1.0 ：0
gadget_bind : 2 : 4 : 23713.389507952583 : 1210 : 3 : 26 : 2 : 0 : 5 : 2 : 0.8 ：0
gadget_unbind : 1 : 1 : 1078.9225880909942 : 1210 : 3 : 12 : 2 : 0 : 1 : 1 : 1.0 ：0
gadget_setup : 2 : 10 : 9057.623155963414 : 1210 : 3 : 15 : 2 : 0 : 6 : 2 : 0.6 ：0
gadget_ep0_complete : 2 : 3 : 3535.0641819505367 : 1210 : 4 : 3 : 3 : 0 : 1 : 1 : 0.8 ：0
dev_free : 1 : 6 : 19907.963849489894 : 1210 : 4 : 8 : 4 : 0 : 2 : 2 : 0.6 ：0
raw_queue_event : 4 : 2 : 1741.7903692135653 : 1210 : 4 : 9 : 6 : 0 : 2 : 2 : 0.6 ：0
raw_event_queue_destroy : 1 : 2 : 1501.1730005192321 : 1210 : 5 : 1 : 5 : 0 : 1 : 1 : 1.0 ：0
dev_new : 0 : 2 : 2810.823219790813 : 1210 : 2 : 7 : 1 : 0 : 3 : 1 : 0.8 ：0
raw_event_queue_fetch : 0 : 3 : 13257.133172255917 : 1210 : 3 : 6 : 2 : 0 : 3 : 2 : 0.8 ：0
raw_event_queue_add : 4 : 4 : 11472.846416410322 : 1210 : 5 : 6 : 7 : 0 : 1 : 2 : 0.6 ：0
