sk_psock_stop_verdict : 2 : 2 : 1524.1999747969433 : 0 : 2 : 1 : 1 : 0 : 0 : 1 : 1.0 ：0
sk_psock_start_verdict : 2 : 2 : 653.3333333333334 : 0 : 1 : 60 : 0 : 0 : 0 : 1 : 1.0 ：0
sk_psock_start_strp : 2 : 2 : 653.3333333333334 : 0 : 1 : 16 : 0 : 0 : 0 : 1 : 1.0 ：0
sk_psock_verdict_data_ready : 1 : 4 : 2518.377347874133 : 0 : 2 : 52 : 1 : 0 : 2 : 1 : 1.0 ：0
sk_psock_strp_parse : 2 : 2 : 3166.6304347826085 : 0 : 2 : 7 : 1 : 0 : 4 : 2 : 0.8 ：0
sk_psock_skb_redirect : 2 : 5 : 13120.710194646228 : 0 : 5 : 11 : 8 : 0 : 2 : 2 : 0.6 ：0
sk_psock_init_strp : 2 : 1 : 830.430753936186 : 0 : 1 : 61 : 0 : 0 : 0 : 2 : 1.0 ：0
sk_psock_stop_strp : 2 : 2 : 1135.245118502818 : 0 : 2 : 2 : 1 : 0 : 0 : 1 : 1.0 ：0
sk_psock_strp_data_ready : 1 : 3 : 2197.343278470614 : 0 : 2 : 8 : 1 : 0 : 1 : 3 : 0.8 ：0
sk_psock_verdict_recv : 4 : 7 : 12984.72810765138 : 0 : 3 : 50 : 2 : 0 : 7 : 2 : 0.6 ：0
sk_psock_drop : 2 : 5 : 2892.8377955734027 : 0 : 1 : 33 : 0 : 0 : 0 : 1 : 0.8 ：0
sk_psock_msg_verdict : 3 : 7 : 7296.428873863633 : 0 : 1 : 9 : 0 : 0 : 5 : 3 : 0.6 ：0
sk_psock_destroy : 1 : 2 : 3709.4211885348586 : 0 : 2 : 15 : 1 : 0 : 0 : 1 : 0.8 ：0
sk_psock_strp_read : 2 : 5 : 7134.035950336301 : 0 : 2 : 50 : 1 : 0 : 5 : 2 : 0.8 ：0
sk_psock_map_verd : 2 : 3 : 274.20063226721027 : 0 : 4 : 0 : 7 : 0 : 1 : 2 : 0.8 ：0
sk_psock_tls_verdict_apply : 3 : 4 : 405.7735838768519 : 0 : 2 : 12 : 1 : 0 : 0 : 2 : 1.0 ：0
sk_psock_write_space : 1 : 4 : 2931.4154053959915 : 0 : 2 : 6 : 2 : 0 : 1 : 2 : 0.8 ：0
sk_psock_stop : 2 : 2 : 981.2712556054682 : 0 : 2 : 5 : 1 : 0 : 0 : 1 : 0.8 ：0
sk_psock_link_destroy : 1 : 1 : 980.9910819000816 : 0 : 3 : 3 : 2 : 0 : 0 : 2 : 1.0 ：0
__sk_psock_purge_ingress_msg : 1 : 1 : 1231.7495070428984 : 0 : 0 : 0 : 0 : 0 : 0 : 2 : 1.0 ：0
sk_psock_link_pop : 0 : 2 : 1856.3031508018737 : 0 : 1 : 4 : 0 : 0 : 2 : 1 : 0.8 ：0
sk_psock_verdict_apply : 3 : 14 : 17277.25553424439 : 0 : 4 : 36 : 5 : 0 : 6 : 4 : 0.3999999999999999 ：0
sk_psock_tls_strp_read : 2 : 2 : 3819.5653519539296 : 0 : 1 : 22 : 0 : 0 : 3 : 2 : 0.8 ：0
sk_psock_backlog : 1 : 14 : 25761.45079877874 : 0 : 2 : 53 : 1 : 0 : 9 : 5 : 0.3999999999999999 ：0
sk_psock_init : 0 : 5 : 10288.85122434852 : 0 : 1 : 68 : 0 : 0 : 5 : 2 : 0.8 ：0
sk_psock_skb_ingress_enqueue : 6 : 4 : 7639.142746385617 : 0 : 6 : 5 : 15 : 0 : 2 : 1 : 0.8 ：1
sk_psock_skb_state : 5 : 2 : 1743.000701227378 : 0 : 3 : 4 : 2 : 0 : 0 : 2 : 0.8 ：0
__sk_psock_zap_ingress : 1 : 3 : 3543.5171231791687 : 0 : 0 : 0 : 0 : 0 : 1 : 2 : 1.0 ：0
sk_psock_handle_skb : 5 : 3 : 1222.8721329325722 : 0 : 3 : 30 : 2 : 0 : 0 : 2 : 1.0 ：0
sk_msg_is_readable : 1 : 2 : 1172.1934540418038 : 0 : 1 : 5 : 0 : 0 : 2 : 1 : 0.8 ：1
sk_psock_skb_ingress : 4 : 4 : 9743.964936343842 : 0 : 4 : 27 : 3 : 0 : 4 : 1 : 1.0 ：0
sk_msg_recvmsg : 5 : 19 : 34796.66689026639 : 0 : 1 : 12 : 0 : 0 : 8 : 5 : 0.6 ：0
__sk_msg_free : 4 : 2 : 4842.618354584115 : 0 : 0 : 0 : 0 : 0 : 3 : 2 : 0.8 ：0
__sk_msg_free_partial : 4 : 5 : 9622.730086384876 : 0 : 0 : 0 : 0 : 0 : 2 : 3 : 1.0 ：0
sk_psock_skb_ingress_self : 4 : 3 : 3177.9682951958252 : 0 : 5 : 11 : 10 : 0 : 4 : 1 : 0.8 ：0
sk_msg_memcopy_from_iter : 4 : 10 : 20793.182298477655 : 0 : 1 : 5 : 0 : 0 : 5 : 3 : 0.8 ：0
sk_psock_create_ingress_msg : 0 : 4 : 2709.8300639598388 : 0 : 5 : 5 : 4 : 0 : 5 : 1 : 1.0 ：0
sk_msg_alloc : 4 : 10 : 28829.317913191826 : 0 : 1 : 25 : 0 : 0 : 9 : 4 : 0.6 ：0
sk_msg_clone : 5 : 15 : 26639.507884599912 : 0 : 1 : 7 : 0 : 0 : 3 : 3 : 0.8 ：0
sk_msg_return : 3 : 3 : 3579.44756079653 : 0 : 1 : 2 : 0 : 0 : 3 : 2 : 1.0 ：0
sk_msg_try_coalesce_ok : 2 : 6 : 2667.6 : 0 : 2 : 0 : 1 : 0 : 3 : 1 : 1.0 ：0
sk_msg_free_elem : 4 : 3 : 2869.7468076349446 : 0 : 3 : 5 : 2 : 0 : 3 : 2 : 1.0 ：0
sk_msg_zerocopy_from_iter : 4 : 10 : 30433.65517601028 : 0 : 1 : 9 : 0 : 0 : 4 : 3 : 0.6 ：0
sk_msg_trim : 3 : 12 : 43009.42799680144 : 0 : 2 : 11 : 1 : 0 : 3 : 2 : 0.8 ：0
sk_msg_return_zero : 3 : 5 : 6811.363636363637 : 0 : 1 : 3 : 0 : 0 : 2 : 3 : 1.0 ：0
