clear_ncl : 1 : 1 : 758.9263502625008 : 1192 : 5 : 1 : 8 : 0 : 1 : 1 : 0.8 ：0
nfsdfs_remove_files : 1 : 2 : 1705.1513292897778 : 1192 : 3 : 14 : 4 : 0 : 0 : 3 : 1.0 ：0
nfsd_init_fs_context : 1 : 1 : 675.1111111111111 : 1231 : 1 : 2 : 0 : 0 : 0 : 1 : 1.0 ：0
init_nfsd : 1 : 18 : 13084.968052366117 : 6383 : 1 : 22 : 0 : 0 : 11 : 1 : 0.3999999999999999 ：0
nfsd_exit_net : 1 : 1 : 1223.4031238717525 : 3831 : 1 : 6 : 0 : 0 : 1 : 1 : 1.0 ：0
nfsd_fill_super : 2 : 5 : 26236.827419340683 : 6383 : 2 : 11 : 1 : 0 : 3 : 3 : 0.8 ：0
create_proc_exports_entry : 1 : 3 : 2643.9021240450766 : 5362 : 2 : 3 : 1 : 0 : 1 : 2 : 1.0 ：0
nfsdfs_create_files : 3 : 8 : 13240.358555878454 : 1192 : 2 : 27 : 1 : 0 : 6 : 3 : 0.8 ：0
nfsd_client_mkdir : 0 : 3 : 4047.1201306898183 : 1192 : 1 : 64 : 0 : 0 : 5 : 2 : 1.0 ：0
nfsd_client_rmdir : 1 : 1 : 3551.9009641161106 : 1192 : 2 : 26 : 1 : 0 : 3 : 1 : 0.8 ：0
exit_nfsd : 1 : 1 : 1187.435013464966 : 6383 : 1 : 10 : 0 : 0 : 0 : 1 : 0.8 ：0
__get_nfsdfs_client : 0 : 2 : 544.9950455000452 : 1192 : 0 : 0 : 0 : 0 : 2 : 1 : 1.0 ：0
nfsd_init_net : 1 : 9 : 6311.085242460173 : 3831 : 1 : 9 : 0 : 0 : 7 : 1 : 0.8 ：1
get_nfsdfs_client : 0 : 1 : 553.8017419275075 : 1192 : 1 : 2 : 0 : 0 : 2 : 1 : 0.8 ：0
nfsd_umount : 1 : 1 : 638.4975487680208 : 3522 : 1 : 3 : 0 : 0 : 1 : 1 : 1.0 ：0
nfsdfs_remove_file : 2 : 1 : 1214.1992809259582 : 1192 : 4 : 9 : 5 : 0 : 1 : 1 : 1.0 ：0
nfsd_mkdir : 0 : 6 : 4002.726733710933 : 1192 : 3 : 6 : 3 : 0 : 7 : 1 : 0.8 ：0
__nfsd_mkdir : 4 : 3 : 2389.330969837143 : 1192 : 0 : 0 : 0 : 0 : 1 : 2 : 1.0 ：0
nfsd_get_inode : 0 : 3 : 3882.4685444007077 : 1192 : 3 : 4 : 2 : 0 : 3 : 2 : 1.0 ：0
write_v4_end_grace : 3 : 6 : 3149.113314078177 : 2942 : 1 : 5 : 0 : 0 : 1 : 3 : 1.0 ：0
write_recoverydir : 3 : 1 : 1107.268443924159 : 5023 : 1 : 5 : 0 : 0 : 3 : 1 : 0.8 ：0
__write_recoverydir : 4 : 7 : 7370.138534972798 : 5220 : 0 : 0 : 0 : 0 : 3 : 2 : 0.8 ：0
nfsd4_write_time : 5 : 1 : 613.2945347534176 : 4598 : 2 : 2 : 2 : 0 : 2 : 1 : 0.8 ：0
write_maxconn : 3 : 3 : 2589.6658310256457 : 3013 : 1 : 5 : 0 : 0 : 4 : 2 : 1.0 ：0
write_maxblksize : 3 : 4 : 6300.542684716632 : 5023 : 1 : 9 : 0 : 0 : 5 : 3 : 0.8 ：0
__nfsd4_write_time : 5 : 8 : 7522.79010938133 : 4598 : 0 : 0 : 0 : 0 : 2 : 2 : 0.8 ：0
__write_ports : 4 : 4 : 3086.6622549497783 : 3680 : 0 : 0 : 0 : 0 : 0 : 1 : 1.0 ：0
__write_ports_addxprt : 3 : 13 : 16481.273268799476 : 4910 : 0 : 0 : 0 : 0 : 6 : 2 : 0.8 ：0
write_ports : 3 : 1 : 676.6651025067752 : 3680 : 1 : 4 : 0 : 0 : 2 : 1 : 0.8 ：0
__write_ports_names : 2 : 2 : 994.5374071959634 : 4910 : 0 : 0 : 0 : 0 : 1 : 1 : 1.0 ：0
write_versions : 3 : 1 : 539.3407219029823 : 5023 : 1 : 2 : 0 : 0 : 2 : 1 : 0.8 ：0
__write_ports_addfd : 3 : 8 : 6869.2465749097 : 4910 : 0 : 0 : 0 : 0 : 4 : 2 : 0.8 ：0
__write_versions : 3 : 30 : 67403.95003882005 : 5220 : 0 : 0 : 0 : 0 : 8 : 5 : 0.6 ：0
nfsd_print_version_support : 6 : 8 : 6816.748621995076 : 2048 : 0 : 0 : 0 : 0 : 2 : 1 : 1.0 ：0
write_pool_threads : 3 : 19 : 36542.01580192603 : 5023 : 1 : 13 : 0 : 0 : 13 : 3 : 0.3999999999999999 ：0
write_threads : 3 : 5 : 4634.537097160579 : 5023 : 1 : 6 : 0 : 0 : 6 : 2 : 0.8 ：0
write_filehandle : 3 : 10 : 30713.61263231301 : 5023 : 1 : 9 : 0 : 0 : 7 : 1 : 0.6 ：0
write_unlock_fs : 3 : 5 : 10715.637902337705 : 5023 : 1 : 4 : 0 : 0 : 5 : 1 : 0.6 ：0
write_unlock_ip : 3 : 5 : 8283.6517366048 : 5023 : 1 : 5 : 0 : 0 : 5 : 1 : 0.8 ：0
exports_net_open : 2 : 2 : 1753.4194531504838 : 3522 : 2 : 2 : 2 : 0 : 4 : 1 : 1.0 ：0
nfsctl_transaction_read : 4 : 3 : 2860.496131898034 : 6179 : 1 : 8 : 0 : 0 : 2 : 2 : 1.0 ：0
nfsctl_transaction_write : 4 : 5 : 5531.428571428572 : 6179 : 2 : 6 : 1 : 0 : 4 : 2 : 1.0 ：0
