i2cdev_ioctl_rdwr : 3 : 18 : 66036.83181791898 : 1268 : 3 : 7 : 3 : 0 : 3 : 4 : 0.3999999999999999 ：0
i2c_dev_exit : 1 : 1 : 420.54482383091494 : 5807 : 1 : 18 : 0 : 0 : 0 : 1 : 1.0 ：0
i2c_dev_init : 1 : 7 : 7396.267352119162 : 5807 : 1 : 36 : 0 : 0 : 5 : 2 : 1.0 ：0
compat_i2cdev_ioctl : 3 : 10 : 29983.916053349814 : 1268 : 1 : 55 : 0 : 0 : 7 : 5 : 0.6 ：0
i2cdev_check_mux_children : 2 : 2 : 985.3996056343187 : 3865 : 0 : 4 : 4 : 0 : 2 : 1 : 1.0 ：0
i2cdev_attach_adapter : 2 : 4 : 12917.44214419514 : 3644 : 2 : 25 : 2 : 0 : 4 : 2 : 1.0 ：0
i2cdev_ioctl : 3 : 24 : 40503.12863678753 : 1268 : 2 : 35 : 1 : 0 : 4 : 3 : 0.6 ：1
i2cdev_check_addr : 2 : 3 : 1650.5865002596163 : 4865 : 3 : 13 : 2 : 0 : 3 : 1 : 1.0 ：0
i2cdev_dev_release : 1 : 1 : 781.5328684713987 : 356 : 3 : 2 : 3 : 0 : 1 : 1 : 1.0 ：0
i2cdev_release : 2 : 1 : 741.456438710153 : 5807 : 1 : 2 : 0 : 0 : 1 : 1 : 1.0 ：0
i2cdev_open : 2 : 3 : 6410.435088215785 : 5807 : 1 : 5 : 0 : 0 : 2 : 2 : 1.0 ：0
i2cdev_notifier_call : 3 : 3 : 968.3337229040989 : 3644 : 1 : 39 : 0 : 0 : 1 : 2 : 1.0 ：0
i2cdev_check : 2 : 3 : 919.9170367588939 : 3865 : 0 : 1 : 10 : 0 : 1 : 1 : 0.8 ：0
i2cdev_ioctl_smbus : 5 : 35 : 55431.479678047726 : 1268 : 3 : 4 : 3 : 0 : 2 : 2 : 0.19999999999999996 ：0
i2cdev_detach_adapter : 2 : 3 : 4021.9309089568033 : 3644 : 2 : 12 : 2 : 0 : 2 : 1 : 1.0 ：0
i2cdev_check_mux_parents : 2 : 3 : 1439.4620367309994 : 3865 : 0 : 5 : 4 : 0 : 3 : 1 : 1.0 ：0
get_free_i2c_dev : 0 : 3 : 3517.9210641842515 : 5807 : 3 : 6 : 3 : 0 : 2 : 2 : 0.8 ：0
i2cdev_write : 4 : 3 : 3465.3739647970333 : 5807 : 1 : 8 : 0 : 0 : 4 : 1 : 1.0 ：0
name_show : 3 : 2 : 1045.3714501644233 : 2719 : 1 : 6 : 0 : 0 : 1 : 1 : 1.0 ：0
i2c_dev_get_by_minor : 0 : 3 : 1471.9572916526572 : 1707 : 3 : 3 : 4 : 0 : 3 : 2 : 0.8 ：0
put_i2c_dev : 2 : 2 : 863.5682640871356 : 1749 : 3 : 5 : 6 : 0 : 0 : 1 : 0.6 ：0
i2cdev_read : 4 : 4 : 4464.219932897855 : 5807 : 1 : 7 : 0 : 0 : 4 : 1 : 1.0 ：0
