erspan_setup : 1 : 1 : 1679.7159581004196 : 1744 : 1 : 3 : 0 : 0 : 1 : 1 : 1.0 ：0
ipgre_get_size : 1 : 1 : 10619.515579526802 : 1744 : 1 : 1 : 0 : 0 : 0 : 1 : 1.0 ：0
erspan_tunnel_init : 1 : 2 : 5419.768737574938 : 1744 : 1 : 4 : 0 : 0 : 1 : 1 : 1.0 ：0
ipgre_fini : 1 : 1 : 652.1361169449405 : 6255 : 1 : 3 : 0 : 0 : 0 : 1 : 1.0 ：0
erspan_netlink_parms : 5 : 14 : 16113.33493820952 : 809 : 2 : 14 : 2 : 0 : 3 : 3 : 0.8 ：0
ipgre_changelink : 4 : 4 : 8797.661374954383 : 809 : 1 : 23 : 0 : 0 : 7 : 1 : 1.0 ：0
ipgre_newlink_encap_setup : 2 : 3 : 1389.6382329007147 : 809 : 3 : 6 : 5 : 0 : 4 : 2 : 1.0 ：0
ipgre_init : 1 : 14 : 8654.996695760105 : 5160 : 1 : 7 : 0 : 0 : 9 : 2 : 0.6 ：0
erspan_changelink : 4 : 4 : 6504.456521739129 : 809 : 1 : 24 : 0 : 0 : 7 : 1 : 1.0 ：0
gretap_fb_dev_create : 0 : 7 : 14363.487888881082 : 2487 : 1 : 29 : 0 : 0 : 7 : 2 : 0.8 ：0
gre_tap_init : 1 : 1 : 456.8825906469125 : 3354 : 1 : 2 : 0 : 0 : 0 : 1 : 1.0 ：0
ipgre_netlink_encap_parms : 2 : 6 : 9192.857142857143 : 809 : 4 : 3 : 6 : 0 : 3 : 2 : 0.6 ：0
ipgre_tap_setup : 1 : 1 : 997.8767904307476 : 4983 : 1 : 2 : 0 : 0 : 0 : 1 : 1.0 ：0
ipgre_newlink : 5 : 3 : 2186.859483131312 : 809 : 2 : 18 : 1 : 0 : 5 : 1 : 1.0 ：0
ipgre_fill_info : 2 : 37 : 27397.728166726683 : 1744 : 1 : 10 : 0 : 2 : 9 : 3 : 0.6 ：0
erspan_newlink : 5 : 3 : 2089.88562369834 : 809 : 1 : 23 : 0 : 0 : 5 : 1 : 1.0 ：0
erspan_validate : 3 : 13 : 14603.673798687112 : 1744 : 1 : 12 : 0 : 0 : 3 : 1 : 0.8 ：0
ipgre_netlink_parms : 5 : 20 : 34718.99982159495 : 809 : 3 : 9 : 6 : 0 : 1 : 2 : 0.3999999999999999 ：0
ipgre_tap_validate : 3 : 8 : 4997.668071627277 : 1744 : 2 : 7 : 1 : 0 : 2 : 2 : 0.8 ：0
ipgre_header : 6 : 4 : 11202.753681443735 : 338 : 1 : 5 : 0 : 0 : 3 : 1 : 1.0 ：0
gre_tap_xmit : 2 : 8 : 6196.302985515889 : 3354 : 1 : 22 : 0 : 0 : 7 : 2 : 0.6 ：0
ipgre_tunnel_validate : 3 : 8 : 4765.902535262241 : 4983 : 3 : 2 : 2 : 0 : 1 : 1 : 0.8 ：0
ipgre_tunnel_ctl : 3 : 11 : 11947.751628911905 : 743 : 1 : 10 : 0 : 0 : 3 : 2 : 0.8 ：0
ipgre_close : 1 : 4 : 2787.2537800729765 : 6255 : 1 : 4 : 0 : 0 : 2 : 2 : 1.0 ：0
__gre_tunnel_init : 1 : 4 : 8572.291452748163 : 3354 : 0 : 0 : 0 : 0 : 2 : 1 : 1.0 ：0
ipgre_tunnel_init : 1 : 7 : 10925.95032377923 : 6255 : 1 : 5 : 0 : 0 : 2 : 3 : 0.8 ：0
ipgre_open : 1 : 4 : 9254.83624097745 : 6255 : 1 : 7 : 0 : 0 : 3 : 2 : 1.0 ：0
ipgre_link_update : 2 : 6 : 9605.065409324667 : 1665 : 2 : 3 : 2 : 0 : 3 : 2 : 1.0 ：0
gre_fill_metadata_dst : 2 : 3 : 7388.187866294594 : 1744 : 1 : 10 : 0 : 0 : 4 : 1 : 1.0 ：0
erspan_xmit : 2 : 15 : 22026.981049766076 : 1744 : 1 : 39 : 0 : 1 : 9 : 2 : 0.3999999999999999 ：0
ipgre_xmit : 2 : 13 : 15753.315572124922 : 3354 : 1 : 24 : 0 : 0 : 11 : 2 : 0.6 ：1
erspan_fb_xmit : 2 : 22 : 37566.48359006091 : 1738 : 2 : 27 : 1 : 1 : 15 : 2 : 0.3999999999999999 ：0
gre_fb_xmit : 3 : 9 : 11836.802807801509 : 2487 : 2 : 14 : 2 : 0 : 8 : 1 : 0.8 ：0
__gre_xmit : 4 : 1 : 2871.296808493346 : 1744 : 0 : 0 : 0 : 0 : 2 : 1 : 1.0 ：0
gre_rcv : 1 : 11 : 9014.838239974555 : 2219 : 1 : 32 : 0 : 0 : 6 : 2 : 0.8 ：0
erspan_rcv : 3 : 9 : 39560.84203020723 : 1744 : 2 : 18 : 1 : 0 : 18 : 3 : 0.6 ：0
ipgre_rcv : 3 : 4 : 6527.4596802089845 : 2219 : 2 : 3 : 1 : 0 : 4 : 2 : 1.0 ：0
ipgre_err : 3 : 23 : 47026.0934467907 : 6255 : 2 : 8 : 1 : 0 : 6 : 3 : 0.6 ：0
gre_err : 2 : 7 : 12903.987790925705 : 2487 : 1 : 15 : 0 : 0 : 4 : 2 : 1.0 ：0
__ipgre_rcv : 5 : 10 : 13224.261219822023 : 2219 : 0 : 0 : 0 : 0 : 11 : 3 : 0.8 ：0
is_erspan_type1 : 1 : 2 : 1848.5935993069659 : 757 : 3 : 0 : 2 : 0 : 1 : 1 : 1.0 ：0
