bch2_disable_encryption : 1 : 7 : 7901.289244876103 : 0 : 1 : 43 : 0 : 0 : 7 : 1 : 0.8 ：0
bch2_enable_encryption : 2 : 14 : 22536.95521646509 : 0 : 1 : 49 : 0 : 0 : 11 : 3 : 0.3999999999999999 ：0
__bch2_request_key : 2 : 3 : 4471.66453272175 : 0 : 0 : 0 : 0 : 0 : 4 : 2 : 1.0 ：0
bch2_fs_encryption_init : 1 : 11 : 9656.676515081172 : 0 : 1 : 49 : 0 : 0 : 9 : 2 : 0.8 ：0
bch2_alloc_ciphers : 1 : 5 : 6975.618333063962 : 0 : 2 : 5 : 2 : 0 : 3 : 2 : 0.8 ：0
bch2_fs_encryption_exit : 1 : 4 : 1499.1460005601816 : 0 : 1 : 3 : 0 : 0 : 0 : 1 : 0.8 ：0
bch2_decrypt_sb_key : 3 : 9 : 10155.890157188978 : 0 : 2 : 35 : 2 : 0 : 8 : 2 : 0.8 ：0
bch2_revoke_key : 1 : 2 : 1841.6666666666667 : 0 : 1 : 5 : 0 : 0 : 3 : 1 : 1.0 ：0
bch2_sb_crypt_to_text : 3 : 1 : 3811.534340332632 : 0 : 1 : 7 : 0 : 0 : 1 : 1 : 1.0 ：0
bch2_checksum : 5 : 9 : 6682.39375651764 : 0 : 1 : 38 : 0 : 0 : 3 : 4 : 1.0 ：0
bch2_checksum_merge : 4 : 2 : 4388.386581164027 : 0 : 2 : 18 : 1 : 0 : 3 : 2 : 1.0 ：0
gen_poly_key : 3 : 2 : 3728.465218656248 : 0 : 2 : 20 : 1 : 0 : 2 : 1 : 1.0 ：0
bch2_rechecksum_bio : 9 : 12 : 69943.8575046298 : 0 : 1 : 35 : 0 : 0 : 9 : 4 : 0.6 ：0
__bch2_encrypt_bio : 4 : 4 : 15179.72300147221 : 0 : 0 : 0 : 0 : 0 : 5 : 3 : 1.0 ：0
do_encrypt : 4 : 4 : 13880.467168273362 : 0 : 4 : 16 : 8 : 0 : 7 : 3 : 0.6 ：0
bch2_checksum_final : 1 : 7 : 1271.5629335333338 : 0 : 3 : 2 : 3 : 0 : 0 : 2 : 1.0 ：0
bch2_request_key : 2 : 2 : 3938.503743885482 : 0 : 3 : 5 : 4 : 0 : 5 : 2 : 1.0 ：0
bch2_chacha_encrypt_key : 4 : 4 : 5100.985543067164 : 0 : 3 : 23 : 4 : 0 : 4 : 2 : 1.0 ：0
bch2_sb_crypt_validate : 3 : 3 : 3662.057502388819 : 0 : 1 : 4 : 0 : 0 : 1 : 2 : 1.0 ：0
bch2_encrypt : 5 : 2 : 413.9598274159095 : 0 : 1 : 18 : 0 : 0 : 0 : 1 : 1.0 ：0
bch2_checksum_init : 1 : 7 : 2110.169022012756 : 0 : 3 : 2 : 3 : 0 : 0 : 2 : 1.0 ：0
do_encrypt_sg : 4 : 2 : 1522.7527225678507 : 0 : 5 : 5 : 9 : 0 : 2 : 1 : 0.8 ：1
bch2_checksum_update : 3 : 7 : 2813.0023286072033 : 0 : 3 : 4 : 3 : 0 : 0 : 2 : 1.0 ：0
__bch2_checksum_bio : 5 : 9 : 29401.29271433493 : 0 : 0 : 0 : 0 : 0 : 6 : 4 : 0.8 ：0
